1345309.000000
1442561.000000
1378071.000000
1369294.000000
1267330.000000
1341783.000000
1464158.000000
1354862.000000
1323063.000000
1210353.000000
1362478.000000
1288664.000000
1283350.000000
1334055.000000
1195241.000000
1268689.000000
1351747.000000
1301160.000000
1482518.000000
1400263.000000
1305717.000000
1365848.000000
1235772.000000
1197253.000000
1105112.000000
1400420.000000
1491751.000000
1089175.000000
1180961.000000
1179528.000000
1132992.000000
1196049.000000
1241126.000000
1079148.000000
1166536.000000
1177623.000000
1135428.000000
1189838.000000
1301769.000000
1375505.000000
1557103.000000
1372012.000000
1343598.000000
1410474.000000
1517794.000000
1456201.000000
1557815.000000
1411208.000000
1505016.000000
1383770.000000
1351354.000000
1457910.000000
1349475.000000
1414561.000000
1403301.000000
1581686.000000
1420198.000000
1356971.000000
1246315.000000
1356914.000000
1566396.000000
1381981.000000
1362089.000000
1303195.000000
1402905.000000
1452147.000000
1521760.000000
1336460.000000
1412870.000000
1299876.000000
1288856.000000
1228807.000000
1221957.000000
1211002.000000
1267981.000000
1246081.000000
1404663.000000
1339874.000000
1372607.000000
1291879.000000
1322876.000000
1421859.000000
1472179.000000
1562815.000000
1504267.000000
1391353.000000
1272554.000000
1125027.000000
1367308.000000
1457069.000000
1404694.000000
1185286.000000
1491748.000000
1166499.000000
1051804.000000
1106076.000000
1085882.000000
1149940.000000
1118797.000000
1200668.000000
1558369.000000
1493423.000000
1231133.000000
1150764.000000
1127843.000000
1139968.000000
1143582.000000
1157838.000000
1105300.000000
1117340.000000
1083519.000000
1116646.000000
1109389.000000
1155554.000000
1103418.000000
1129846.000000
1122814.000000
1143860.000000
1152567.000000
1340460.000000
1251991.000000
1268682.000000
1058000.000000
1080359.000000
1064195.000000
1043849.000000
1050079.000000
1201868.000000
1043473.000000
1052589.000000
1040017.000000
1046188.000000
1275755.000000
1056968.000000
1076502.000000
1124440.000000
1044562.000000
1043650.000000
1091501.000000
1094336.000000
1251051.000000
1039458.000000
1068189.000000
1205702.000000
1592339.000000
1401999.000000
1437084.000000
1376954.000000
1227249.000000
1404959.000000
1365720.000000
1519999.000000
1422476.000000
1278057.000000
1351941.000000
1431736.000000
1310127.000000
1303505.000000
1337696.000000
1287535.000000
1315415.000000
1357615.000000
1308985.000000
1367997.000000
1297802.000000
1288477.000000
1552947.000000
1402706.000000
1271521.000000
1549181.000000
1362512.000000
1281614.000000
1354010.000000
1265174.000000
1328818.000000
1331052.000000
1305515.000000
1307168.000000
1366133.000000
1323722.000000
1370680.000000
1380390.000000
1396219.000000
1335737.000000
1325382.000000
1423559.000000
1357807.000000
1386149.000000
1520948.000000
1390364.000000
1330699.000000
1297877.000000
1317849.000000
1538123.000000
1273427.000000
1283414.000000
1259725.000000
1276534.000000
1262575.000000
1449478.000000
1280167.000000
1317968.000000
1347310.000000
1378618.000000
1561155.000000
1477378.000000
1485040.000000
1334825.000000
1347186.000000
1417655.000000
1341313.000000
1322496.000000
1430532.000000
1345354.000000
1317982.000000
1299254.000000
1358624.000000
1328243.000000
1477052.000000
1524857.000000
1379638.000000
1462414.000000
1312499.000000
1311484.000000
1583301.000000
1293119.000000
1337315.000000
1312607.000000
1333798.000000
1409742.000000
1327503.000000
1375274.000000
1410537.000000
1467869.000000
1412487.000000
1373751.000000
1380768.000000
1496491.000000
1352951.000000
1506356.000000
1421943.000000
1504979.000000
1381264.000000
1590430.000000
1497598.000000
1485658.000000
1392056.000000
1404976.000000
1161912.000000
1227290.000000
1331750.000000
1583118.000000
1386518.000000
1482420.000000
1576035.000000
1475489.000000
1568437.000000
1374042.000000
1211440.000000
1174485.000000
1253116.000000
1217002.000000
1108678.000000
1126874.000000
1115824.000000
1103212.000000
1103397.000000
1111242.000000
1269748.000000
1215318.000000
1067287.000000
1088953.000000
1478277.000000
1079950.000000
1055259.000000
1100045.000000
1470360.000000
1457523.000000
1401184.000000
1402479.000000
1444990.000000
1382200.000000
1423350.000000
1404058.000000
1367908.000000
1371844.000000
1494558.000000
1424373.000000
1345623.000000
1311996.000000
1326439.000000
1325146.000000
1418768.000000
1243191.000000
1229576.000000
1465592.000000
1571962.000000
1483571.000000
1562690.000000
1480832.000000
1570213.000000
1377882.000000
1391302.000000
1448029.000000
1353114.000000
1346832.000000
1456976.000000
1514157.000000
1404827.000000
1433377.000000
1324548.000000
1309785.000000
1452979.000000
1255729.000000
1312500.000000
1319592.000000
1408586.000000
1517693.000000
1406288.000000
1447241.000000
1374762.000000
1315591.000000
1578981.000000
1293701.000000
1440433.000000
1321845.000000
1346088.000000
1349951.000000
1242911.000000
1312846.000000
1352114.000000
1279970.000000
1377512.000000
1439211.000000
1576853.000000
1454482.000000
1470130.000000
1355119.000000
1305272.000000
1262179.000000
1315303.000000
1261884.000000
1276506.000000
1285915.000000
1336213.000000
1288100.000000
1216337.000000
1524403.000000
1301625.000000
1229127.000000
1254763.000000
1223704.000000
1229886.000000
1174960.000000
1313561.000000
1405219.000000
1290034.000000
1416992.000000
1325718.000000
1532451.000000
1231369.000000
1297942.000000
1565050.000000
1299220.000000
1245638.000000
1245736.000000
1203312.000000
1293173.000000
1413109.000000
1194938.000000
1188362.000000
1425653.000000
1206775.000000
1237113.000000
1242902.000000
1233707.000000
1296581.000000
1289019.000000
1336791.000000
1429780.000000
1342602.000000
1300094.000000
1315081.000000
1240119.000000
1320413.000000
1315255.000000
1304106.000000
1444412.000000
1280191.000000
1261031.000000
1304012.000000
1254583.000000
1305139.000000
1224116.000000
1375749.000000
1281503.000000
1374733.000000
1423946.000000
1268933.000000
1243624.000000
1248542.000000
1231071.000000
1251209.000000
1543265.000000
1312812.000000
1422588.000000
1527813.000000
1377869.000000
1381041.000000
1379321.000000
1236603.000000
1426961.000000
1306715.000000
1312861.000000
1327484.000000
1261436.000000
1488199.000000
1587720.000000
1593114.000000
1435605.000000
1303101.000000
1506159.000000
1421219.000000
1346375.000000
1318471.000000
1373305.000000
1564638.000000
1423942.000000
1551613.000000
1525402.000000
1549278.000000
1513215.000000
1434685.000000
1330825.000000
1461270.000000
1239273.000000
1254874.000000
1263989.000000
1443326.000000
1427544.000000
1438823.000000
1266599.000000
1421799.000000
1349013.000000
1579296.000000
1407393.000000
1431997.000000
1474728.000000
1448710.000000
1482791.000000
1366939.000000
1338211.000000
1355632.000000
1351548.000000
1390440.000000
1389075.000000
1242604.000000
1255444.000000
1481472.000000
1480340.000000
1331562.000000
1364815.000000
1439335.000000
1420992.000000
1476480.000000
1404472.000000
1389641.000000
1532633.000000
1431518.000000
1490657.000000
1551052.000000
1476270.000000
1327169.000000
1078552.000000
1078972.000000
1107386.000000
1117976.000000
1117239.000000
1085220.000000
1083438.000000
1134760.000000
1112299.000000
1572183.000000
1108750.000000
1115618.000000
1136362.000000
1200767.000000
1158011.000000
1123691.000000
1108792.000000
1167556.000000
1226793.000000
1120209.000000
1150620.000000
1209732.000000
1107221.000000
1132797.000000
1254894.000000
1108892.000000
1127786.000000
1159342.000000
1112014.000000
1155507.000000
1180614.000000
1145053.000000
1162874.000000
1139756.000000
1097455.000000
1241476.000000
1092694.000000
1078805.000000
1210589.000000
1133343.000000
1183171.000000
1325622.000000
1228252.000000
1194036.000000
1331892.000000
1478522.000000
1478543.000000
1486286.000000
1550586.000000
1396562.000000
1270855.000000
1176009.000000
1208437.000000
1268806.000000
1222260.000000
1166736.000000
1193955.000000
1230992.000000
1306871.000000
1148759.000000
1360529.000000
1246379.000000
1262601.000000
1240438.000000
1312768.000000
1188863.000000
1146427.000000
1165236.000000
1260361.000000
1218594.000000
1279894.000000
1213260.000000
1247340.000000
1274548.000000
1183997.000000
1173844.000000
1275398.000000
1280095.000000
1258456.000000
1161549.000000
1154626.000000
1185179.000000
1154350.000000
1199873.000000
1184017.000000
1122545.000000
1150410.000000
1132072.000000
1228882.000000
1323367.000000
1157066.000000
1379469.000000
1402035.000000
1233059.000000
1331213.000000
1538452.000000
1339411.000000
1105893.000000
1099522.000000
1082626.000000
1240942.000000
1089142.000000
1085555.000000
1111318.000000
1096636.000000
1081706.000000
1440927.000000
1172511.000000
1101432.000000
1217696.000000
1300555.000000
1097511.000000
1254381.000000
1187593.000000
1082861.000000
1066866.000000
1093412.000000
1086305.000000
1095423.000000
1094649.000000
1133389.000000
1087008.000000
1068738.000000
1047586.000000
1043646.000000
1105122.000000
1087834.000000
1252888.000000
1159921.000000
1055282.000000
1082957.000000
1088375.000000
1093806.000000
1091807.000000
1100807.000000
1311253.000000
1429315.000000
1281257.000000
1226814.000000
1225651.000000
1258718.000000
1214798.000000
1509759.000000
1319933.000000
1559334.000000
1523231.000000
1560848.000000
1471108.000000
1495380.000000
1511042.000000
1226432.000000
1275506.000000
1394921.000000
1221397.000000
1577334.000000
1482968.000000
1375336.000000
1197330.000000
1378400.000000
1302765.000000
1248859.000000
1225836.000000
1306760.000000
1256487.000000
1352318.000000
1423231.000000
1251380.000000
1330155.000000
1451478.000000
1372861.000000
1254238.000000
1360564.000000
1419388.000000
1227301.000000
1261815.000000
1222777.000000
1370793.000000
1259279.000000
1276878.000000
1422234.000000
1396976.000000
1386673.000000
1531310.000000
1442701.000000
1353465.000000
1493341.000000
1394697.000000
1444362.000000
1473498.000000
1500503.000000
1328704.000000
1325360.000000
1368175.000000
1390226.000000
1448975.000000
1483117.000000
1357810.000000
1415309.000000
1324319.000000
1264567.000000
1339611.000000
1565816.000000
1299141.000000
1274259.000000
1343343.000000
1444620.000000
1537161.000000
1487522.000000
1522586.000000
1568130.000000
1572048.000000
1521527.000000
1499189.000000
1257788.000000
1242876.000000
1246836.000000
1237054.000000
1291665.000000
1225109.000000
1354463.000000
1424567.000000
1251543.000000
1404830.000000
1254461.000000
1197479.000000
1310387.000000
1428429.000000
1426031.000000
1570941.000000
1570430.000000
1596524.000000
1579115.000000
1586658.000000
1515734.000000
1544281.000000
1479318.000000
1504421.000000
1510549.000000
1462283.000000
1492927.000000
1568547.000000
1523147.000000
1414358.000000
1517066.000000
1493148.000000
1484120.000000
1465434.000000
1477998.000000
1480538.000000
1463096.000000
1452209.000000
1453812.000000
1477743.000000
1513349.000000
1486633.000000
1474944.000000
1514911.000000
1464896.000000
1469261.000000
1559822.000000
1518241.000000
1441353.000000
1430283.000000
1513643.000000
1471565.000000
1502781.000000
1442653.000000
1476839.000000
1477774.000000
1515251.000000
1472877.000000
1461518.000000
1539476.000000
1528833.000000
1540643.000000
1599712.000000
1559905.000000
1597293.000000
1571393.000000
1438308.000000
1289170.000000
1260873.000000
1327712.000000
1291558.000000
1267371.000000
1317535.000000
1369679.000000
1261364.000000
1237221.000000
1554105.000000
1322547.000000
1369592.000000
1243115.000000
1317680.000000
1317818.000000
1314585.000000
1248586.000000
1417102.000000
1226236.000000
1222666.000000
1287655.000000
1444254.000000
1480789.000000
1352420.000000
1461997.000000
1413735.000000
1361609.000000
1393634.000000
1346039.000000
1546930.000000
1355170.000000
1495851.000000
1292727.000000
1280374.000000
1295102.000000
1257647.000000
1177291.000000
1223818.000000
1222318.000000
1188235.000000
1234880.000000
1359086.000000
1432277.000000
1307654.000000
1316087.000000
1358609.000000
1314781.000000
1343264.000000
1290549.000000
1453987.000000
1256469.000000
1332364.000000
1263184.000000
1267837.000000
1206271.000000
1258731.000000
1212169.000000
1468202.000000
1352612.000000
1224660.000000
1310780.000000
1161176.000000
1276694.000000
1308219.000000
1218328.000000
1191599.000000
1442790.000000
1218921.000000
1307075.000000
1378341.000000
1411172.000000
1326684.000000
1394693.000000
1447235.000000
1497656.000000
1331791.000000
1280327.000000
1237586.000000
1218796.000000
1494895.000000
1303289.000000
1519919.000000
1287887.000000
1375667.000000
1300598.000000
1448294.000000
1353590.000000
1337943.000000
1360625.000000
1320855.000000
1537845.000000
1382045.000000
1396959.000000
1409076.000000
1377378.000000
1426851.000000
1411971.000000
1375552.000000
1396003.000000
1386210.000000
1447385.000000
1434981.000000
1384213.000000
1261588.000000
1423136.000000
1474207.000000
1302665.000000
1452291.000000
1273022.000000
1386371.000000
1295959.000000
1381033.000000
1307820.000000
1485865.000000
1276960.000000
1481916.000000
1449836.000000
1353395.000000
1376169.000000
1266232.000000
1221375.000000
1262518.000000
1548537.000000
1309329.000000
1230952.000000
1271416.000000
1240818.000000
1252269.000000
1222251.000000
1261054.000000
1325414.000000
1304938.000000
1270730.000000
1594070.000000
1301835.000000
1259024.000000
1380492.000000
1451229.000000
1417073.000000
1212911.000000
1178714.000000
1165916.000000
1284221.000000
1227797.000000
1163194.000000
1158445.000000
1217996.000000
1512014.000000
1211419.000000
1179751.000000
1307948.000000
1268943.000000
1304557.000000
1449385.000000
1314599.000000
1300547.000000
1364294.000000
1269542.000000
1376284.000000
1317569.000000
1428567.000000
1408410.000000
1417109.000000
1303239.000000
1412629.000000
1296550.000000
1362090.000000
1473890.000000
1313637.000000
1446347.000000
1465250.000000
1495013.000000
1300400.000000
1585029.000000
1343028.000000
1366649.000000
1279511.000000
1365706.000000
1297881.000000
1293990.000000
1370242.000000
1319192.000000
1339244.000000
1351625.000000
1386342.000000
1396919.000000
1463818.000000
1391597.000000
1401289.000000
1596999.000000
1316572.000000
1328438.000000
1351849.000000
1318516.000000
1349614.000000
1337703.000000
1364376.000000
1323099.000000
1285272.000000
1282982.000000
1457044.000000
1226241.000000
1589080.000000
1219311.000000
1296951.000000
1157866.000000
1117779.000000
1122621.000000
1167614.000000
1146018.000000
1219821.000000
1168404.000000
1333516.000000
1159609.000000
1193002.000000
1190526.000000
1134835.000000
1236260.000000
1184783.000000
1322946.000000
1148286.000000
1187122.000000
1166878.000000
1310315.000000
1336447.000000
1125816.000000
1426976.000000
1450775.000000
1286650.000000
1110604.000000
1315912.000000
1158748.000000
1251948.000000
1146767.000000
1567573.000000
1097490.000000
1284069.000000
1192812.000000
1138338.000000
1257125.000000
1181262.000000
1201794.000000
1276347.000000
1109558.000000
1212943.000000
1088393.000000
1168842.000000
1135417.000000
1538712.000000
1404378.000000
1526864.000000
1372844.000000
1397086.000000
1329619.000000
1244074.000000
1306031.000000
1318318.000000
1515015.000000
1338338.000000
1290789.000000
1422018.000000
1459643.000000
1295603.000000
1408073.000000
1189103.000000
1324134.000000
1495186.000000
1290635.000000
1347042.000000
1548919.000000
1479625.000000
1200286.000000
1268575.000000
1251363.000000
1295937.000000
1382184.000000
1223439.000000
1200563.000000
1205717.000000
1181425.000000
1225261.000000
1460242.000000
1307224.000000
1263316.000000
1167831.000000
1281095.000000
1249661.000000
1424489.000000
1211949.000000
1311476.000000
1470479.000000
1245055.000000
1311895.000000
1357856.000000
1240371.000000
1389212.000000
1270835.000000
1482749.000000
1202331.000000
1300487.000000
1361262.000000
1271905.000000
1452467.000000
1343165.000000
1450751.000000
1205339.000000
1234678.000000
1306601.000000
1211983.000000
1430246.000000
1325126.000000
1418020.000000
1284783.000000
1337544.000000
1299550.000000
1272065.000000
1294310.000000
1271090.000000
1174860.000000
1167156.000000
1243866.000000
1226525.000000
1436669.000000
1416925.000000
1439843.000000
1346023.000000
1277395.000000
1584731.000000
1304293.000000
1283487.000000
1137011.000000
1167510.000000
1282762.000000
1178882.000000
1212353.000000
1411764.000000
1261523.000000
1195084.000000
1154335.000000
1162243.000000
1258940.000000
1301805.000000
1444697.000000
1401938.000000
1301228.000000
1235634.000000
1214433.000000
1421093.000000
1346086.000000
1326831.000000
1317177.000000
1236468.000000
1297635.000000
1213599.000000
1321954.000000
1282193.000000
1387883.000000
1427597.000000
1363818.000000
1323991.000000
1412941.000000
1286133.000000
1300807.000000
1421218.000000
1340808.000000
1380766.000000
1260983.000000
1306693.000000
1306571.000000
1257096.000000
1483611.000000
1368021.000000
1496833.000000
1320340.000000
1315432.000000
1264561.000000
1467948.000000
1281482.000000
1262514.000000
1277365.000000
1478895.000000
1511926.000000
1406037.000000
1221806.000000
1312826.000000
1468787.000000
1312346.000000
1490178.000000
1575919.000000
1281937.000000
1317865.000000
1307234.000000
1403204.000000
1326448.000000
1402709.000000
1425890.000000
1374955.000000
1478686.000000
1467039.000000
1228543.000000
1348905.000000
1231675.000000
1533341.000000
1287819.000000
1270938.000000
1353254.000000
1298561.000000
1479121.000000
1280163.000000
1268104.000000
1315986.000000
1325069.000000
1271400.000000
1304057.000000
1320004.000000
1343733.000000
1570586.000000
1528410.000000
1312317.000000
1341801.000000
1190624.000000
1403607.000000
1286690.000000
1294270.000000
1298165.000000
1367773.000000
1280634.000000
1411237.000000
1334891.000000
1303564.000000
1210978.000000
1393721.000000
1290521.000000
1191583.000000
1247251.000000
1169574.000000
1171102.000000
1144019.000000
1304717.000000
1333893.000000
1587990.000000
1518304.000000
1283819.000000
1412224.000000
1349594.000000
1244514.000000
1289047.000000
1292774.000000
1366307.000000
1389269.000000
1433131.000000
1338218.000000
1415665.000000
1343554.000000
1363451.000000
1368255.000000
1468236.000000
1470485.000000
1474067.000000
1384670.000000
1377769.000000
1400890.000000
1474674.000000
1594486.000000
1500679.000000
1459439.000000
1496733.000000
1497711.000000
1530229.000000
1514955.000000
1520763.000000
1409506.000000
1438031.000000
1458371.000000
1483280.000000
1481996.000000
1551641.000000
1423006.000000
1460226.000000
1412871.000000
1515220.000000
1516674.000000
1382560.000000
1383521.000000
1560600.000000
1548640.000000
1501273.000000
1247727.000000
1426005.000000
1285945.000000
1253868.000000
1411604.000000
1419460.000000
1302758.000000
1435725.000000
1523636.000000
1280149.000000
1368742.000000
1464015.000000
1317211.000000
1374573.000000
1486620.000000
1463615.000000
1464560.000000
1403779.000000
1508380.000000
1460979.000000
1485632.000000
1406788.000000
1363718.000000
1409310.000000
1465394.000000
1594313.000000
1385827.000000
1374275.000000
1498453.000000
1449634.000000
1522931.000000
1437199.000000
1450074.000000
1391366.000000
1489217.000000
1403495.000000
1444786.000000
1393421.000000
1478782.000000
1482400.000000
1404071.000000
1302527.000000
1346231.000000
1332597.000000
1374069.000000
1482791.000000
1292256.000000
1307714.000000
1341525.000000
1511717.000000
1570725.000000
1535192.000000
1433360.000000
1504369.000000
1366521.000000
1337066.000000
1335903.000000
1583829.000000
1367555.000000
1372558.000000
1263999.000000
1449865.000000
1485429.000000
1569697.000000
1427412.000000
1343378.000000
1391072.000000
1473931.000000
1591373.000000
1411211.000000
1390473.000000
1499782.000000
1515855.000000
1476054.000000
1387969.000000
1323057.000000
1504249.000000
1375432.000000
1500544.000000
1514823.000000
1481747.000000
1385210.000000
1484610.000000
1522038.000000
1464620.000000
1415246.000000
1171668.000000
1304266.000000
1267487.000000
1151604.000000
1088949.000000
1099658.000000
1115257.000000
1124867.000000
1111976.000000
1208956.000000
1076927.000000
1093194.000000
1113501.000000
1080318.000000
1153624.000000
1147696.000000
1086756.000000
1131129.000000
1082089.000000
1162387.000000
1227754.000000
1161330.000000
1144794.000000
1170909.000000
1111249.000000
1323520.000000
1189252.000000
1096832.000000
1086008.000000
1074678.000000
1085731.000000
1064914.000000
1106977.000000
1138694.000000
1071942.000000
1482725.000000
1118224.000000
1103956.000000
1528820.000000
1124117.000000
1099063.000000
1409655.000000
1106330.000000
1171721.000000
1193623.000000
1114465.000000
1346590.000000
1118737.000000
1081912.000000
1105246.000000
1120644.000000
1104944.000000
1085949.000000
1093849.000000
1125019.000000
1346636.000000
1142669.000000
1126644.000000
1171573.000000
1130939.000000
1337320.000000
1069830.000000
1068607.000000
1069461.000000
1090255.000000
1058963.000000
1056833.000000
1060080.000000
1135855.000000
1359210.000000
1193285.000000
1087240.000000
1078310.000000
1030184.000000
1487674.000000
1084796.000000
1072576.000000
1055128.000000
1055680.000000
1093526.000000
1073860.000000
1092558.000000
1148155.000000
1098106.000000
1102599.000000
1074710.000000
1051878.000000
1095613.000000
1097812.000000
1069373.000000
1090598.000000
1115960.000000
1086739.000000
1067952.000000
1224476.000000
1045771.000000
1064519.000000
1090959.000000
1083106.000000
1083068.000000
1081284.000000
1073066.000000
1118876.000000
1051383.000000
1475202.000000
1055350.000000
1093196.000000
1072524.000000
1066252.000000
1061855.000000
1082720.000000
1070529.000000
1093132.000000
1124004.000000
1078052.000000
1403092.000000
1063691.000000
1076856.000000
1067128.000000
1081894.000000
1065453.000000
1082021.000000
1068028.000000
1065284.000000
1069916.000000
1080849.000000
1074434.000000
1075520.000000
1066130.000000
1069979.000000
1081080.000000
1093081.000000
1112154.000000
1171204.000000
1168602.000000
1125066.000000
1134614.000000
1276854.000000
1170619.000000
1165703.000000
1158324.000000
1180122.000000
1336411.000000
1083946.000000
1227136.000000
1112359.000000
1105561.000000
1186394.000000
1379026.000000
1085086.000000
1252586.000000
1120408.000000
1143719.000000
1211842.000000
1205325.000000
1100061.000000
1221741.000000
1124847.000000
1130082.000000
1090517.000000
1123284.000000
1121174.000000
1111467.000000
1438019.000000
1139887.000000
1098186.000000
1129278.000000
1153092.000000
1168324.000000
1118020.000000
1322551.000000
1361783.000000
1130947.000000
1133687.000000
1114046.000000
1138567.000000
1140551.000000
1103074.000000
1121406.000000
1095205.000000
1126666.000000
1139195.000000
1116729.000000
1116630.000000
1116720.000000
1114844.000000
1107896.000000
1109241.000000
1132000.000000
1136105.000000
1110533.000000
1526462.000000
1116378.000000
1112165.000000
1111318.000000
1341809.000000
1287254.000000
1106786.000000
1130966.000000
1117386.000000
1112012.000000
1094940.000000
1090114.000000
1085737.000000
1102133.000000
1103779.000000
1110448.000000
1087457.000000
1106135.000000
1108401.000000
1117207.000000
1085684.000000
1104679.000000
1110263.000000
1101787.000000
1298687.000000
1139098.000000
1141979.000000
1102015.000000
1113006.000000
1089751.000000
1090983.000000
1105914.000000
1384340.000000
1092423.000000
1460589.000000
1128938.000000
1119089.000000
1397002.000000
1119175.000000
1128042.000000
1101861.000000
1147615.000000
1143801.000000
1087881.000000
1147694.000000
1151662.000000
1314496.000000
1091986.000000
1112108.000000
1557176.000000
1110134.000000
1104034.000000
1121556.000000
1092982.000000
1316031.000000
1101138.000000
1108695.000000
1289956.000000
1132763.000000
1082284.000000
1346248.000000
1140864.000000
1130062.000000
1359579.000000
1115192.000000
1139009.000000
1110675.000000
1125464.000000
1108513.000000
1150614.000000
1362482.000000
1108916.000000
1403043.000000
1066704.000000
1114772.000000
1118306.000000
1115157.000000
1180401.000000
1334839.000000
1120686.000000
1105405.000000
1115386.000000
1106782.000000
1099385.000000
1114201.000000
1154931.000000
1111768.000000
1093040.000000
1127996.000000
1111211.000000
1088974.000000
1152746.000000
1094621.000000
1370198.000000
1096690.000000
1094864.000000
1086308.000000
1135995.000000
1137481.000000
1096264.000000
1075308.000000
1093845.000000
1122289.000000
1338033.000000
1102801.000000
1106004.000000
1426229.000000
1109043.000000
1125994.000000
1150070.000000
1151682.000000
1091767.000000
1086144.000000
1092231.000000
1124400.000000
1094789.000000
1307502.000000
1264375.000000
1079134.000000
1126061.000000
1100501.000000
1113792.000000
1069003.000000
1132647.000000
1082818.000000
1053165.000000
1051339.000000
1062891.000000
1214697.000000
1139948.000000
1100588.000000
1116177.000000
1089824.000000
1045283.000000
1107329.000000
1110917.000000
1084254.000000
1137879.000000
1066510.000000
1133926.000000
1125930.000000
1192839.000000
1103995.000000
1266223.000000
1040163.000000
1069731.000000
1043751.000000
1048277.000000
1033275.000000
1053841.000000
1099051.000000
1162670.000000
1057252.000000
1069039.000000
1117689.000000
1122455.000000
1091117.000000
1069195.000000
1217099.000000
1065916.000000
1163678.000000
1066383.000000
1103217.000000
1070197.000000
1057660.000000
1047705.000000
1064096.000000
1057783.000000
1040401.000000
1138600.000000
1175295.000000
1058811.000000
1059517.000000
1043441.000000
1101712.000000
1521332.000000
1056956.000000
1089779.000000
1053588.000000
1064377.000000
1151481.000000
1048477.000000
1089502.000000
1193307.000000
1118770.000000
1111490.000000
1363071.000000
1087514.000000
1246034.000000
1244991.000000
1129173.000000
1088452.000000
1076101.000000
1091611.000000
1114168.000000
1237536.000000
1431669.000000
1130090.000000
1107168.000000
1105069.000000
1071259.000000
1121924.000000
1089998.000000
1106147.000000
1207175.000000
1098943.000000
1295337.000000
1135873.000000
1146946.000000
1071850.000000
1093419.000000
1165103.000000
1127255.000000
1170921.000000
1122711.000000
1151714.000000
1175207.000000
1184725.000000
1114240.000000
1136644.000000
1208345.000000
1134229.000000
1230553.000000
1124744.000000
1207699.000000
1114539.000000
1172950.000000
1492500.000000
1268755.000000
1376242.000000
1108079.000000
1243009.000000
1233972.000000
1208150.000000
1173580.000000
1251927.000000
1095229.000000
1139939.000000
1029816.000000
1058450.000000
1328239.000000
1030302.000000
1025829.000000
1085677.000000
1071669.000000
1113654.000000
1236216.000000
1104150.000000
1099727.000000
1065212.000000
1414253.000000
1390708.000000
1171506.000000
1139398.000000
1126232.000000
1143444.000000
1373820.000000
1073602.000000
1108908.000000
1232011.000000
1432943.000000
1096321.000000
1287074.000000
1068202.000000
1514569.000000
1143278.000000
1140270.000000
1085303.000000
1098451.000000
1245185.000000
1260878.000000
1126841.000000
1104995.000000
1111634.000000
1184216.000000
1280634.000000
1294664.000000
1346746.000000
1231634.000000
1361477.000000
1208389.000000
1077100.000000
1084811.000000
1174121.000000
1071088.000000
1153196.000000
1220874.000000
1061523.000000
1090467.000000
1049357.000000
1064936.000000
1076277.000000
1247679.000000
1048726.000000
1058250.000000
1120118.000000
1063525.000000
1081917.000000
1313401.000000
1095508.000000
1053235.000000
1091826.000000
1160723.000000
1114727.000000
1085583.000000
1105246.000000
1074248.000000
1075586.000000
1342885.000000
1092774.000000
1112535.000000
1101972.000000
1132624.000000
1466722.000000
1336045.000000
1143431.000000
1109351.000000
1227163.000000
1161849.000000
1134289.000000
1122477.000000
1139784.000000
1111684.000000
1466318.000000
1113550.000000
1364199.000000
1149455.000000
1137064.000000
1154169.000000
1079080.000000
1144329.000000
1164676.000000
1117405.000000
1096515.000000
1111223.000000
1332461.000000
1160323.000000
1225386.000000
1132332.000000
1183835.000000
1083036.000000
1068748.000000
1115131.000000
1393478.000000
1063279.000000
1077206.000000
1109301.000000
1075904.000000
1066638.000000
1092046.000000
1169268.000000
1093100.000000
1089383.000000
1175110.000000
1091783.000000
1138963.000000
1101064.000000
1174114.000000
1176059.000000
1437414.000000
1356340.000000
1286520.000000
1410737.000000
1398601.000000
1336196.000000
1398991.000000
1406965.000000
1474485.000000
1180555.000000
1375232.000000
1540782.000000
1388938.000000
1353236.000000
1360482.000000
1315368.000000
1346986.000000
1348128.000000
1323971.000000
1480163.000000
1466767.000000
1424348.000000
1583348.000000
1551430.000000
1577067.000000
1516313.000000
1500090.000000
1359976.000000
1420311.000000
1384046.000000
1407465.000000
1428893.000000
1417352.000000
1343254.000000
1365745.000000
1338556.000000
1427273.000000
1598380.000000
1371450.000000
1370169.000000
1382573.000000
1330196.000000
1417746.000000
1413593.000000
1370385.000000
1357777.000000
1327632.000000
1328317.000000
1298555.000000
1350764.000000
1411462.000000
1361796.000000
1347231.000000
1401822.000000
1356493.000000
1345359.000000
1330912.000000
1339742.000000
1334915.000000
1299142.000000
1313537.000000
1287922.000000
1305665.000000
1293353.000000
1346032.000000
1343607.000000
1328909.000000
1310887.000000
1347983.000000
1324184.000000
1297299.000000
1361874.000000
1465597.000000
1314864.000000
1345619.000000
1330696.000000
1315658.000000
1382975.000000
1318149.000000
1345367.000000
1284857.000000
1303455.000000
1295440.000000
1337555.000000
1571743.000000
1495217.000000
1534479.000000
1328409.000000
1312091.000000
1346423.000000
1347133.000000
1345532.000000
1330930.000000
1321479.000000
1322800.000000
1599583.000000
1332398.000000
1448129.000000
1322778.000000
1325457.000000
1401713.000000
1402880.000000
1299222.000000
1331896.000000
1319578.000000
1374860.000000
1484313.000000
1313212.000000
1500842.000000
1308954.000000
1343692.000000
1321314.000000
1319844.000000
1542503.000000
1388661.000000
1333826.000000
1332542.000000
1324589.000000
1336181.000000
1323163.000000
1351579.000000
1316491.000000
1332275.000000
1325386.000000
1344450.000000
1301156.000000
1316810.000000
1324710.000000
1363645.000000
1322592.000000
1323066.000000
1506173.000000
1389636.000000
1354530.000000
1335449.000000
1356359.000000
1344383.000000
1330058.000000
1537491.000000
1346634.000000
1413552.000000
1374766.000000
1359587.000000
1510255.000000
1343095.000000
1339350.000000
1339502.000000
1358163.000000
1369677.000000
1365302.000000
1382735.000000
1343215.000000
1366356.000000
1370162.000000
1343565.000000
1394874.000000
1302619.000000
1351903.000000
1387362.000000
1341544.000000
1346755.000000
1320951.000000
1343864.000000
1332557.000000
1326317.000000
1401585.000000
1324012.000000
1323177.000000
1345259.000000
1304058.000000
1318763.000000
1328033.000000
1342461.000000
1439262.000000
1325496.000000
1348683.000000
1487414.000000
1328347.000000
1308034.000000
1467632.000000
1340162.000000
1330724.000000
1289781.000000
1339127.000000
1474555.000000
1511464.000000
1348109.000000
1501465.000000
1327154.000000
1334737.000000
1326221.000000
1541267.000000
1328187.000000
1308261.000000
1328464.000000
1327425.000000
1347970.000000
1324836.000000
1344481.000000
1349715.000000
1380437.000000
1341145.000000
1332897.000000
1328550.000000
1364852.000000
1337277.000000
1322813.000000
1300219.000000
1475220.000000
1337379.000000
1432474.000000
1326119.000000
1322738.000000
1368015.000000
1336381.000000
1344913.000000
1366805.000000
1392206.000000
1490904.000000
1345029.000000
1380422.000000
1317181.000000
1346294.000000
1344572.000000
1332044.000000
1344845.000000
1342106.000000
1352317.000000
1320014.000000
1334509.000000
1366934.000000
1368704.000000
1381184.000000
1351736.000000
1402286.000000
1364448.000000
1326668.000000
1340987.000000
1345969.000000
1348318.000000
1335006.000000
1519354.000000
1294155.000000
1324150.000000
1370884.000000
1333612.000000
1315984.000000
1430056.000000
1318654.000000
1349747.000000
1334440.000000
1335736.000000
1314684.000000
1445156.000000
1328509.000000
1297168.000000
1566246.000000
1322216.000000
1366719.000000
1319995.000000
1344835.000000
1314647.000000
1570517.000000
1350819.000000
1439009.000000
1293799.000000
1249252.000000
1291224.000000
1321405.000000
1322313.000000
1379068.000000
1341742.000000
1309830.000000
1300764.000000
1346587.000000
1303957.000000
1315751.000000
1307148.000000
1405400.000000
1322473.000000
1306041.000000
1300945.000000
1323071.000000
1284012.000000
1443876.000000
1300498.000000
1315515.000000
1338631.000000
1344102.000000
1456920.000000
1335359.000000
1380287.000000
1312999.000000
1538660.000000
1304758.000000
1279796.000000
1286519.000000
1276379.000000
1255172.000000
1286185.000000
1415055.000000
1334616.000000
1303967.000000
1282471.000000
1392299.000000
1452289.000000
1325815.000000
1309466.000000
1359067.000000
1552482.000000
1348053.000000
1065577.000000
1057472.000000
1074763.000000
1038931.000000
1165866.000000
1138966.000000
1110236.000000
1146423.000000
951181.000000
1243289.000000
1421367.000000
1314466.000000
1091104.000000
1161790.000000
983072.000000
1343625.000000
1042561.000000
1333837.000000
958687.000000
1174778.000000
1108781.000000
1188383.000000
1072998.000000
1134513.000000
1066464.000000
953368.000000
1217760.000000
1036805.000000
1040148.000000
1007700.000000
1190385.000000
1349459.000000
1096886.000000
1067131.000000
1513342.000000
1140203.000000
1286566.000000
1242477.000000
1104423.000000
1075831.000000
1444917.000000
1155592.000000
1297222.000000
1297699.000000
1272145.000000
1149149.000000
1546028.000000
1147606.000000
1241995.000000
1300634.000000
1480284.000000
1318825.000000
1378231.000000
1395034.000000
1283693.000000
1278500.000000
1228216.000000
1457370.000000
1211417.000000
1290888.000000
1260081.000000
1220911.000000
1384544.000000
1519230.000000
1319593.000000
1447922.000000
1325472.000000
1310996.000000
1522602.000000
1482014.000000
1513804.000000
1335653.000000
1593366.000000
1372456.000000
1360456.000000
1509092.000000
1512701.000000
1627097.000000
1563115.000000
1599517.000000
1230290.000000
1383547.000000
1334295.000000
1583182.000000
941110.000000
984282.000000
1038186.000000
1247043.000000
1180145.000000
1095857.000000
1027749.000000
1282541.000000
1100377.000000
1154576.000000
1268184.000000
960585.000000
1086840.000000
1157884.000000
1119421.000000
1221363.000000
969680.000000
1110958.000000
1104878.000000
1264052.000000
1040954.000000
1108929.000000
986752.000000
1429205.000000
1095599.000000
1134777.000000
1107665.000000
943863.000000
1437337.000000
1191435.000000
1257192.000000
1089403.000000
1092493.000000
1170214.000000
1210385.000000
1212829.000000
1160879.000000
1409906.000000
1238424.000000
1153177.000000
1211937.000000
1120760.000000
1273920.000000
1390118.000000
1067048.000000
1295849.000000
1293082.000000
1220571.000000
1073752.000000
1446201.000000
1065680.000000
1131430.000000
1173623.000000
1228012.000000
1280722.000000
1287842.000000
1614316.000000
1150469.000000
1239640.000000
1530360.000000
1335204.000000
1114325.000000
1163170.000000
1287092.000000
1378331.000000
1139254.000000
1535269.000000
1408805.000000
1083180.000000
1030560.000000
1195555.000000
1597164.000000
1647912.000000
1492382.000000
1371704.000000
1312065.000000
1442555.000000
1306793.000000
1609138.000000
1388452.000000
1644181.000000
1495851.000000
1513253.000000
1373389.000000
1331504.000000
1530327.000000
1426627.000000
1508125.000000
1594379.000000
1640114.000000
1368658.000000
1375390.000000
1536665.000000
1479917.000000
1694691.000000
1109530.000000
1550666.000000
1596361.000000
1384589.000000
1575456.000000
1454169.000000
1264042.000000
1590665.000000
1466528.000000
1444242.000000
1404811.000000
1325098.000000
1624270.000000
1542448.000000
1502477.000000
1584639.000000
1557936.000000
1358311.000000
1535210.000000
1512391.000000
1597411.000000
1602947.000000
1468131.000000
1641292.000000
1415087.000000
1375301.000000
1591640.000000
1665063.000000
1356575.000000
1645643.000000
1674075.000000
1449249.000000
1540999.000000
1454602.000000
1567371.000000
1676089.000000
1491070.000000
1494402.000000
1384339.000000
1540990.000000
1480263.000000
1588983.000000
1624296.000000
1541437.000000
1446274.000000
1268933.000000
1568299.000000
1562482.000000
1533227.000000
