1416935.000000
1223602.000000
1230519.000000
1218981.000000
1344718.000000
1232278.000000
1456589.000000
1243030.000000
1228390.000000
1340713.000000
1208375.000000
1253041.000000
1297136.000000
1153073.000000
1420524.000000
1545588.000000
1497519.000000
1537350.000000
1476321.000000
1553255.000000
1406967.000000
1398196.000000
1377090.000000
1421362.000000
1593583.000000
1363657.000000
1440805.000000
1342926.000000
1386361.000000
1245039.000000
1408492.000000
1275079.000000
1525521.000000
1337801.000000
1295999.000000
1392672.000000
1465135.000000
1286479.000000
1307472.000000
1210384.000000
1191336.000000
1307942.000000
1541151.000000
1298519.000000
1290589.000000
1369410.000000
1301620.000000
1291606.000000
1225253.000000
1305746.000000
1398352.000000
1294904.000000
1304984.000000
1307911.000000
1269864.000000
1275707.000000
1265039.000000
1387817.000000
1387377.000000
1403431.000000
1266158.000000
1228184.000000
1461928.000000
1304155.000000
1258280.000000
1423824.000000
1231440.000000
1234488.000000
1281595.000000
1327989.000000
1293484.000000
1315056.000000
1367787.000000
1349717.000000
1221133.000000
1426041.000000
1233219.000000
1233425.000000
1395241.000000
1287062.000000
1387117.000000
1272709.000000
1371481.000000
1292279.000000
1342576.000000
1293877.000000
1231504.000000
1184101.000000
1244165.000000
1488703.000000
1370378.000000
1288233.000000
1242009.000000
1258186.000000
1443249.000000
1276853.000000
1357797.000000
1189925.000000
1445497.000000
1214971.000000
1277626.000000
1263150.000000
1184147.000000
1187207.000000
1319549.000000
1290039.000000
1284978.000000
1405852.000000
1253624.000000
1494989.000000
1455043.000000
1439760.000000
1157071.000000
1333233.000000
1254091.000000
1202497.000000
1290392.000000
1177179.000000
1293109.000000
1239158.000000
1287955.000000
1496009.000000
1495894.000000
1356040.000000
1523618.000000
1316884.000000
1318657.000000
1251284.000000
1336423.000000
1374643.000000
1305428.000000
1261723.000000
1199057.000000
1356339.000000
1267139.000000
1218596.000000
1111340.000000
1125405.000000
1212669.000000
1220134.000000
1096549.000000
1152391.000000
1068269.000000
1197048.000000
1064921.000000
1140984.000000
1221235.000000
1243590.000000
1259775.000000
1248107.000000
1179544.000000
1153931.000000
1178572.000000
1261854.000000
1243774.000000
1211778.000000
1221149.000000
1184707.000000
1198116.000000
1102397.000000
1142624.000000
1249888.000000
1174773.000000
1142849.000000
1083039.000000
1173259.000000
1192661.000000
1206674.000000
1238910.000000
1112181.000000
1153067.000000
1479708.000000
1294356.000000
1172090.000000
1237205.000000
1261693.000000
1134944.000000
1057383.000000
1130047.000000
1146647.000000
1333445.000000
1519900.000000
1217678.000000
1300581.000000
1506297.000000
1271984.000000
1330114.000000
1413549.000000
1299517.000000
1346299.000000
1371619.000000
1348023.000000
1361760.000000
1281122.000000
1332722.000000
1241581.000000
1196189.000000
1363431.000000
1447571.000000
1348248.000000
1294039.000000
1286200.000000
1205002.000000
1201727.000000
1166394.000000
1193092.000000
1157984.000000
1288970.000000
1490972.000000
1258652.000000
1298402.000000
1267897.000000
1321990.000000
1378432.000000
1242436.000000
1188677.000000
1300416.000000
1230436.000000
1412522.000000
1237029.000000
1217453.000000
1200277.000000
1244435.000000
1210494.000000
1111845.000000
1239943.000000
1283658.000000
1146817.000000
1150617.000000
1107215.000000
1171844.000000
1120003.000000
1192824.000000
1227882.000000
1517081.000000
1342650.000000
1303128.000000
1355278.000000
1485836.000000
1451876.000000
1272293.000000
1322110.000000
1356509.000000
1317802.000000
1336275.000000
1384583.000000
1407584.000000
1300293.000000
1369512.000000
1442346.000000
1189589.000000
1158854.000000
1142042.000000
1113983.000000
1264206.000000
1190715.000000
1268322.000000
1117387.000000
1172191.000000
1252205.000000
1128520.000000
1210534.000000
1426799.000000
1165789.000000
1263130.000000
1111329.000000
1209437.000000
1153485.000000
1100714.000000
1223580.000000
1271843.000000
1159885.000000
1232999.000000
1264650.000000
1217801.000000
1362105.000000
1355872.000000
1329966.000000
1311271.000000
1342982.000000
1265877.000000
1242766.000000
1381517.000000
1402527.000000
1490967.000000
1323903.000000
1313615.000000
1228031.000000
1138152.000000
1348834.000000
1268530.000000
1303597.000000
1200667.000000
1237926.000000
1170733.000000
1061626.000000
1231527.000000
1249112.000000
1098007.000000
1221976.000000
1187637.000000
1226050.000000
1226943.000000
1343079.000000
1266191.000000
1306203.000000
1525042.000000
1313125.000000
1355604.000000
1296490.000000
1384915.000000
1177985.000000
1262495.000000
1564680.000000
1237465.000000
1305273.000000
1150552.000000
1146949.000000
1306458.000000
1345335.000000
1069304.000000
1118593.000000
1127627.000000
1034229.000000
1175577.000000
1218807.000000
1328364.000000
1255524.000000
1360827.000000
1317977.000000
1370963.000000
1343985.000000
1453833.000000
1402730.000000
1061474.000000
1186007.000000
1243911.000000
1208856.000000
1173754.000000
1322623.000000
1182622.000000
1172696.000000
1062554.000000
1048631.000000
1129756.000000
1027982.000000
1239707.000000
1062263.000000
1226304.000000
1110285.000000
1134936.000000
1176472.000000
1152322.000000
1107014.000000
1215644.000000
1144010.000000
1313036.000000
1184606.000000
1319266.000000
1242951.000000
1354675.000000
1222697.000000
1202014.000000
1271402.000000
1391753.000000
1510900.000000
1483317.000000
1352388.000000
1487035.000000
1428463.000000
1352233.000000
1508114.000000
1497439.000000
1370082.000000
1335480.000000
1295474.000000
1359092.000000
1176137.000000
1374973.000000
1152821.000000
1377717.000000
1139587.000000
1268995.000000
1381310.000000
1250817.000000
1212296.000000
1312721.000000
1161227.000000
1272067.000000
1394364.000000
1284036.000000
1205310.000000
1299365.000000
1260480.000000
1355216.000000
1561474.000000
1265144.000000
1264359.000000
1435816.000000
1507135.000000
1418764.000000
1322088.000000
1307867.000000
1434878.000000
1388431.000000
1503863.000000
1323105.000000
1522561.000000
1389108.000000
1360981.000000
1464859.000000
1290302.000000
1403795.000000
1538525.000000
1538406.000000
1580394.000000
1435379.000000
1363505.000000
1153737.000000
1407210.000000
1233985.000000
1284115.000000
1330750.000000
1578154.000000
1351236.000000
1319095.000000
1352812.000000
1209589.000000
1212193.000000
1262596.000000
1444443.000000
1309012.000000
1476697.000000
1369106.000000
1438227.000000
1324010.000000
1241326.000000
1301704.000000
1330013.000000
1372551.000000
1303443.000000
1313612.000000
1459001.000000
1296801.000000
1444288.000000
1401322.000000
1315394.000000
1361793.000000
1417479.000000
1468247.000000
1362545.000000
1412061.000000
1327182.000000
1408613.000000
1275988.000000
1177494.000000
1374931.000000
1283304.000000
1271609.000000
1454290.000000
1288509.000000
1239691.000000
1285440.000000
1421707.000000
1205820.000000
1474723.000000
1331364.000000
1256911.000000
1283686.000000
1349161.000000
1407409.000000
1269072.000000
1255235.000000
1304730.000000
1319197.000000
1273849.000000
1248534.000000
1272921.000000
1233998.000000
1310168.000000
1242959.000000
1353653.000000
1406219.000000
1454095.000000
1295656.000000
1235106.000000
1261531.000000
1347107.000000
1283215.000000
1215083.000000
1269619.000000
1312655.000000
1118489.000000
1317014.000000
1220167.000000
1114082.000000
1137136.000000
1240778.000000
1188798.000000
1107019.000000
1163689.000000
1166352.000000
1161281.000000
1117928.000000
1161859.000000
1392578.000000
1065879.000000
1101337.000000
1185935.000000
1210123.000000
1352592.000000
1110196.000000
1133487.000000
1117041.000000
1116465.000000
1062216.000000
1355809.000000
1100973.000000
1096723.000000
1058367.000000
1242027.000000
1460671.000000
1206600.000000
1177338.000000
1181377.000000
1415934.000000
1126725.000000
1149333.000000
1146209.000000
1177554.000000
1107788.000000
1186783.000000
1240796.000000
1253657.000000
1117154.000000
1087503.000000
1197076.000000
1164524.000000
1134130.000000
1130794.000000
1115927.000000
1224401.000000
1245048.000000
1176450.000000
1096431.000000
1234991.000000
1065293.000000
1278897.000000
1109459.000000
1424738.000000
1131476.000000
1345696.000000
1193893.000000
1219766.000000
1167966.000000
1176904.000000
1279986.000000
1295832.000000
1241413.000000
1528805.000000
1277922.000000
1426221.000000
1367380.000000
1442727.000000
1289340.000000
1223427.000000
1269134.000000
1270684.000000
1234561.000000
1327592.000000
1180312.000000
1319390.000000
1357132.000000
1150957.000000
1255493.000000
1152771.000000
1153647.000000
1267721.000000
1223800.000000
1253170.000000
1219939.000000
1209056.000000
1155092.000000
1185273.000000
1227880.000000
1133650.000000
1201790.000000
1254614.000000
1195779.000000
1277669.000000
1313809.000000
1307360.000000
1536946.000000
1314248.000000
1326400.000000
1362189.000000
1250508.000000
1341838.000000
1145007.000000
1465186.000000
1251604.000000
1204475.000000
1396418.000000
1293621.000000
1179474.000000
1173166.000000
1143349.000000
1210591.000000
1198440.000000
1203006.000000
1234357.000000
1344122.000000
1219394.000000
1203088.000000
1320807.000000
1138061.000000
1205434.000000
1292613.000000
1253915.000000
1318121.000000
1341783.000000
1397494.000000
1219366.000000
1433333.000000
1225041.000000
1381589.000000
1421493.000000
1185652.000000
1158785.000000
1291747.000000
1597134.000000
1201035.000000
1353144.000000
1279899.000000
1180744.000000
1234151.000000
1175275.000000
1381032.000000
1225214.000000
1188020.000000
1138559.000000
1300768.000000
1274179.000000
1121658.000000
1252873.000000
1135573.000000
1163591.000000
1096305.000000
1203932.000000
1190892.000000
1160657.000000
1152283.000000
1120472.000000
1229077.000000
1151596.000000
1212988.000000
1184700.000000
1316755.000000
1116600.000000
1115208.000000
1186833.000000
1185443.000000
1321414.000000
1159496.000000
1128484.000000
1299476.000000
1280081.000000
1238990.000000
1134047.000000
1141985.000000
1155254.000000
1180919.000000
1077802.000000
1371469.000000
1181317.000000
1190957.000000
1300211.000000
1227441.000000
1265400.000000
1281536.000000
1342247.000000
1312488.000000
1355379.000000
1279635.000000
1417306.000000
1179310.000000
1463286.000000
1466710.000000
1321656.000000
1325781.000000
1294677.000000
1227373.000000
1394909.000000
1338167.000000
1365202.000000
1466514.000000
1388693.000000
1525618.000000
1215172.000000
1192086.000000
1471643.000000
1585106.000000
1484061.000000
1364552.000000
1247810.000000
1437770.000000
1316300.000000
1200870.000000
1333897.000000
1292805.000000
1389520.000000
1316608.000000
1289500.000000
1398301.000000
1267127.000000
1162670.000000
1238835.000000
1162878.000000
1177454.000000
1353944.000000
1145550.000000
1316934.000000
1266035.000000
1203140.000000
1236987.000000
1186108.000000
1328072.000000
1273835.000000
1351459.000000
1308662.000000
1248293.000000
1147243.000000
1117885.000000
1279157.000000
1289221.000000
1166022.000000
1336491.000000
1183776.000000
1175075.000000
1410496.000000
1234348.000000
1259894.000000
1183767.000000
1197716.000000
1319403.000000
1291853.000000
1179065.000000
1181452.000000
1217029.000000
1178820.000000
1309365.000000
1252716.000000
1126229.000000
1279785.000000
1264584.000000
1421257.000000
1324998.000000
1530825.000000
1152782.000000
1233605.000000
1145865.000000
1149543.000000
1180308.000000
1188202.000000
1281731.000000
1352885.000000
1147223.000000
1212308.000000
1110885.000000
1212306.000000
1206688.000000
1377087.000000
1341724.000000
1499950.000000
1228919.000000
1271863.000000
1455282.000000
1598439.000000
1538380.000000
1368080.000000
1130749.000000
1204746.000000
1294500.000000
1231532.000000
1140833.000000
1317628.000000
1397983.000000
1431851.000000
1284030.000000
1259482.000000
1197066.000000
1131797.000000
1206746.000000
1147229.000000
1292499.000000
1196203.000000
1295764.000000
1193882.000000
1182615.000000
1201675.000000
1111000.000000
1232465.000000
1177515.000000
1369387.000000
1154374.000000
1307598.000000
1024579.000000
1357172.000000
1271915.000000
1293815.000000
1136758.000000
1258859.000000
1198834.000000
1299008.000000
1174653.000000
1183645.000000
1175888.000000
1110969.000000
1095226.000000
1249188.000000
1166304.000000
1264665.000000
1154913.000000
1274473.000000
1228132.000000
1187268.000000
1234919.000000
1325654.000000
1326726.000000
1271701.000000
1203466.000000
1399631.000000
1137065.000000
1161554.000000
1354419.000000
1210251.000000
1136148.000000
1250419.000000
1182450.000000
1449852.000000
1283672.000000
1146624.000000
1320337.000000
1353071.000000
1306621.000000
1302917.000000
1110250.000000
1092571.000000
1214297.000000
1241007.000000
1370536.000000
1271889.000000
1274531.000000
1195342.000000
1129834.000000
1185791.000000
1133619.000000
1133125.000000
1179609.000000
1193160.000000
1220418.000000
1272947.000000
1264411.000000
1204978.000000
1318405.000000
1218226.000000
1249364.000000
1323437.000000
1220812.000000
1148740.000000
1076626.000000
1247293.000000
1418569.000000
1434214.000000
1279540.000000
1443358.000000
1269559.000000
1162076.000000
1186535.000000
1233347.000000
1251010.000000
1277691.000000
1262554.000000
1261809.000000
1324429.000000
1262873.000000
1256505.000000
1220570.000000
1189143.000000
1216883.000000
1132637.000000
1067487.000000
1379288.000000
1111047.000000
1290283.000000
1131654.000000
1243669.000000
1062314.000000
1138894.000000
1316887.000000
1203582.000000
1087339.000000
1163291.000000
1186192.000000
1422816.000000
1181957.000000
1182452.000000
1092578.000000
1127034.000000
1066529.000000
1102118.000000
1080565.000000
1144048.000000
1125919.000000
1073602.000000
1272531.000000
1115433.000000
1221353.000000
1318930.000000
1204653.000000
1212340.000000
1234059.000000
1321439.000000
1206494.000000
1536940.000000
1383144.000000
1355626.000000
1405933.000000
1301277.000000
1222839.000000
1207451.000000
1216450.000000
1369034.000000
1363273.000000
1418161.000000
1524548.000000
1273503.000000
1162378.000000
1133938.000000
1264573.000000
1256347.000000
1398801.000000
1275105.000000
1259706.000000
1162024.000000
1188532.000000
1219774.000000
1316852.000000
1214599.000000
1332393.000000
1383536.000000
1174743.000000
1223707.000000
1373910.000000
1175382.000000
1199275.000000
1319468.000000
1314894.000000
1228825.000000
1152955.000000
1142125.000000
1313398.000000
1252541.000000
1265880.000000
1233684.000000
1350722.000000
1232224.000000
1404188.000000
1143873.000000
1278899.000000
1304191.000000
1575565.000000
1124249.000000
1116697.000000
1236690.000000
1067930.000000
1195078.000000
1358243.000000
1141604.000000
1216898.000000
1096925.000000
1394044.000000
1185025.000000
1198431.000000
1121228.000000
1117351.000000
1167173.000000
1145352.000000
1159256.000000
1142741.000000
1097711.000000
1258478.000000
1303705.000000
1219897.000000
1216378.000000
1360827.000000
1424406.000000
1248095.000000
1228209.000000
1325284.000000
1312878.000000
1279296.000000
1116548.000000
1254957.000000
1282299.000000
1229012.000000
1316085.000000
1156525.000000
1168620.000000
1260343.000000
1301689.000000
1363356.000000
1274570.000000
1218641.000000
1216633.000000
1337247.000000
1335477.000000
1207372.000000
1378939.000000
1330552.000000
1240526.000000
1314536.000000
1242716.000000
1252901.000000
1061182.000000
1236597.000000
1123859.000000
1182700.000000
1055135.000000
1079993.000000
1099642.000000
1227773.000000
1083890.000000
1046037.000000
1153963.000000
1233441.000000
1384475.000000
1183622.000000
1338294.000000
1301858.000000
1199205.000000
1253125.000000
1465798.000000
1378965.000000
1236846.000000
1240700.000000
1372150.000000
1179755.000000
1191709.000000
1258007.000000
1396410.000000
1247461.000000
1235796.000000
1354303.000000
1289399.000000
1364841.000000
1281307.000000
1289078.000000
1301916.000000
1215991.000000
1296665.000000
1362955.000000
1283986.000000
1333990.000000
1160778.000000
1228843.000000
1177810.000000
1243676.000000
1259397.000000
1151132.000000
1228352.000000
1283466.000000
1293821.000000
1172605.000000
1208944.000000
1376155.000000
1332142.000000
1383489.000000
1265382.000000
1290543.000000
1206954.000000
1257673.000000
1277776.000000
1471932.000000
1309374.000000
1282152.000000
1143132.000000
1228610.000000
1080760.000000
1301150.000000
1334271.000000
1134023.000000
1159768.000000
1145095.000000
1259298.000000
1192290.000000
1271233.000000
1179741.000000
1384109.000000
1149760.000000
1182140.000000
1330556.000000
1316869.000000
1143118.000000
1105004.000000
1214952.000000
1224818.000000
1101261.000000
1160521.000000
1146913.000000
1227500.000000
1179836.000000
1195624.000000
1313945.000000
1521471.000000
1498830.000000
1518104.000000
1554228.000000
1525790.000000
1294249.000000
1176489.000000
1297123.000000
1108382.000000
1159665.000000
1196968.000000
1462976.000000
1331713.000000
1201460.000000
1248913.000000
1404560.000000
1140227.000000
1095589.000000
1424710.000000
1515152.000000
1162682.000000
1458266.000000
1293998.000000
1221573.000000
1251431.000000
1107118.000000
1286518.000000
1481513.000000
1147590.000000
1164478.000000
1186278.000000
1169790.000000
1260108.000000
1334766.000000
1142805.000000
1221825.000000
1441877.000000
1312642.000000
1320708.000000
1196736.000000
1394940.000000
1248367.000000
1191162.000000
1401516.000000
1284483.000000
1117321.000000
1131056.000000
1128957.000000
1541750.000000
1242834.000000
1348195.000000
1231701.000000
1129105.000000
1126530.000000
1309431.000000
1256666.000000
1210356.000000
1244962.000000
1232050.000000
1231907.000000
1261628.000000
1160027.000000
1254280.000000
1392875.000000
1129460.000000
1331347.000000
1136741.000000
1175849.000000
1138410.000000
1123845.000000
1195666.000000
1266257.000000
1278676.000000
1327282.000000
1149120.000000
1082830.000000
1076791.000000
1066901.000000
1151602.000000
1130867.000000
1394159.000000
1355445.000000
1263172.000000
1153045.000000
1134649.000000
1136155.000000
1130997.000000
1382285.000000
1260819.000000
1270855.000000
1215032.000000
1383104.000000
1209887.000000
1300884.000000
1231071.000000
1377817.000000
1132826.000000
1117898.000000
1436420.000000
1260472.000000
1159628.000000
1223693.000000
1370942.000000
1226944.000000
1103198.000000
1240964.000000
1217297.000000
1144861.000000
1157679.000000
1112682.000000
1327622.000000
1454662.000000
1145276.000000
1134111.000000
1208131.000000
1257151.000000
1318446.000000
1170560.000000
1232912.000000
1329094.000000
1301093.000000
1412636.000000
1144873.000000
1473386.000000
1263502.000000
1278012.000000
1235856.000000
1231755.000000
1413261.000000
1106881.000000
1217384.000000
1207991.000000
1320342.000000
1379215.000000
1181519.000000
1201403.000000
1145469.000000
1139587.000000
1131315.000000
1439795.000000
1235870.000000
1179744.000000
1349535.000000
1242264.000000
1317746.000000
1264663.000000
1304434.000000
1220127.000000
1408286.000000
1213669.000000
1160874.000000
1164993.000000
1476126.000000
1175000.000000
1284532.000000
1280502.000000
1206560.000000
1337202.000000
1187112.000000
1219407.000000
1258767.000000
1154629.000000
1322941.000000
1131890.000000
1428174.000000
1160374.000000
1179605.000000
1174361.000000
1258023.000000
1382776.000000
1287678.000000
1341364.000000
1228977.000000
1240821.000000
1164005.000000
1142531.000000
1121344.000000
1307964.000000
1135864.000000
1130783.000000
1343279.000000
1485244.000000
1285437.000000
1168798.000000
1146895.000000
1198404.000000
1230626.000000
1081814.000000
1187487.000000
1183065.000000
1115861.000000
1106198.000000
1451284.000000
1155652.000000
1242289.000000
1295882.000000
1259468.000000
1306693.000000
1491233.000000
1171489.000000
1417198.000000
1402080.000000
1448918.000000
1230836.000000
1156956.000000
1305629.000000
1112076.000000
1187669.000000
1257452.000000
1231361.000000
1153889.000000
1370889.000000
1256283.000000
1210868.000000
1257614.000000
1270271.000000
1392133.000000
1188180.000000
1159117.000000
1277679.000000
1087089.000000
1310790.000000
1395581.000000
1226255.000000
1446012.000000
1378029.000000
1172220.000000
1171027.000000
1223846.000000
1245339.000000
1162334.000000
1107252.000000
1417465.000000
1244379.000000
1128446.000000
1357020.000000
1291782.000000
1246206.000000
1323803.000000
1252211.000000
1399204.000000
1184754.000000
1240591.000000
1170712.000000
1383157.000000
1224673.000000
1264731.000000
1290475.000000
1211197.000000
1378576.000000
1288669.000000
1374296.000000
1171014.000000
1296578.000000
1189908.000000
1393015.000000
1332573.000000
1238742.000000
1360525.000000
1224956.000000
1292225.000000
1155958.000000
1109950.000000
1138618.000000
1244908.000000
1177134.000000
1473384.000000
1206221.000000
1368049.000000
1149136.000000
1322230.000000
1244779.000000
1313193.000000
1299892.000000
1401568.000000
1306299.000000
1442379.000000
1292979.000000
1142577.000000
1372147.000000
1327712.000000
1175453.000000
1087745.000000
1176200.000000
1117300.000000
1244629.000000
1148482.000000
1319866.000000
1108008.000000
1126653.000000
1176271.000000
1094125.000000
1299385.000000
1244319.000000
1404618.000000
1404014.000000
1204763.000000
1178385.000000
1388821.000000
1173927.000000
1249786.000000
1313090.000000
1491298.000000
1333130.000000
1459753.000000
1320490.000000
1201507.000000
1242426.000000
1261021.000000
1321255.000000
1252956.000000
1303427.000000
1230584.000000
1261826.000000
1255266.000000
1422989.000000
1292997.000000
1224387.000000
1436508.000000
1153955.000000
1241303.000000
1529270.000000
1289807.000000
1174767.000000
1182567.000000
1494382.000000
1122710.000000
1097770.000000
1437458.000000
1163965.000000
1381591.000000
1193651.000000
1113718.000000
1290550.000000
1208311.000000
1219022.000000
1519200.000000
1446898.000000
1138458.000000
1192626.000000
1431382.000000
1324516.000000
1206586.000000
1353451.000000
1365333.000000
1418743.000000
1312891.000000
1494662.000000
1222576.000000
1468117.000000
1399196.000000
1277609.000000
1466649.000000
1595303.000000
1546418.000000
1502824.000000
1270693.000000
1124582.000000
1186028.000000
1378143.000000
1310561.000000
1332174.000000
1221170.000000
1238858.000000
1490748.000000
1308404.000000
1242707.000000
1291322.000000
1383182.000000
1329185.000000
1521698.000000
1343754.000000
1424539.000000
1417229.000000
1403982.000000
1528127.000000
1499416.000000
1331031.000000
1268030.000000
1161141.000000
1247838.000000
1278099.000000
1298286.000000
1187905.000000
1126719.000000
1199942.000000
1124513.000000
1329660.000000
1143382.000000
1342380.000000
1284572.000000
1211832.000000
1309196.000000
1294192.000000
1415401.000000
1178345.000000
1172155.000000
1250463.000000
1309336.000000
1241389.000000
1242165.000000
1126102.000000
1127541.000000
1219929.000000
1287655.000000
1359303.000000
1306344.000000
1194076.000000
1268830.000000
1291459.000000
1119196.000000
1148234.000000
1163152.000000
1151674.000000
1325341.000000
1181953.000000
1324327.000000
1194964.000000
1146697.000000
1300026.000000
1206675.000000
1319374.000000
1154953.000000
1390976.000000
1298146.000000
1130708.000000
1282544.000000
1196531.000000
1228659.000000
1370061.000000
1150361.000000
1335433.000000
1235304.000000
1374560.000000
1213990.000000
1319746.000000
1182626.000000
1261493.000000
1173233.000000
1144687.000000
1132734.000000
1234045.000000
1181830.000000
1312783.000000
1446630.000000
1162624.000000
1309594.000000
1357189.000000
1244177.000000
1388109.000000
1174151.000000
1218047.000000
1133940.000000
1127083.000000
1248375.000000
1371117.000000
1277497.000000
1155965.000000
1298311.000000
1328789.000000
1329211.000000
1163721.000000
1220859.000000
1440469.000000
1389879.000000
1312172.000000
1274922.000000
1259110.000000
1277672.000000
1108381.000000
1263863.000000
1258468.000000
1258081.000000
1239547.000000
1198902.000000
1391336.000000
1187561.000000
1223601.000000
1237116.000000
1307057.000000
1144059.000000
1401408.000000
1162845.000000
1116959.000000
1339512.000000
1157382.000000
1128056.000000
1229298.000000
1320872.000000
1244894.000000
1260359.000000
1190346.000000
1254014.000000
1120933.000000
1153634.000000
1409594.000000
1135319.000000
1291288.000000
1156519.000000
1282566.000000
1221297.000000
1200375.000000
1157524.000000
1130618.000000
1109199.000000
1437300.000000
1262661.000000
1226848.000000
1200397.000000
1244325.000000
1397737.000000
1286987.000000
1144077.000000
1262968.000000
1275961.000000
1431486.000000
1119698.000000
1235303.000000
1289451.000000
1300046.000000
1365158.000000
1325288.000000
1190167.000000
1306786.000000
1329610.000000
1329415.000000
1112638.000000
1221611.000000
1277798.000000
1228847.000000
1266873.000000
1290713.000000
1376131.000000
1280983.000000
1219130.000000
1223366.000000
1325352.000000
1118460.000000
1154366.000000
1259864.000000
1211342.000000
1176264.000000
1147337.000000
1235179.000000
1185929.000000
1128911.000000
1281348.000000
1264044.000000
1341342.000000
1215193.000000
1146656.000000
1279588.000000
1275352.000000
1188972.000000
1239492.000000
1322534.000000
1332003.000000
1314659.000000
1311649.000000
1298015.000000
1198385.000000
1233967.000000
1098479.000000
1072613.000000
1152254.000000
1081826.000000
1073989.000000
1283452.000000
1279898.000000
1177746.000000
1143566.000000
1150987.000000
1112050.000000
1240710.000000
1220380.000000
1252168.000000
1376771.000000
1205151.000000
1284006.000000
1072122.000000
1443327.000000
1287705.000000
1139641.000000
1290273.000000
1364101.000000
1169230.000000
1155476.000000
1112611.000000
1250489.000000
1223201.000000
1193540.000000
1221271.000000
1220179.000000
1336802.000000
1231557.000000
1200446.000000
1190561.000000
1147799.000000
1361666.000000
1499863.000000
1266283.000000
1174271.000000
1116934.000000
1431922.000000
1272733.000000
1257690.000000
1223385.000000
1128999.000000
1118251.000000
1215612.000000
1181828.000000
1143616.000000
1199337.000000
1273299.000000
1226365.000000
1207451.000000
1214059.000000
1201115.000000
1139265.000000
1238883.000000
1131814.000000
1173616.000000
1074561.000000
1200951.000000
1257317.000000
1291919.000000
1123764.000000
1168469.000000
1172516.000000
1068197.000000
1092427.000000
1248334.000000
1159077.000000
1226435.000000
1138719.000000
1268312.000000
1497529.000000
1461816.000000
1471723.000000
1414003.000000
1311895.000000
1237484.000000
1272689.000000
1193238.000000
1110903.000000
1109995.000000
1128634.000000
1057989.000000
1021318.000000
1100500.000000
1004405.000000
995006.000000
1081351.000000
1018124.000000
1008492.000000
1038118.000000
1083306.000000
1176974.000000
1058742.000000
1007846.000000
995080.000000
1048728.000000
1026620.000000
982830.000000
1028685.000000
1077610.000000
1224925.000000
1042447.000000
1048261.000000
1281033.000000
1317348.000000
1175419.000000
1571235.000000
1193249.000000
1356365.000000
1180071.000000
1537819.000000
1256423.000000
1232700.000000
1204351.000000
1390663.000000
1392444.000000
1176360.000000
1314592.000000
1339968.000000
1168877.000000
1062719.000000
1579399.000000
1552818.000000
1398591.000000
1121213.000000
1428773.000000
1330791.000000
1117354.000000
1137321.000000
1193209.000000
1212231.000000
1119200.000000
1291784.000000
1039501.000000
1157112.000000
1026145.000000
1280621.000000
1378229.000000
1491688.000000
1473051.000000
1573128.000000
1306150.000000
1254943.000000
1441767.000000
1352180.000000
1584106.000000
1521098.000000
1254390.000000
1330475.000000
1391745.000000
1482452.000000
1489088.000000
1320187.000000
1335709.000000
1517976.000000
1549531.000000
1216378.000000
1516815.000000
1481943.000000
1318607.000000
1221386.000000
1181358.000000
1114814.000000
1360620.000000
1429766.000000
1257694.000000
1342689.000000
1253429.000000
1156618.000000
1156720.000000
1410685.000000
1215336.000000
1219530.000000
1513017.000000
1469638.000000
1591891.000000
1564527.000000
1393107.000000
1192325.000000
1163061.000000
1203961.000000
1079106.000000
1017221.000000
1096914.000000
1229953.000000
1134277.000000
1212116.000000
1196045.000000
1050645.000000
1174236.000000
1134334.000000
1051510.000000
1175618.000000
1180803.000000
1116023.000000
1030407.000000
1257377.000000
1068511.000000
1187843.000000
1200566.000000
1083708.000000
1079357.000000
1360681.000000
1411924.000000
1448638.000000
1420499.000000
1262048.000000
1528940.000000
1293061.000000
1418868.000000
1358476.000000
1206415.000000
1358613.000000
1127483.000000
1238736.000000
1201178.000000
1437949.000000
1189927.000000
1248333.000000
1437194.000000
1431357.000000
1370720.000000
1374110.000000
1293372.000000
1155625.000000
1147583.000000
1287697.000000
1062846.000000
1091270.000000
1295106.000000
1141063.000000
1108309.000000
1173915.000000
1151038.000000
1129383.000000
1131884.000000
1192702.000000
1363855.000000
1364865.000000
1380889.000000
1364054.000000
1333418.000000
1285154.000000
1305560.000000
1369539.000000
1322224.000000
1316484.000000
1189464.000000
1193423.000000
1193288.000000
1316228.000000
1229021.000000
1240182.000000
1267562.000000
1301198.000000
1317606.000000
1318730.000000
1532273.000000
1190119.000000
1191208.000000
1194994.000000
1299328.000000
1193075.000000
1336691.000000
1188913.000000
1183134.000000
1208456.000000
1205834.000000
1401036.000000
1377326.000000
1182354.000000
1194935.000000
1195830.000000
1190302.000000
1510610.000000
1494481.000000
1539129.000000
1524974.000000
1487790.000000
1402904.000000
1559337.000000
1559249.000000
1182777.000000
1460836.000000
1311952.000000
1493642.000000
1194442.000000
1480345.000000
1503077.000000
1196057.000000
1431985.000000
1187915.000000
1464452.000000
1321045.000000
1381005.000000
1184662.000000
1376487.000000
1548973.000000
1408629.000000
1405856.000000
1381884.000000
1442549.000000
1445208.000000
1554757.000000
1444648.000000
1422754.000000
1484234.000000
1525175.000000
1352973.000000
1401007.000000
1480050.000000
1436182.000000
1462031.000000
1459686.000000
1509079.000000
1449158.000000
1498412.000000
1441982.000000
1501205.000000
1377358.000000
1243906.000000
1227229.000000
1194971.000000
1190342.000000
1270386.000000
1306809.000000
1403138.000000
1201894.000000
1304333.000000
1356404.000000
1185702.000000
1463236.000000
1189476.000000
1184827.000000
1189298.000000
1193673.000000
1192037.000000
1564034.000000
1406628.000000
1398869.000000
1194578.000000
1438669.000000
1391784.000000
1184068.000000
1184973.000000
1191217.000000
1495640.000000
1553121.000000
1191141.000000
1330785.000000
1288011.000000
1326493.000000
1240749.000000
1186329.000000
1392974.000000
1192755.000000
1312864.000000
1185492.000000
1377101.000000
1550391.000000
1425652.000000
1567132.000000
1468596.000000
1564117.000000
1230246.000000
1187841.000000
1352347.000000
1473696.000000
1472629.000000
1303400.000000
1184208.000000
1186685.000000
1581393.000000
1186965.000000
1210482.000000
1389275.000000
1201553.000000
1214482.000000
1424327.000000
1307291.000000
1193776.000000
1185650.000000
1197196.000000
1180951.000000
1214703.000000
1208166.000000
1237534.000000
1182292.000000
1195973.000000
1238466.000000
1211542.000000
1204064.000000
1184817.000000
1194735.000000
1197102.000000
1217060.000000
1218746.000000
1224369.000000
1410740.000000
1369012.000000
1478852.000000
1193546.000000
1194310.000000
1195064.000000
1192776.000000
1195594.000000
1186674.000000
1186910.000000
1191444.000000
1186148.000000
1181688.000000
1186991.000000
1194236.000000
1172972.000000
1301555.000000
1198241.000000
1183611.000000
1193138.000000
1215761.000000
1194169.000000
1200807.000000
1172920.000000
1215919.000000
1199173.000000
1239787.000000
1188469.000000
1190747.000000
1193933.000000
1193375.000000
1185673.000000
1180750.000000
1187217.000000
1195112.000000
1194052.000000
1181874.000000
1195499.000000
1189309.000000
1193282.000000
1184009.000000
1193280.000000
1195271.000000
1254018.000000
1259931.000000
1192088.000000
1481207.000000
1360653.000000
1355037.000000
1197071.000000
1186887.000000
1180194.000000
1392864.000000
1199368.000000
1224385.000000
1190129.000000
1403385.000000
1220713.000000
1487749.000000
1195225.000000
1200865.000000
1183663.000000
1190781.000000
1183239.000000
1196742.000000
1184338.000000
1235741.000000
1188982.000000
1199268.000000
1187724.000000
1199349.000000
1362454.000000
1495658.000000
1421761.000000
1217912.000000
1192677.000000
1188949.000000
1386204.000000
1188773.000000
1178457.000000
1183326.000000
1427195.000000
1475084.000000
1182795.000000
1193257.000000
1467270.000000
1374829.000000
1193315.000000
1481549.000000
1364256.000000
1181092.000000
1179603.000000
1190852.000000
1191196.000000
1436332.000000
1342947.000000
1382344.000000
1316408.000000
1320790.000000
1194953.000000
1191144.000000
1524913.000000
1348706.000000
1320909.000000
1265027.000000
1241551.000000
1391232.000000
1199549.000000
1191469.000000
1536909.000000
1205932.000000
1581633.000000
1389180.000000
1380867.000000
1527335.000000
1496730.000000
1401186.000000
1192426.000000
1483115.000000
1329823.000000
1224450.000000
1190510.000000
1348189.000000
1497779.000000
1178640.000000
1187193.000000
1546294.000000
1190777.000000
1190017.000000
1332265.000000
1419603.000000
1191166.000000
1244442.000000
1203875.000000
1342928.000000
1254894.000000
1238906.000000
1186810.000000
1565098.000000
1471547.000000
1370282.000000
1437279.000000
1192127.000000
1374464.000000
1382363.000000
1424039.000000
1183083.000000
1189822.000000
1211260.000000
1183560.000000
1346206.000000
1197177.000000
1188521.000000
1187388.000000
1526550.000000
1548096.000000
1489781.000000
1564257.000000
1530230.000000
1354180.000000
1426263.000000
1218477.000000
1518278.000000
1257648.000000
1593464.000000
1244159.000000
1413954.000000
1232388.000000
1192850.000000
1201394.000000
1439893.000000
1181801.000000
1191892.000000
1473102.000000
1183499.000000
1190569.000000
1188775.000000
1344205.000000
1590185.000000
1187807.000000
1188861.000000
1488517.000000
1192327.000000
1195867.000000
1190354.000000
1192540.000000
1484990.000000
1185503.000000
1387626.000000
1387347.000000
1370910.000000
1175109.000000
1193725.000000
1192299.000000
1322776.000000
1183970.000000
1402166.000000
1194816.000000
1183693.000000
1195015.000000
1312663.000000
1495072.000000
1301907.000000
1187610.000000
1245437.000000
1342064.000000
1205189.000000
1236705.000000
1195877.000000
1378069.000000
1390747.000000
1188116.000000
1262491.000000
1184380.000000
1252290.000000
1195840.000000
1225425.000000
1337925.000000
1181693.000000
1186729.000000
1196093.000000
1190963.000000
1194521.000000
1195221.000000
1225305.000000
1190001.000000
1470073.000000
1191930.000000
1221880.000000
1233108.000000
1438990.000000
1359746.000000
1187506.000000
1416806.000000
1194142.000000
1191004.000000
1188689.000000
1183100.000000
1189005.000000
1341919.000000
1193150.000000
1189612.000000
