104.610000
116.293000
128.183000
121.037000
121.603000
113.620000
102.223000
131.197000
88.820000
129.370000
103.067000
124.340000
120.280000
115.787000
126.540000
90.807000
123.517000
122.910000
127.850000
123.310000
105.153000
118.613000
122.830000
131.367000
127.760000
126.400000
135.210000
127.070000
129.707000
127.913000
129.640000
130.600000
141.167000
120.800000
142.030000
130.857000
125.520000
116.783000
120.113000
124.820000
119.880000
109.077000
107.223000
108.917000
122.240000
129.780000
109.197000
122.390000
89.553000
117.717000
130.283000
95.253000
111.023000
103.247000
118.063000
107.900000
117.803000
115.407000
117.047000
105.503000
124.257000
123.700000
133.663000
101.730000
124.137000
102.147000
121.660000
103.630000
123.497000
130.923000
90.720000
114.503000
112.983000
125.760000
120.860000
96.813000
134.167000
109.257000
118.003000
100.570000
122.040000
126.383000
98.330000
131.920000
115.517000
114.317000
111.730000
99.010000
112.583000
102.023000
128.113000
93.583000
117.603000
129.790000
81.197000
113.880000
115.010000
110.150000
101.557000
127.723000
113.727000
129.727000
124.567000
125.730000
133.027000
123.247000
129.010000
129.257000
131.283000
118.787000
134.907000
132.407000
136.737000
129.127000
137.373000
133.153000
130.330000
128.190000
129.093000
132.517000
131.370000
132.970000
134.613000
134.757000
129.597000
135.713000
129.323000
133.840000
139.113000
125.933000
139.033000
130.690000
128.477000
132.260000
139.850000
118.047000
115.790000
131.373000
134.200000
128.630000
118.257000
128.227000
123.860000
115.467000
127.987000
101.103000
120.737000
119.650000
84.447000
103.517000
125.170000
111.227000
114.663000
84.803000
112.423000
124.307000
97.447000
125.843000
85.780000
110.890000
102.790000
121.540000
109.540000
117.830000
85.203000
113.370000
129.277000
127.413000
130.060000
129.977000
127.160000
125.370000
122.350000
129.537000
124.230000
124.843000
130.180000
119.100000
115.413000
99.800000
111.793000
112.080000
100.677000
110.920000
103.923000
119.167000
119.273000
90.637000
108.820000
100.057000
95.313000
95.387000
110.530000
122.480000
90.777000
118.350000
113.267000
115.213000
129.267000
84.660000
111.250000
106.570000
111.573000
120.633000
87.960000
120.233000
91.527000
110.020000
116.023000
114.153000
113.740000
106.037000
88.930000
110.817000
107.703000
117.640000
112.683000
93.273000
94.873000
118.100000
110.923000
112.423000
100.813000
111.190000
88.250000
110.000000
83.847000
97.073000
95.987000
105.207000
91.790000
84.433000
86.560000
100.167000
89.533000
81.083000
105.787000
116.333000
85.553000
122.363000
113.593000
102.357000
110.607000
81.867000
81.903000
93.577000
94.080000
113.113000
113.307000
108.113000
95.860000
94.423000
120.043000
116.283000
80.977000
108.587000
105.017000
109.217000
107.880000
111.383000
100.667000
107.263000
81.593000
99.813000
111.730000
87.410000
81.547000
93.517000
86.963000
115.767000
109.190000
88.857000
107.333000
88.217000
108.910000
129.173000
117.753000
130.043000
125.053000
124.767000
129.293000
125.073000
131.617000
139.717000
110.947000
131.233000
125.820000
134.353000
119.667000
112.973000
131.450000
114.583000
121.837000
129.570000
125.747000
137.797000
120.043000
99.880000
101.573000
107.740000
114.267000
130.733000
114.390000
124.490000
101.873000
103.093000
112.447000
120.717000
103.113000
126.103000
123.017000
95.530000
114.383000
118.527000
128.493000
116.477000
126.920000
133.130000
129.927000
134.123000
120.817000
104.447000
128.523000
128.357000
124.550000
128.263000
91.050000
119.877000
113.390000
86.907000
84.233000
80.827000
106.080000
97.367000
92.383000
120.200000
115.847000
106.770000
113.903000
107.207000
84.030000
102.520000
100.933000
111.747000
89.013000
81.283000
103.637000
121.170000
84.873000
89.100000
128.437000
107.420000
127.697000
107.840000
136.933000
108.780000
128.273000
125.590000
111.233000
128.130000
124.217000
128.037000
133.640000
136.763000
134.220000
132.120000
117.457000
126.353000
98.007000
120.243000
94.547000
118.067000
112.667000
118.253000
129.243000
144.193000
80.307000
82.297000
87.633000
89.760000
112.350000
86.120000
105.447000
80.810000
103.717000
106.743000
99.100000
104.870000
101.250000
89.057000
93.153000
112.650000
117.683000
113.877000
104.527000
105.557000
120.893000
115.200000
115.100000
91.837000
121.730000
115.943000
115.867000
94.347000
91.377000
106.397000
95.400000
124.993000
98.867000
113.493000
111.043000
120.707000
121.917000
119.757000
113.463000
106.520000
119.540000
80.513000
104.787000
112.253000
107.437000
108.793000
107.127000
96.603000
113.400000
118.123000
102.907000
115.710000
119.353000
114.547000
108.717000
107.707000
101.650000
117.490000
115.210000
106.043000
102.577000
92.743000
100.073000
82.067000
120.527000
100.713000
96.763000
113.527000
110.763000
95.953000
101.917000
121.360000
87.460000
107.500000
113.520000
123.417000
135.820000
108.637000
134.597000
130.547000
136.790000
122.530000
106.273000
119.027000
125.927000
109.523000
120.390000
81.030000
94.733000
91.363000
80.950000
91.697000
97.290000
89.193000
96.780000
89.040000
121.257000
105.100000
85.443000
107.340000
92.060000
121.817000
123.650000
125.780000
123.600000
125.000000
130.137000
113.517000
97.370000
108.647000
120.387000
127.433000
111.017000
80.317000
106.883000
102.687000
110.877000
112.137000
107.223000
111.397000
124.047000
80.607000
100.900000
110.267000
83.397000
113.557000
101.573000
106.517000
115.873000
114.467000
104.100000
92.977000
81.857000
120.750000
122.900000
120.513000
114.847000
134.570000
118.787000
117.670000
137.960000
130.500000
135.057000
133.267000
112.640000
126.923000
135.690000
124.747000
115.137000
105.657000
122.800000
116.200000
127.370000
136.833000
136.430000
132.047000
125.383000
132.990000
135.207000
135.507000
137.747000
123.140000
122.443000
125.350000
131.860000
128.670000
122.400000
129.810000
125.210000
128.007000
125.837000
117.180000
128.710000
113.357000
85.963000
106.300000
130.363000
126.110000
123.837000
98.950000
130.307000
120.327000
127.303000
101.253000
115.810000
83.920000
110.370000
84.733000
92.387000
82.247000
104.683000
90.137000
88.683000
98.850000
92.817000
101.320000
95.153000
104.257000
110.840000
104.833000
110.557000
102.793000
112.467000
108.753000
116.893000
119.543000
119.493000
100.420000
97.023000
92.830000
85.683000
85.080000
114.263000
105.123000
121.850000
114.033000
122.793000
119.497000
129.273000
128.490000
132.157000
117.347000
126.247000
110.970000
129.773000
130.633000
131.140000
107.227000
124.943000
101.837000
132.427000
84.717000
129.193000
120.940000
124.990000
131.787000
103.047000
131.933000
129.543000
121.697000
126.117000
123.517000
123.470000
133.053000
136.737000
134.967000
121.853000
131.967000
135.173000
131.993000
117.197000
128.073000
127.097000
133.893000
121.070000
135.933000
123.747000
139.487000
128.087000
98.180000
112.693000
120.660000
99.820000
128.950000
126.647000
115.097000
131.000000
105.670000
110.730000
83.583000
116.347000
126.997000
132.650000
124.160000
134.087000
110.083000
126.193000
134.947000
122.990000
125.047000
120.380000
96.610000
124.070000
126.853000
133.357000
126.793000
126.787000
116.360000
106.627000
132.013000
126.600000
124.530000
126.940000
130.370000
121.830000
125.487000
114.217000
120.293000
130.993000
130.653000
126.687000
133.963000
127.820000
119.417000
120.540000
103.543000
108.913000
136.600000
119.247000
119.777000
107.297000
130.303000
120.473000
136.350000
132.543000
123.843000
127.707000
127.247000
134.393000
138.797000
120.270000
120.253000
130.973000
132.057000
127.180000
125.603000
135.527000
138.377000
136.237000
124.627000
118.107000
133.090000
126.557000
139.810000
129.227000
124.227000
125.683000
115.927000
125.763000
102.373000
86.537000
123.800000
105.250000
87.963000
128.103000
116.107000
105.193000
121.870000
94.323000
98.833000
126.303000
110.167000
126.957000
137.510000
119.890000
127.240000
112.257000
129.827000
130.277000
118.137000
111.160000
124.927000
125.400000
130.000000
87.487000
91.197000
119.593000
124.030000
88.907000
88.593000
91.260000
107.350000
104.577000
115.197000
118.290000
88.557000
92.060000
112.260000
118.770000
110.967000
93.797000
120.590000
96.123000
105.860000
130.833000
89.257000
122.597000
105.973000
95.927000
110.970000
113.320000
96.233000
118.870000
119.053000
117.123000
105.147000
95.397000
110.940000
125.640000
111.450000
122.367000
122.600000
130.987000
128.440000
131.170000
114.253000
119.327000
105.083000
118.840000
93.093000
104.577000
108.923000
131.770000
99.480000
116.597000
122.097000
87.660000
129.430000
115.910000
128.347000
96.697000
129.953000
99.140000
116.493000
96.900000
113.150000
90.873000
96.540000
97.327000
124.687000
126.993000
124.593000
121.560000
90.510000
126.587000
107.457000
120.540000
106.977000
120.313000
130.157000
112.023000
100.980000
120.723000
112.923000
119.657000
99.230000
93.100000
121.393000
116.193000
123.073000
127.137000
116.530000
131.640000
125.237000
131.947000
124.003000
123.457000
125.830000
124.583000
132.683000
119.313000
111.913000
108.100000
137.587000
128.170000
127.210000
122.703000
117.687000
114.793000
107.853000
111.583000
125.070000
121.480000
128.823000
131.710000
115.287000
135.460000
125.580000
101.007000
86.107000
117.237000
121.607000
104.623000
90.670000
98.930000
134.290000
123.433000
118.230000
113.190000
95.317000
122.660000
117.047000
88.087000
98.413000
92.797000
121.257000
100.090000
110.587000
108.207000
87.403000
88.940000
96.943000
111.397000
91.030000
85.410000
92.023000
114.360000
101.783000
111.137000
101.603000
85.617000
124.417000
100.947000
123.747000
82.533000
89.740000
93.000000
116.537000
116.250000
121.457000
117.390000
81.343000
116.210000
125.193000
106.580000
100.287000
90.267000
123.873000
109.557000
111.110000
107.187000
130.820000
135.827000
86.183000
99.450000
87.937000
128.173000
130.247000
100.143000
101.307000
117.213000
120.367000
122.057000
121.140000
118.130000
131.347000
110.613000
95.553000
131.267000
113.303000
92.587000
82.083000
124.060000
96.020000
133.797000
95.170000
96.413000
121.100000
128.690000
124.400000
126.917000
137.560000
103.483000
91.790000
100.120000
110.013000
123.400000
139.873000
117.303000
109.393000
117.557000
131.730000
122.783000
102.867000
106.630000
109.073000
129.517000
104.097000
122.193000
105.323000
94.630000
125.597000
134.500000
118.987000
135.303000
132.670000
106.157000
129.437000
117.503000
135.070000
120.780000
126.673000
113.320000
128.647000
131.830000
114.520000
126.400000
105.947000
120.767000
133.503000
124.510000
133.067000
96.753000
126.573000
108.570000
129.320000
127.670000
138.810000
124.670000
133.530000
128.177000
132.960000
111.320000
117.057000
124.850000
130.690000
133.350000
130.787000
130.520000
119.057000
140.050000
132.510000
125.630000
112.813000
104.070000
123.383000
117.350000
123.610000
103.253000
122.117000
129.630000
121.923000
119.113000
121.757000
133.920000
122.600000
114.437000
134.797000
118.827000
106.427000
126.557000
129.927000
140.643000
111.110000
96.047000
128.383000
115.797000
133.070000
116.683000
128.740000
112.580000
115.680000
130.237000
145.203000
105.860000
116.503000
132.083000
124.413000
134.137000
125.013000
133.950000
116.407000
119.403000
125.310000
130.333000
137.307000
126.620000
127.117000
133.123000
140.547000
107.747000
115.047000
127.007000
122.313000
114.193000
111.567000
116.783000
127.710000
128.210000
136.453000
129.390000
138.827000
127.200000
117.713000
135.713000
137.767000
130.063000
116.073000
116.080000
119.363000
101.353000
125.953000
122.993000
129.287000
86.593000
111.140000
117.470000
128.533000
129.570000
128.183000
131.087000
138.377000
137.173000
121.757000
125.277000
132.747000
100.950000
112.950000
111.407000
141.103000
111.370000
133.180000
139.877000
110.480000
95.887000
110.117000
110.693000
133.947000
131.207000
105.580000
92.443000
111.617000
91.973000
90.817000
94.847000
106.773000
121.507000
121.133000
123.417000
100.000000
111.160000
90.100000
105.053000
91.110000
106.547000
122.373000
91.143000
114.190000
89.690000
103.313000
81.093000
117.313000
108.183000
103.927000
91.800000
93.707000
104.900000
102.940000
99.337000
117.873000
118.743000
113.457000
131.730000
132.900000
121.830000
84.483000
118.720000
91.770000
120.187000
117.580000
113.523000
89.290000
91.260000
100.173000
83.683000
94.867000
100.743000
83.910000
105.013000
109.270000
116.857000
113.417000
99.883000
108.847000
116.413000
94.307000
118.560000
97.557000
85.397000
93.093000
103.183000
106.793000
108.440000
119.727000
105.900000
130.447000
106.130000
83.547000
84.170000
109.417000
129.763000
102.233000
111.877000
110.593000
103.023000
121.280000
122.147000
100.430000
122.113000
106.843000
114.347000
99.800000
89.517000
83.503000
82.293000
104.390000
112.773000
109.367000
91.650000
90.157000
110.277000
88.147000
104.540000
118.967000
113.463000
106.497000
99.943000
91.487000
98.830000
96.937000
95.993000
85.897000
106.810000
116.717000
109.460000
93.560000
96.203000
102.547000
116.203000
98.530000
110.660000
96.407000
110.403000
130.173000
112.457000
114.380000
109.837000
105.503000
110.273000
120.567000
100.183000
122.513000
123.277000
103.673000
133.053000
124.130000
128.767000
130.880000
116.160000
133.997000
136.427000
118.513000
107.977000
126.857000
116.813000
122.837000
125.333000
131.173000
132.713000
126.493000
125.933000
127.070000
131.987000
126.633000
131.803000
125.187000
91.657000
130.930000
117.570000
128.410000
137.590000
123.173000
136.873000
127.373000
128.013000
124.270000
131.057000
135.767000
122.447000
124.067000
127.587000
126.903000
112.087000
124.920000
81.443000
95.363000
83.797000
82.700000
95.737000
93.817000
88.997000
102.757000
102.167000
83.343000
124.070000
107.077000
101.830000
91.140000
91.633000
131.447000
123.433000
122.170000
123.500000
129.113000
118.893000
92.073000
134.307000
123.643000
128.427000
121.060000
108.190000
99.967000
94.293000
131.790000
113.380000
131.620000
127.607000
134.930000
125.837000
137.787000
130.780000
126.087000
133.433000
134.367000
120.370000
134.280000
131.777000
118.647000
135.600000
125.180000
116.723000
132.910000
138.013000
123.887000
109.140000
130.937000
125.873000
119.400000
134.847000
133.040000
102.357000
124.770000
133.957000
122.463000
124.360000
122.063000
85.710000
130.253000
118.000000
131.037000
103.323000
131.200000
120.497000
99.777000
118.743000
129.243000
122.053000
130.450000
134.283000
142.260000
132.800000
130.780000
130.817000
121.080000
112.323000
131.477000
127.493000
129.883000
124.733000
120.207000
128.487000
113.503000
125.310000
133.980000
120.263000
130.667000
132.897000
131.070000
125.590000
138.533000
127.547000
133.110000
130.770000
83.960000
91.693000
90.427000
84.400000
88.310000
88.987000
98.927000
97.430000
89.577000
101.430000
108.737000
114.043000
102.960000
108.013000
123.377000
106.437000
90.087000
108.513000
91.577000
105.280000
87.713000
92.720000
83.453000
100.307000
89.563000
98.657000
94.653000
110.533000
111.800000
86.170000
114.617000
112.867000
108.503000
112.020000
88.130000
104.573000
83.657000
81.140000
101.663000
92.830000
111.300000
111.513000
101.620000
130.497000
121.203000
131.893000
131.853000
124.000000
125.650000
124.360000
129.110000
130.670000
120.750000
124.177000
129.767000
123.353000
126.337000
120.773000
125.340000
108.983000
126.923000
124.720000
132.247000
137.010000
120.730000
127.900000
112.710000
98.257000
121.423000
86.620000
81.177000
84.413000
83.817000
107.003000
98.990000
102.837000
112.200000
98.723000
100.163000
107.563000
88.903000
101.367000
123.213000
119.397000
105.733000
104.353000
102.163000
119.997000
100.753000
123.300000
95.813000
124.807000
124.977000
95.123000
116.777000
101.170000
106.587000
93.193000
104.300000
118.167000
108.470000
113.080000
94.047000
92.557000
86.207000
84.293000
97.070000
92.220000
93.087000
111.110000
114.077000
112.983000
109.160000
113.923000
90.823000
117.923000
108.343000
106.627000
121.207000
128.780000
125.740000
126.013000
128.667000
135.893000
136.253000
131.713000
125.437000
87.697000
119.197000
113.897000
121.420000
126.023000
124.140000
122.623000
127.827000
119.970000
114.583000
118.933000
116.733000
118.017000
109.540000
134.123000
134.863000
124.537000
128.457000
135.893000
125.830000
118.737000
128.923000
128.277000
111.483000
129.490000
127.687000
124.477000
130.510000
121.237000
105.287000
123.520000
125.470000
84.110000
108.460000
118.443000
84.930000
126.640000
107.973000
123.947000
123.723000
125.780000
110.990000
117.463000
127.533000
127.123000
124.790000
124.320000
129.933000
120.580000
134.343000
135.173000
132.483000
128.907000
134.137000
142.723000
125.610000
125.503000
131.437000
139.133000
127.840000
124.693000
125.000000
131.213000
127.963000
129.800000
124.823000
132.547000
127.990000
124.060000
129.697000
127.367000
122.053000
126.143000
123.353000
125.747000
120.737000
128.417000
135.793000
131.140000
125.143000
132.497000
129.363000
130.200000
120.507000
132.007000
123.400000
122.870000
136.343000
130.967000
122.730000
115.247000
115.807000
115.657000
120.870000
117.453000
127.227000
121.677000
126.543000
126.433000
120.980000
125.950000
138.803000
126.837000
126.960000
94.937000
121.290000
99.327000
101.457000
86.047000
123.347000
114.727000
113.220000
103.243000
115.380000
104.283000
81.370000
83.980000
97.470000
102.897000
91.073000
93.603000
98.350000
93.537000
81.183000
95.473000
93.327000
112.913000
112.340000
106.833000
101.787000
104.250000
117.977000
127.547000
80.883000
105.023000
93.440000
119.860000
91.953000
87.967000
108.373000
111.543000
102.240000
121.633000
124.787000
114.317000
118.427000
124.097000
134.970000
129.740000
122.177000
126.427000
127.233000
113.773000
130.213000
115.490000
131.370000
116.323000
119.117000
119.113000
116.207000
125.030000
121.933000
116.940000
124.153000
127.583000
111.380000
113.657000
110.677000
120.180000
81.530000
119.690000
121.807000
100.213000
109.503000
90.947000
92.707000
80.833000
104.983000
117.210000
104.993000
116.433000
97.550000
97.417000
107.157000
119.017000
112.167000
115.683000
104.897000
112.253000
107.500000
115.097000
116.157000
111.783000
116.103000
116.707000
130.707000
103.113000
109.000000
114.673000
93.870000
109.817000
97.113000
106.770000
114.227000
112.220000
116.603000
98.890000
117.313000
97.713000
112.387000
104.977000
95.337000
110.750000
116.113000
90.707000
83.763000
84.723000
99.623000
120.533000
122.717000
137.453000
133.697000
118.723000
129.347000
129.117000
129.513000
125.943000
127.440000
124.700000
125.777000
122.657000
128.863000
123.393000
124.833000
93.393000
117.747000
120.427000
98.300000
107.327000
101.420000
121.617000
89.580000
123.100000
114.027000
107.207000
102.877000
93.303000
116.127000
102.630000
109.207000
117.913000
97.873000
116.177000
95.843000
121.587000
81.457000
110.207000
105.603000
114.330000
123.243000
105.597000
125.587000
96.153000
124.577000
96.777000
115.220000
94.980000
117.590000
119.053000
98.120000
117.800000
108.460000
123.927000
118.233000
117.690000
114.227000
100.837000
125.500000
103.390000
119.180000
104.070000
120.657000
126.270000
119.257000
120.187000
108.077000
124.210000
94.510000
118.933000
99.847000
124.790000
112.363000
116.453000
124.607000
94.443000
107.803000
115.827000
108.747000
97.183000
122.327000
112.420000
135.280000
119.887000
124.540000
131.103000
121.887000
123.137000
127.820000
114.970000
127.760000
120.473000
120.063000
127.527000
124.303000
130.650000
130.950000
128.833000
126.607000
128.617000
122.613000
125.143000
133.750000
127.610000
125.583000
129.727000
130.033000
127.187000
128.430000
120.973000
133.810000
127.483000
124.550000
124.087000
128.373000
128.030000
127.497000
125.857000
122.000000
119.650000
129.470000
128.290000
119.113000
123.810000
131.773000
122.977000
108.523000
115.700000
109.373000
119.997000
103.007000
100.187000
109.183000
121.900000
111.050000
113.210000
94.760000
126.110000
96.507000
99.927000
116.760000
115.290000
123.297000
83.757000
120.287000
114.747000
121.737000
121.097000
123.793000
116.893000
102.310000
128.300000
122.560000
123.150000
124.237000
129.607000
121.360000
129.513000
127.907000
120.660000
129.597000
100.333000
113.650000
101.813000
106.550000
120.133000
93.920000
114.287000
89.647000
121.003000
108.757000
90.397000
115.453000
93.393000
95.577000
117.323000
87.870000
111.977000
102.457000
125.350000
81.253000
114.680000
116.533000
91.443000
110.590000
108.620000
105.473000
110.340000
81.703000
113.967000
89.013000
117.807000
118.143000
117.117000
116.640000
111.317000
90.323000
84.933000
113.963000
107.317000
113.950000
117.093000
86.940000
98.773000
91.563000
100.537000
109.810000
102.140000
96.703000
91.620000
114.213000
85.907000
86.637000
93.833000
102.037000
88.120000
84.923000
87.707000
108.377000
123.883000
107.047000
91.247000
95.400000
96.490000
109.073000
116.513000
88.833000
105.653000
86.207000
89.977000
92.830000
117.723000
89.013000
91.443000
117.723000
103.093000
94.230000
80.410000
116.183000
109.273000
116.797000
94.147000
102.440000
86.877000
81.620000
95.743000
104.890000
104.537000
86.017000
89.407000
99.290000
80.380000
98.083000
81.393000
92.910000
81.563000
110.690000
104.260000
112.673000
117.377000
125.440000
114.823000
121.593000
121.050000
122.437000
106.553000
122.407000
115.253000
126.710000
104.627000
105.620000
124.320000
99.793000
106.953000
128.073000
111.263000
122.270000
83.887000
103.517000
96.260000
104.433000
125.297000
123.373000
100.837000
111.153000
92.397000
91.520000
101.750000
100.867000
97.460000
118.550000
115.240000
84.493000
108.753000
104.260000
114.907000
110.820000
118.833000
114.943000
123.453000
116.213000
117.893000
103.783000
118.557000
104.260000
99.727000
124.663000
101.627000
86.437000
99.857000
85.690000
84.837000
82.287000
96.767000
82.960000
91.470000
98.780000
102.877000
81.490000
104.620000
102.250000
99.590000
105.383000
98.820000
92.850000
86.967000
80.917000
92.007000
110.027000
85.737000
81.263000
105.263000
92.880000
127.433000
107.443000
123.977000
103.777000
114.390000
114.797000
95.453000
112.613000
120.630000
115.427000
115.543000
120.863000
118.300000
122.253000
106.510000
113.417000
102.320000
110.480000
93.480000
112.543000
104.710000
109.040000
123.023000
129.483000
81.530000
87.037000
108.950000
91.330000
88.827000
106.753000
102.697000
106.703000
106.810000
91.743000
117.023000
83.330000
113.250000
121.693000
107.300000
107.927000
101.590000
120.433000
106.927000
113.453000
97.177000
117.520000
121.203000
113.793000
96.237000
90.670000
103.530000
106.650000
88.640000
90.503000
112.550000
118.670000
117.627000
119.833000
119.567000
116.187000
110.103000
95.343000
92.233000
100.657000
109.180000
106.547000
107.337000
87.340000
89.697000
106.080000
123.370000
103.417000
110.493000
105.077000
106.717000
111.363000
107.773000
102.733000
109.773000
101.587000
104.167000
110.060000
97.303000
91.753000
86.953000
99.753000
110.717000
108.897000
85.217000
85.250000
88.270000
113.477000
87.100000
103.137000
96.890000
107.993000
118.327000
105.203000
116.303000
100.363000
111.627000
105.150000
99.823000
104.727000
111.503000
108.420000
97.667000
99.553000
83.197000
80.543000
86.217000
83.220000
84.493000
85.850000
81.243000
97.620000
103.087000
91.830000
102.760000
107.490000
115.290000
112.637000
91.947000
108.127000
96.507000
99.097000
105.207000
112.783000
112.173000
116.557000
118.523000
98.483000
103.377000
102.333000
84.000000
97.730000
98.633000
106.623000
105.293000
106.680000
100.097000
107.057000
84.107000
92.333000
93.793000
104.397000
94.837000
109.880000
112.713000
120.187000
110.870000
109.647000
129.613000
112.840000
112.967000
126.800000
126.393000
122.427000
124.657000
117.363000
109.990000
125.723000
120.330000
120.293000
102.123000
113.113000
121.537000
113.873000
124.390000
118.423000
121.560000
120.183000
125.553000
124.547000
113.340000
120.633000
116.043000
118.233000
112.397000
124.213000
125.023000
123.117000
106.943000
124.700000
119.450000
121.650000
121.500000
112.710000
113.687000
112.743000
93.357000
85.863000
107.943000
117.570000
107.923000
115.777000
104.230000
125.733000
115.693000
116.200000
94.657000
121.050000
83.927000
83.090000
101.073000
95.730000
87.140000
88.573000
106.183000
98.713000
99.600000
94.257000
102.477000
107.727000
107.870000
109.373000
102.537000
114.000000
108.550000
117.810000
93.793000
92.650000
84.970000
81.487000
85.243000
106.807000
99.163000
119.797000
113.510000
117.240000
112.267000
118.187000
114.920000
133.893000
111.993000
128.477000
118.350000
133.777000
124.613000
126.120000
116.433000
121.243000
90.550000
128.153000
95.657000
84.123000
84.830000
97.703000
91.250000
100.080000
115.383000
121.280000
101.743000
123.217000
93.890000
89.863000
95.150000
89.430000
110.463000
104.810000
123.603000
108.423000
120.070000
89.193000
109.240000
117.567000
111.497000
127.023000
104.947000
124.413000
92.180000
90.160000
87.510000
113.730000
98.107000
96.640000
89.963000
92.590000
108.063000
81.167000
100.843000
109.447000
97.933000
110.310000
99.833000
85.947000
102.123000
91.850000
105.687000
108.657000
85.440000
91.260000
91.127000
99.623000
83.383000
103.370000
112.590000
96.127000
109.233000
80.310000
107.797000
96.280000
118.033000
109.823000
91.013000
116.460000
85.273000
120.830000
88.990000
119.397000
112.390000
96.953000
113.497000
120.947000
123.367000
123.547000
110.373000
123.037000
122.620000
113.640000
113.000000
119.800000
118.757000
120.797000
125.067000
122.733000
115.127000
121.497000
119.947000
128.597000
122.533000
120.223000
125.190000
127.067000
121.630000
109.707000
121.650000
121.810000
124.647000
122.713000
120.020000
119.653000
120.103000
115.743000
124.573000
121.687000
120.450000
124.607000
125.650000
118.120000
122.347000
107.507000
123.127000
85.860000
85.207000
93.167000
81.750000
86.213000
81.747000
91.390000
99.683000
115.213000
103.613000
98.413000
93.940000
102.550000
83.250000
83.420000
101.013000
84.260000
98.300000
95.140000
96.190000
98.050000
111.763000
109.487000
83.090000
121.557000
107.910000
115.840000
96.517000
93.623000
82.360000
117.407000
103.077000
101.053000
92.630000
120.310000
119.337000
124.120000
120.980000
122.670000
120.813000
130.443000
109.520000
128.923000
122.863000
122.160000
116.283000
122.480000
125.970000
128.897000
127.797000
113.330000
121.377000
99.323000
117.940000
122.393000
120.107000
122.927000
118.080000
127.410000
115.323000
102.750000
121.637000
86.723000
83.810000
95.240000
86.420000
82.930000
90.273000
102.433000
105.793000
108.340000
113.590000
104.647000
93.943000
107.300000
105.977000
110.853000
110.743000
111.980000
113.853000
117.817000
114.580000
120.757000
109.847000
93.350000
117.497000
111.047000
120.707000
120.703000
92.563000
105.880000
86.137000
101.077000
114.110000
104.480000
109.217000
89.860000
103.333000
93.010000
95.920000
104.663000
107.070000
117.257000
106.483000
110.643000
85.877000
108.540000
115.883000
113.283000
112.983000
110.583000
124.817000
120.277000
111.740000
124.093000
123.057000
123.167000
126.533000
84.730000
114.890000
113.583000
118.137000
111.933000
122.603000
127.473000
119.390000
116.460000
113.397000
109.460000
119.990000
87.527000
114.017000
117.623000
122.270000
121.447000
115.340000
120.507000
121.890000
125.717000
118.097000
121.387000
118.100000
110.203000
125.770000
121.743000
114.133000
123.490000
123.033000
116.123000
117.117000
112.317000
98.250000
105.853000
105.037000
105.913000
120.057000
116.953000
115.923000
119.723000
119.120000
106.387000
92.263000
113.893000
117.303000
114.367000
116.487000
120.420000
121.120000
114.550000
117.357000
115.530000
122.713000
123.467000
124.103000
122.430000
118.657000
117.990000
120.470000
121.097000
127.183000
121.513000
117.557000
119.383000
120.933000
116.540000
115.703000
119.807000
117.657000
123.653000
117.327000
117.933000
125.480000
121.330000
119.107000
119.390000
110.013000
113.753000
116.580000
118.460000
114.340000
122.720000
113.467000
120.253000
118.050000
86.173000
118.437000
117.310000
115.517000
112.513000
124.237000
116.187000
118.547000
107.123000
107.323000
117.510000
108.073000
108.143000
115.973000
117.190000
122.703000
116.187000
113.880000
125.020000
116.087000
116.060000
124.530000
100.843000
116.007000
94.053000
84.303000
89.193000
119.943000
109.890000
99.407000
93.297000
91.140000
87.937000
82.383000
92.347000
88.937000
88.900000
87.263000
90.540000
97.270000
93.010000
94.083000
88.183000
102.060000
104.063000
103.490000
104.210000
97.360000
112.750000
113.927000
107.567000
80.440000
82.357000
113.823000
89.080000
117.010000
92.440000
112.860000
89.397000
113.353000
116.537000
113.613000
112.813000
106.933000
121.753000
122.317000
117.290000
120.360000
117.867000
114.473000
114.320000
112.217000
106.760000
120.783000
111.100000
118.020000
116.487000
118.827000
120.303000
108.203000
121.027000
121.053000
108.713000
83.677000
107.700000
85.470000
104.383000
102.733000
97.953000
104.170000
108.727000
98.037000
111.953000
81.217000
87.987000
92.023000
103.297000
105.123000
93.267000
116.133000
105.240000
102.060000
100.967000
111.360000
111.293000
115.927000
98.283000
105.170000
106.343000
113.937000
116.473000
113.677000
113.940000
118.357000
107.097000
104.137000
112.823000
108.857000
101.200000
94.000000
99.703000
101.683000
101.200000
105.393000
99.450000
99.280000
82.023000
86.353000
105.353000
100.153000
98.153000
94.893000
96.520000
106.387000
100.377000
91.193000
89.973000
110.713000
117.240000
126.273000
122.930000
142.733000
130.087000
127.387000
130.443000
132.270000
138.477000
138.707000
135.977000
134.543000
136.820000
130.337000
134.727000
141.600000
127.457000
139.110000
132.560000
80.607000
121.617000
94.323000
96.313000
120.000000
113.690000
81.887000
131.340000
129.987000
109.143000
118.883000
85.083000
121.537000
131.920000
101.227000
133.963000
126.183000
117.747000
116.970000
118.627000
134.917000
134.040000
126.863000
129.020000
117.367000
119.680000
131.027000
118.723000
89.790000
124.840000
129.487000
87.807000
91.887000
92.847000
112.680000
98.837000
83.060000
83.233000
115.103000
125.897000
102.427000
95.307000
112.793000
118.930000
105.100000
119.440000
112.413000
122.623000
114.170000
128.237000
94.803000
92.547000
92.223000
86.500000
112.867000
106.730000
113.757000
113.250000
123.397000
132.533000
109.187000
108.960000
98.180000
112.913000
108.550000
125.947000
116.163000
129.023000
127.697000
124.123000
136.420000
127.710000
104.590000
109.237000
98.407000
111.667000
114.587000
85.807000
81.200000
110.437000
127.193000
95.497000
106.007000
124.970000
98.573000
121.477000
114.823000
134.203000
96.820000
128.247000
91.960000
114.237000
132.073000
116.313000
101.217000
91.380000
118.277000
125.287000
130.080000
120.333000
117.123000
98.400000
117.923000
114.507000
122.510000
109.983000
133.373000
138.360000
119.280000
107.327000
114.850000
117.820000
122.320000
108.217000
101.437000
119.117000
119.710000
115.577000
132.317000
117.963000
137.873000
133.137000
135.063000
130.110000
105.020000
129.497000
85.267000
121.793000
118.110000
126.730000
128.083000
86.013000
128.037000
128.230000
137.933000
125.897000
105.227000
111.887000
111.500000
110.777000
133.013000
117.143000
132.437000
126.917000
119.117000
133.420000
125.327000
88.143000
124.120000
103.603000
122.863000
116.897000
109.927000
122.027000
132.180000
126.607000
120.627000
100.767000
108.200000
123.130000
129.223000
93.797000
87.823000
129.200000
120.803000
121.793000
84.120000
82.257000
107.530000
100.927000
97.437000
111.680000
95.203000
93.197000
96.283000
116.960000
114.097000
121.467000
95.323000
85.487000
123.723000
94.577000
115.927000
87.760000
89.663000
97.483000
123.413000
112.850000
118.307000
117.427000
122.890000
111.450000
123.667000
107.650000
112.497000
132.390000
99.040000
86.277000
93.287000
139.590000
129.673000
113.657000
89.867000
106.703000
128.983000
125.443000
104.553000
104.813000
105.930000
119.103000
113.113000
129.363000
120.827000
111.807000
137.017000
103.117000
110.793000
133.310000
100.877000
95.577000
91.687000
129.060000
113.550000
137.710000
107.193000
95.330000
128.410000
130.520000
133.557000
130.900000
141.660000
116.540000
86.153000
134.783000
103.037000
123.117000
117.083000
131.577000
128.600000
92.067000
137.590000
133.027000
108.597000
99.927000
111.563000
107.910000
117.930000
136.957000
113.507000
123.093000
112.143000
101.010000
128.480000
129.920000
120.360000
131.003000
132.020000
124.967000
128.973000
120.877000
142.550000
116.030000
137.963000
126.510000
136.283000
130.377000
114.550000
123.590000
102.837000
121.123000
116.690000
138.637000
134.263000
109.493000
113.680000
131.333000
122.487000
131.743000
138.440000
133.727000
125.120000
132.600000
124.170000
135.590000
112.140000
115.110000
132.837000
132.530000
134.313000
131.347000
128.217000
132.263000
138.647000
125.620000
109.627000
119.640000
125.497000
121.427000
122.697000
126.610000
125.910000
131.627000
92.273000
126.033000
132.943000
134.400000
131.480000
129.820000
135.953000
136.757000
122.140000
129.273000
122.180000
104.413000
130.593000
135.093000
139.133000
111.450000
111.850000
125.343000
128.673000
120.857000
115.673000
127.680000
124.503000
135.480000
116.687000
132.617000
137.583000
99.373000
121.933000
132.837000
133.337000
134.763000
124.647000
128.867000
121.610000
125.307000
137.737000
140.543000
138.810000
127.760000
140.687000
127.720000
145.397000
126.970000
132.247000
132.233000
115.370000
127.753000
122.290000
113.220000
136.800000
112.337000
134.397000
129.327000
129.250000
131.093000
127.560000
116.060000
139.790000
138.830000
130.707000
120.283000
125.463000
127.130000
104.483000
119.110000
130.360000
120.273000
83.717000
109.317000
113.457000
127.863000
121.977000
128.750000
129.510000
126.697000
135.663000
139.140000
122.067000
110.293000
138.457000
114.157000
120.293000
107.063000
136.293000
117.400000
140.860000
134.267000
111.230000
103.460000
117.167000
127.407000
128.530000
109.453000
111.507000
84.097000
128.743000
101.073000
85.007000
105.540000
124.160000
117.063000
127.997000
97.857000
118.220000
81.017000
112.377000
93.987000
100.567000
95.620000
104.603000
119.567000
92.233000
110.017000
100.213000
121.480000
91.260000
86.753000
115.793000
109.377000
117.770000
106.717000
99.550000
114.607000
125.927000
131.193000
123.553000
107.040000
108.753000
104.003000
113.190000
124.823000
121.537000
111.690000
119.010000
88.787000
110.100000
123.280000
120.870000
117.957000
86.323000
100.787000
90.467000
99.947000
89.837000
84.613000
85.410000
95.980000
89.497000
121.767000
85.513000
124.993000
87.670000
108.753000
102.520000
93.783000
90.557000
132.383000
129.267000
131.363000
130.047000
136.733000
132.160000
133.620000
129.563000
131.557000
121.453000
125.457000
127.803000
131.263000
131.440000
127.817000
133.903000
136.937000
126.280000
132.920000
126.403000
124.930000
134.090000
126.520000
124.923000
126.427000
130.340000
126.493000
120.607000
129.820000
132.390000
133.867000
128.753000
88.320000
104.010000
124.600000
131.797000
123.617000
90.847000
122.597000
129.063000
129.757000
132.920000
97.117000
131.610000
129.710000
109.357000
128.053000
123.863000
127.980000
117.890000
126.523000
124.447000
128.013000
122.063000
129.483000
128.707000
125.853000
121.293000
121.587000
118.987000
130.600000
125.677000
121.320000
130.893000
124.020000
95.687000
106.743000
100.730000
109.573000
97.113000
110.570000
105.293000
107.583000
114.303000
115.433000
117.983000
112.383000
119.940000
119.673000
123.327000
117.777000
120.507000
128.143000
131.253000
123.980000
120.257000
109.687000
120.043000
127.947000
127.517000
135.450000
121.230000
120.097000
132.407000
128.943000
123.040000
129.137000
127.057000
120.830000
135.847000
127.707000
129.740000
115.480000
120.060000
123.487000
128.630000
117.740000
134.390000
130.717000
116.920000
119.843000
115.930000
120.017000
124.120000
127.327000
115.980000
138.613000
136.697000
122.090000
130.957000
112.823000
122.303000
107.970000
127.093000
127.210000
109.847000
132.430000
122.290000
109.850000
116.973000
115.347000
87.817000
83.900000
86.363000
88.163000
96.047000
90.580000
91.990000
94.983000
92.660000
100.373000
98.897000
98.523000
92.243000
86.337000
87.987000
98.750000
97.143000
92.723000
91.530000
85.740000
92.403000
91.687000
93.383000
96.730000
88.997000
89.653000
96.533000
93.513000
95.650000
101.013000
94.260000
94.317000
94.373000
91.863000
81.673000
100.083000
93.000000
94.410000
94.800000
97.197000
97.787000
95.707000
89.950000
93.837000
90.500000
94.397000
88.653000
100.520000
91.870000
103.750000
109.873000
114.687000
118.767000
109.910000
111.250000
111.323000
106.153000
113.250000
108.570000
108.917000
120.870000
109.980000
115.090000
111.677000
114.820000
121.937000
105.867000
107.963000
113.557000
112.203000
117.513000
113.773000
112.067000
116.147000
105.543000
114.320000
114.997000
106.730000
112.227000
118.440000
116.727000
117.717000
115.280000
111.937000
112.417000
110.667000
110.970000
108.917000
115.583000
107.743000
103.197000
118.077000
113.943000
115.037000
114.537000
116.163000
106.600000
118.833000
108.907000
112.307000
118.887000
114.360000
106.670000
114.647000
106.620000
115.510000
117.780000
109.940000
96.940000
102.090000
104.460000
107.177000
111.590000
116.897000
110.670000
115.200000
112.767000
122.523000
119.283000
117.163000
113.483000
115.400000
116.460000
115.947000
118.397000
115.660000
118.690000
121.350000
110.773000
117.373000
116.700000
116.447000
117.327000
119.600000
128.340000
123.900000
126.017000
124.170000
128.937000
115.993000
122.910000
122.007000
118.793000
101.463000
104.987000
108.913000
119.407000
113.640000
107.423000
114.940000
121.137000
116.803000
110.417000
118.970000
113.973000
109.333000
119.477000
116.740000
114.483000
115.157000
109.347000
113.607000
104.000000
111.427000
116.197000
115.483000
118.763000
113.103000
119.187000
111.563000
107.957000
103.970000
113.250000
122.337000
103.910000
113.770000
116.990000
111.503000
115.923000
125.357000
117.027000
121.697000
124.293000
115.253000
116.503000
118.683000
117.763000
114.980000
118.047000
123.367000
117.327000
112.730000
115.247000
114.763000
117.227000
123.117000
113.933000
111.043000
112.357000
111.457000
116.537000
118.957000
123.770000
115.973000
112.653000
122.943000
114.967000
98.160000
107.877000
119.400000
117.410000
123.277000
103.920000
125.363000
119.120000
121.957000
118.030000
125.477000
117.193000
118.487000
117.647000
115.550000
120.043000
124.027000
126.443000
112.073000
116.563000
123.753000
116.690000
125.153000
120.620000
118.893000
118.810000
130.130000
118.593000
117.843000
109.627000
123.797000
114.147000
120.617000
117.077000
132.373000
129.503000
120.637000
124.410000
122.793000
115.593000
123.067000
130.813000
135.873000
122.353000
119.853000
122.697000
124.970000
118.960000
125.943000
123.797000
132.403000
120.773000
121.330000
131.080000
128.870000
124.137000
127.647000
123.087000
125.643000
123.267000
127.550000
125.883000
120.487000
116.700000
117.373000
113.497000
117.403000
128.097000
119.250000
126.723000
126.630000
128.490000
135.907000
120.400000
126.927000
121.323000
123.020000
128.513000
124.930000
126.617000
123.920000
126.807000
119.033000
130.303000
120.673000
122.393000
119.840000
121.593000
119.350000
133.440000
133.430000
127.430000
124.660000
119.783000
129.587000
128.243000
129.917000
131.867000
121.550000
114.303000
123.483000
120.807000
118.297000
121.510000
120.920000
126.587000
116.400000
124.240000
121.397000
121.457000
124.740000
121.197000
120.140000
133.320000
126.407000
138.067000
129.767000
120.253000
126.580000
124.213000
124.977000
118.863000
119.317000
127.890000
131.770000
129.183000
135.207000
123.057000
122.550000
121.830000
118.577000
120.063000
123.697000
126.663000
124.617000
130.210000
129.647000
123.340000
129.913000
125.470000
126.663000
120.593000
124.510000
132.217000
121.763000
121.243000
116.737000
117.880000
127.713000
124.347000
123.550000
126.510000
115.757000
121.617000
121.227000
134.330000
122.177000
126.007000
122.163000
126.367000
125.227000
121.503000
121.167000
133.727000
126.293000
127.347000
118.917000
128.673000
127.267000
133.393000
127.657000
127.317000
131.300000
121.423000
122.717000
128.970000
134.767000
125.750000
127.243000
136.547000
132.830000
132.873000
127.580000
123.790000
123.913000
122.497000
130.473000
122.300000
121.113000
128.530000
124.683000
126.683000
122.180000
126.913000
127.297000
121.843000
125.220000
128.430000
127.890000
127.737000
123.423000
126.877000
122.770000
132.700000
127.447000
130.120000
117.480000
124.183000
126.730000
122.487000
127.430000
125.010000
122.207000
126.257000
127.163000
126.127000
129.133000
118.383000
128.003000
121.900000
105.450000
123.470000
113.483000
98.640000
118.687000
104.393000
120.650000
98.097000
115.527000
108.643000
113.750000
96.157000
108.247000
117.640000
107.930000
101.643000
115.383000
112.137000
119.327000
86.097000
110.787000
109.017000
118.597000
123.970000
106.330000
122.260000
124.727000
114.737000
96.957000
127.050000
106.167000
108.737000
116.370000
110.940000
119.877000
117.483000
101.357000
123.287000
105.040000
115.240000
101.653000
117.337000
126.087000
96.120000
124.783000
118.790000
115.567000
117.860000
85.100000
109.217000
100.420000
126.673000
115.847000
107.563000
115.810000
128.000000
102.943000
110.590000
105.657000
123.213000
118.720000
113.740000
126.920000
119.157000
125.177000
128.467000
123.500000
128.620000
122.273000
120.840000
121.717000
127.113000
124.633000
128.993000
127.807000
125.487000
127.733000
130.603000
125.807000
126.587000
125.217000
127.420000
123.207000
128.793000
128.647000
128.133000
125.297000
119.563000
128.087000
131.003000
128.357000
126.183000
130.527000
130.843000
134.527000
121.463000
126.753000
130.253000
126.140000
127.693000
117.570000
124.423000
126.387000
117.080000
125.970000
94.350000
121.190000
114.227000
88.017000
100.107000
125.890000
106.503000
109.267000
81.303000
99.223000
111.323000
91.097000
120.367000
88.700000
110.290000
114.970000
126.247000
109.837000
106.620000
119.583000
114.767000
108.207000
119.307000
125.240000
123.193000
123.070000
123.853000
122.267000
121.493000
119.410000
129.307000
128.973000
114.850000
110.803000
97.933000
108.300000
109.457000
104.190000
111.977000
110.067000
82.453000
119.693000
94.260000
91.990000
100.960000
127.550000
88.190000
111.763000
106.470000
120.813000
88.073000
100.900000
99.200000
97.020000
112.067000
87.690000
115.070000
118.123000
107.300000
114.500000
91.710000
111.057000
119.383000
111.903000
106.087000
83.657000
87.570000
104.557000
111.033000
86.443000
113.370000
103.847000
85.883000
84.457000
111.447000
99.733000
113.213000
103.093000
99.333000
80.703000
122.940000
112.457000
111.047000
96.130000
100.207000
102.177000
90.737000
110.507000
121.880000
80.870000
83.033000
115.413000
87.843000
116.323000
89.200000
107.650000
86.450000
91.693000
101.137000
120.873000
102.367000
118.647000
106.603000
85.857000
87.553000
122.070000
89.957000
120.503000
101.410000
105.820000
103.437000
82.750000
87.700000
97.650000
107.223000
83.827000
86.997000
82.123000
80.307000
81.700000
93.010000
107.497000
85.843000
86.460000
96.670000
106.030000
109.300000
106.497000
112.863000
98.993000
104.073000
108.163000
86.827000
107.577000
100.757000
96.960000
97.183000
91.227000
99.613000
99.263000
94.993000
97.930000
110.787000
82.073000
94.953000
82.027000
92.253000
107.310000
107.583000
91.967000
97.037000
84.197000
87.173000
90.253000
101.757000
90.353000
99.740000
92.810000
90.233000
100.363000
96.383000
99.380000
101.483000
104.923000
86.683000
98.553000
90.120000
86.970000
101.083000
89.343000
80.787000
86.847000
91.180000
83.613000
81.967000
83.243000
85.013000
91.533000
82.767000
82.827000
95.440000
84.597000
95.263000
85.527000
105.423000
102.113000
90.713000
93.467000
96.713000
113.097000
93.563000
111.683000
111.357000
97.637000
99.090000
93.613000
84.300000
91.173000
88.010000
85.613000
100.707000
90.837000
93.857000
98.127000
100.343000
87.623000
87.990000
90.593000
95.137000
85.297000
92.530000
84.920000
87.090000
80.017000
97.440000
98.107000
84.127000
91.620000
94.533000
90.287000
89.267000
92.323000
84.437000
101.640000
98.287000
93.697000
80.257000
82.877000
91.903000
93.173000
88.443000
80.230000
98.313000
92.323000
83.283000
94.057000
96.913000
102.870000
91.493000
90.700000
91.633000
87.877000
87.060000
88.863000
82.233000
90.253000
100.213000
97.227000
89.527000
98.910000
95.273000
97.407000
84.350000
92.730000
93.463000
88.043000
100.837000
98.197000
93.403000
90.997000
93.187000
81.143000
97.027000
92.863000
85.750000
84.510000
94.750000
105.653000
99.557000
98.867000
86.127000
103.880000
88.860000
83.990000
89.610000
102.847000
92.537000
97.533000
92.743000
86.250000
85.653000
91.897000
92.133000
89.377000
83.147000
95.093000
89.473000
97.423000
99.340000
103.470000
99.827000
88.840000
89.713000
92.940000
101.743000
92.870000
95.120000
80.657000
83.270000
97.720000
95.973000
87.657000
92.003000
85.183000
94.847000
87.503000
90.610000
91.183000
83.613000
104.647000
96.117000
86.573000
84.623000
95.523000
108.133000
98.117000
95.220000
101.753000
103.157000
107.687000
112.823000
112.910000
111.060000
116.293000
103.897000
95.447000
106.903000
104.923000
107.290000
90.857000
101.253000
104.587000
105.823000
106.057000
110.783000
107.050000
108.283000
110.710000
106.233000
101.247000
93.220000
101.883000
106.477000
98.613000
102.190000
106.257000
107.790000
101.000000
105.643000
107.680000
109.683000
101.127000
92.447000
102.723000
97.610000
92.830000
97.757000
102.510000
109.217000
97.990000
107.740000
105.790000
108.497000
95.287000
100.367000
91.300000
84.237000
95.187000
83.687000
94.243000
97.277000
88.943000
98.470000
88.743000
101.677000
102.590000
100.857000
111.823000
90.603000
110.630000
96.800000
110.940000
96.120000
108.637000
104.010000
103.960000
87.383000
103.977000
104.333000
101.333000
111.337000
122.680000
122.227000
120.097000
127.153000
118.893000
119.657000
125.370000
111.223000
127.397000
106.860000
130.657000
116.300000
122.890000
94.420000
118.120000
109.647000
130.787000
83.773000
