103.190000
98.020000
99.747000
89.250000
97.510000
99.750000
96.347000
81.140000
84.920000
103.353000
109.487000
105.233000
106.930000
105.537000
108.720000
105.680000
99.837000
116.540000
105.733000
88.433000
106.073000
118.290000
112.700000
107.640000
105.017000
113.537000
107.007000
114.863000
114.927000
96.080000
106.977000
109.630000
108.620000
111.870000
100.007000
111.067000
110.880000
107.187000
103.467000
105.223000
82.980000
99.327000
109.320000
109.233000
108.457000
105.727000
96.947000
101.090000
101.013000
101.167000
88.753000
114.650000
114.010000
110.010000
96.277000
107.270000
86.953000
110.917000
114.910000
107.757000
105.820000
109.600000
98.243000
81.870000
113.070000
108.000000
120.147000
105.733000
108.387000
108.760000
104.090000
89.840000
105.377000
108.967000
112.670000
107.010000
105.993000
110.337000
111.097000
110.167000
104.967000
98.523000
103.850000
125.180000
116.377000
114.953000
104.480000
104.453000
105.607000
92.337000
107.093000
85.203000
90.690000
92.223000
102.480000
99.927000
95.583000
105.573000
113.870000
106.607000
113.510000
110.437000
108.500000
103.487000
107.847000
107.010000
112.980000
110.703000
110.783000
105.140000
110.130000
112.997000
112.777000
112.037000
107.347000
118.150000
102.697000
111.503000
108.810000
112.547000
112.833000
102.660000
120.587000
109.850000
109.127000
110.790000
100.400000
113.087000
110.097000
99.497000
103.487000
87.503000
96.650000
97.977000
92.557000
110.977000
87.507000
85.980000
90.933000
107.257000
110.870000
114.273000
117.777000
103.033000
113.310000
109.940000
97.277000
103.747000
100.643000
102.937000
113.470000
97.260000
116.103000
90.030000
101.340000
103.000000
106.933000
85.423000
80.790000
103.657000
108.107000
80.420000
90.593000
95.293000
85.140000
83.057000
80.797000
98.067000
114.533000
87.747000
91.803000
99.527000
89.007000
105.350000
112.070000
80.647000
89.173000
104.747000
87.587000
108.847000
89.057000
103.390000
97.860000
97.440000
86.463000
107.003000
87.190000
107.160000
87.447000
101.197000
82.603000
92.413000
87.213000
104.510000
89.603000
110.957000
107.597000
110.570000
113.147000
112.020000
110.613000
89.383000
97.110000
91.997000
91.210000
93.063000
104.713000
100.670000
100.483000
96.587000
107.453000
104.430000
90.050000
105.050000
94.737000
105.060000
94.513000
103.347000
85.173000
88.403000
97.733000
94.660000
93.507000
85.050000
85.077000
111.383000
104.070000
102.600000
103.637000
107.037000
80.623000
94.293000
99.427000
90.653000
107.587000
100.433000
100.943000
105.173000
108.210000
95.443000
92.220000
103.043000
92.587000
96.427000
101.080000
92.190000
92.537000
97.987000
108.697000
100.340000
109.210000
99.523000
106.383000
114.987000
115.100000
112.187000
107.703000
104.947000
113.770000
101.303000
112.977000
106.417000
98.887000
117.967000
103.607000
98.393000
110.110000
93.993000
97.130000
97.117000
96.543000
92.487000
106.630000
108.367000
100.410000
112.623000
109.203000
107.637000
99.723000
114.863000
107.920000
91.803000
84.110000
94.907000
97.010000
92.433000
92.710000
95.523000
111.753000
86.247000
103.597000
95.860000
80.043000
90.367000
97.303000
94.297000
93.957000
93.620000
100.360000
81.723000
80.730000
91.147000
81.200000
96.337000
114.553000
86.277000
92.807000
83.183000
94.070000
81.940000
86.057000
93.270000
91.640000
83.953000
98.927000
87.813000
94.050000
108.047000
103.573000
82.673000
99.903000
94.657000
99.783000
100.730000
107.123000
81.367000
84.840000
93.460000
104.000000
103.920000
85.883000
95.647000
82.827000
106.393000
105.430000
95.017000
106.577000
106.657000
98.220000
105.747000
99.820000
105.237000
109.363000
80.270000
104.723000
102.263000
81.753000
96.637000
83.803000
102.797000
81.917000
117.160000
104.537000
83.597000
82.650000
97.497000
109.497000
110.123000
110.363000
105.027000
99.360000
91.280000
102.473000
89.770000
106.367000
107.970000
108.483000
93.600000
108.790000
114.413000
104.647000
100.440000
86.557000
83.697000
89.537000
102.777000
103.953000
95.163000
100.813000
91.310000
88.517000
85.803000
99.247000
112.870000
106.310000
109.293000
103.967000
106.643000
96.583000
109.743000
87.240000
98.600000
99.653000
98.993000
112.660000
107.823000
108.833000
105.707000
108.617000
97.977000
100.507000
103.367000
104.260000
109.410000
105.857000
109.477000
91.613000
113.293000
87.697000
109.870000
110.570000
114.287000
110.967000
104.247000
115.820000
107.133000
114.880000
115.837000
91.423000
109.533000
114.383000
110.020000
101.063000
103.437000
111.447000
107.780000
109.660000
110.193000
107.243000
88.323000
105.293000
96.553000
86.037000
95.903000
100.723000
98.967000
92.840000
81.120000
91.100000
98.900000
102.100000
112.697000
107.103000
107.317000
109.347000
120.687000
104.280000
112.310000
104.010000
82.470000
91.047000
103.077000
91.127000
116.070000
108.543000
103.473000
103.693000
94.607000
85.797000
113.577000
96.790000
97.090000
113.443000
92.753000
110.817000
96.523000
107.670000
96.440000
106.147000
110.097000
102.290000
101.613000
111.210000
103.640000
98.970000
107.483000
102.037000
101.363000
107.510000
90.443000
101.973000
115.097000
106.757000
112.023000
100.483000
112.567000
100.587000
110.233000
118.180000
105.673000
96.083000
90.240000
109.173000
100.880000
105.557000
106.017000
100.230000
110.177000
101.767000
107.057000
105.523000
110.887000
109.130000
104.107000
102.850000
101.397000
111.343000
107.403000
106.320000
102.520000
111.433000
85.957000
82.957000
99.813000
101.717000
96.787000
89.250000
81.967000
92.047000
92.157000
100.400000
96.037000
106.200000
106.513000
109.173000
101.407000
108.833000
107.073000
90.533000
96.703000
112.253000
108.247000
94.073000
110.667000
86.213000
111.127000
96.857000
106.593000
111.057000
86.420000
107.233000
98.690000
95.050000
94.770000
104.340000
85.620000
114.717000
118.527000
109.340000
105.203000
105.307000
102.157000
101.897000
104.820000
85.497000
95.727000
91.413000
91.220000
114.563000
89.227000
109.837000
95.810000
102.133000
97.737000
102.623000
82.313000
100.150000
87.713000
96.900000
90.927000
92.083000
90.927000
105.470000
81.800000
103.993000
96.193000
99.377000
84.643000
92.493000
110.463000
113.313000
90.927000
109.440000
87.233000
118.063000
101.607000
106.483000
87.060000
103.827000
98.150000
102.283000
97.233000
96.703000
95.407000
104.007000
106.787000
115.270000
88.920000
104.277000
98.853000
100.410000
88.823000
111.027000
90.577000
110.477000
86.890000
108.540000
102.153000
114.773000
102.923000
101.850000
88.780000
100.607000
105.407000
86.633000
107.903000
96.357000
104.067000
94.060000
82.463000
108.750000
94.860000
105.907000
91.563000
105.530000
81.120000
104.873000
92.263000
108.927000
106.277000
105.300000
115.320000
119.017000
109.060000
105.293000
120.470000
104.130000
109.377000
116.343000
107.630000
115.783000
112.617000
111.593000
113.500000
109.653000
105.730000
108.253000
102.820000
106.140000
115.310000
111.103000
107.727000
114.387000
109.757000
109.333000
106.617000
117.137000
108.613000
111.710000
106.133000
105.733000
111.170000
109.547000
107.947000
110.363000
106.887000
116.287000
112.453000
104.467000
110.930000
106.993000
103.477000
114.060000
105.360000
112.183000
97.590000
102.457000
108.567000
107.073000
95.077000
104.273000
100.117000
104.153000
81.003000
99.220000
93.643000
104.937000
92.053000
96.963000
100.497000
88.607000
85.597000
100.773000
112.227000
85.793000
88.577000
82.287000
89.743000
94.867000
122.830000
104.143000
106.037000
84.653000
103.073000
104.970000
88.517000
101.157000
100.547000
111.603000
108.763000
104.353000
114.183000
108.537000
107.097000
116.730000
102.580000
110.343000
101.000000
106.153000
88.333000
93.207000
84.570000
95.647000
90.960000
104.097000
94.187000
99.803000
100.547000
84.577000
112.523000
89.133000
97.493000
99.517000
80.297000
87.647000
84.803000
103.587000
111.687000
92.237000
103.957000
97.233000
92.100000
80.190000
88.730000
92.380000
92.930000
104.640000
90.290000
100.293000
97.100000
105.933000
101.903000
89.603000
93.957000
106.153000
81.617000
104.847000
102.017000
81.243000
95.827000
86.750000
104.367000
90.413000
80.240000
92.583000
95.027000
102.447000
98.537000
90.887000
84.653000
81.260000
89.080000
82.347000
106.080000
104.110000
102.190000
86.750000
92.620000
100.300000
96.633000
87.630000
81.227000
82.690000
88.840000
97.297000
83.670000
91.980000
85.407000
85.630000
90.463000
97.653000
97.953000
110.633000
94.870000
97.013000
99.350000
89.783000
86.287000
85.030000
86.973000
88.650000
91.103000
88.303000
97.147000
89.077000
97.233000
101.150000
96.747000
100.073000
87.447000
103.123000
96.053000
83.360000
104.650000
95.123000
109.540000
91.327000
98.527000
91.080000
101.540000
81.520000
95.113000
93.210000
98.950000
95.577000
99.637000
93.073000
81.120000
92.873000
92.390000
101.410000
92.717000
100.373000
98.477000
91.217000
94.200000
91.483000
101.780000
100.290000
91.617000
81.983000
88.033000
101.707000
94.257000
108.063000
84.213000
94.063000
97.340000
99.213000
98.543000
87.267000
80.743000
101.247000
89.750000
84.263000
99.817000
90.660000
88.290000
80.787000
93.127000
88.887000
91.187000
80.577000
100.680000
85.540000
81.690000
84.667000
81.790000
85.267000
93.053000
96.033000
88.437000
96.990000
99.260000
93.240000
99.663000
104.000000
100.480000
87.370000
95.517000
104.463000
99.723000
109.067000
95.767000
112.290000
116.293000
114.733000
94.773000
96.017000
83.373000
93.503000
87.390000
86.997000
97.527000
93.847000
93.727000
113.213000
85.020000
80.930000
85.227000
89.457000
85.017000
93.590000
83.830000
96.063000
91.107000
84.833000
81.303000
85.673000
92.700000
93.287000
90.117000
84.787000
105.257000
80.393000
103.913000
97.913000
80.213000
82.657000
80.557000
82.753000
98.490000
84.927000
88.450000
90.343000
99.763000
97.010000
104.203000
95.183000
89.357000
91.673000
93.277000
82.680000
84.893000
95.307000
86.340000
99.747000
85.153000
89.823000
90.423000
87.920000
98.220000
86.223000
88.337000
99.203000
90.773000
86.453000
87.330000
90.893000
83.327000
103.137000
91.250000
84.730000
86.250000
90.513000
105.903000
85.570000
100.493000
91.887000
85.860000
99.853000
89.490000
82.300000
95.950000
97.207000
95.407000
101.537000
82.013000
87.600000
85.853000
82.763000
84.343000
87.427000
96.277000
96.183000
86.010000
94.860000
94.280000
82.940000
81.677000
87.320000
95.083000
84.437000
96.097000
92.527000
101.017000
92.723000
85.183000
83.507000
91.700000
82.100000
92.153000
95.597000
91.837000
86.410000
91.057000
85.210000
90.240000
88.760000
90.383000
87.497000
87.760000
100.583000
106.587000
93.083000
92.437000
111.433000
95.280000
98.137000
86.573000
104.200000
110.793000
94.950000
108.090000
104.193000
89.037000
93.450000
102.323000
111.013000
106.507000
93.250000
97.273000
94.737000
97.843000
101.960000
100.077000
97.613000
99.343000
100.350000
93.157000
100.270000
109.453000
91.023000
105.363000
100.927000
103.573000
93.250000
92.093000
91.053000
99.703000
106.030000
95.707000
96.773000
99.627000
101.140000
97.243000
104.027000
98.543000
94.820000
98.363000
94.357000
90.800000
96.413000
100.457000
95.020000
89.230000
92.807000
95.293000
93.700000
97.590000
84.247000
91.873000
102.523000
81.893000
81.947000
84.170000
80.920000
82.077000
82.287000
89.973000
94.977000
88.777000
80.427000
91.557000
87.750000
96.147000
83.707000
86.513000
87.910000
98.333000
108.790000
97.210000
98.967000
95.937000
104.870000
110.900000
97.930000
104.843000
95.270000
111.453000
106.090000
100.883000
94.047000
115.760000
110.360000
114.020000
106.550000
105.593000
105.520000
107.010000
116.817000
117.707000
114.923000
109.723000
110.170000
101.570000
102.037000
104.200000
101.163000
95.590000
105.300000
105.707000
96.830000
115.497000
107.733000
103.793000
111.213000
103.277000
112.563000
100.107000
107.840000
108.950000
101.233000
111.223000
104.023000
103.563000
110.490000
108.097000
98.003000
112.063000
96.577000
86.410000
92.637000
84.547000
93.517000
80.910000
91.460000
91.577000
93.410000
84.173000
91.157000
82.693000
83.797000
117.723000
105.383000
81.613000
96.413000
99.590000
91.740000
103.240000
93.520000
82.597000
110.300000
97.170000
84.283000
108.437000
111.273000
93.067000
80.817000
86.753000
99.670000
112.977000
106.427000
125.163000
112.187000
125.327000
117.423000
122.293000
124.137000
113.200000
129.910000
115.793000
121.257000
120.850000
115.517000
123.367000
126.553000
120.547000
117.177000
112.793000
124.860000
113.220000
95.040000
117.103000
105.897000
109.597000
112.670000
113.467000
120.097000
121.967000
108.983000
92.913000
109.580000
94.617000
104.350000
91.737000
87.477000
96.297000
80.123000
83.560000
96.467000
105.350000
91.887000
97.867000
98.010000
101.750000
95.513000
101.167000
98.097000
89.003000
109.697000
98.967000
99.957000
94.353000
90.793000
110.460000
89.700000
114.397000
94.743000
118.163000
86.803000
104.090000
111.017000
108.633000
94.017000
86.700000
100.303000
91.793000
104.757000
84.720000
93.230000
105.303000
103.473000
92.840000
108.783000
82.717000
90.010000
90.793000
88.690000
90.350000
94.690000
104.610000
110.977000
108.227000
110.327000
104.447000
96.853000
108.883000
109.273000
110.880000
103.187000
118.407000
108.230000
109.647000
104.367000
103.527000
114.380000
110.050000
108.043000
95.440000
84.527000
113.687000
105.777000
108.473000
81.253000
111.397000
111.337000
112.900000
111.243000
104.023000
111.107000
91.443000
109.800000
117.947000
93.473000
109.183000
103.290000
107.447000
118.013000
112.130000
116.037000
103.963000
115.530000
113.043000
114.907000
108.527000
122.557000
107.530000
103.700000
117.440000
109.643000
110.637000
114.080000
115.480000
119.227000
113.700000
116.660000
130.013000
119.803000
80.850000
101.173000
105.220000
106.530000
100.957000
103.747000
92.923000
113.353000
118.523000
124.973000
98.190000
99.310000
118.320000
119.633000
102.920000
109.520000
114.507000
122.310000
104.563000
116.880000
119.183000
117.580000
119.057000
111.363000
115.513000
122.123000
110.810000
115.410000
116.183000
120.830000
116.110000
120.137000
117.650000
114.147000
115.857000
110.963000
116.133000
121.007000
122.090000
114.800000
115.583000
113.210000
122.100000
109.050000
128.830000
121.627000
109.343000
118.057000
116.587000
111.450000
117.650000
111.877000
113.227000
119.413000
112.810000
111.733000
117.417000
111.370000
122.553000
119.037000
105.820000
107.043000
110.207000
113.843000
128.717000
115.500000
113.980000
108.763000
110.297000
109.583000
91.487000
105.890000
108.943000
108.403000
105.663000
103.623000
113.093000
109.693000
109.273000
108.023000
110.023000
115.387000
122.187000
108.113000
114.070000
121.573000
105.723000
102.760000
95.773000
88.063000
114.233000
92.677000
104.083000
86.270000
86.750000
96.900000
90.310000
80.583000
106.823000
82.423000
87.590000
82.627000
93.267000
87.920000
80.190000
107.070000
87.527000
85.673000
90.100000
105.873000
116.030000
102.720000
86.653000
104.447000
90.417000
86.393000
83.447000
107.033000
108.557000
105.453000
91.010000
112.647000
100.980000
120.030000
120.060000
115.103000
109.160000
111.500000
105.013000
118.197000
113.587000
111.613000
119.787000
115.823000
121.353000
118.117000
112.413000
128.250000
108.203000
109.213000
109.897000
116.530000
116.587000
110.220000
116.297000
113.600000
108.183000
125.280000
100.560000
123.567000
119.487000
88.270000
103.777000
104.140000
100.720000
107.640000
87.603000
108.310000
90.943000
111.080000
88.730000
108.900000
93.650000
96.247000
103.530000
106.067000
94.573000
103.697000
120.753000
99.810000
94.387000
92.610000
100.400000
104.580000
103.337000
108.817000
99.373000
105.107000
107.007000
98.847000
95.647000
112.723000
111.950000
104.553000
115.323000
109.737000
114.130000
113.623000
99.927000
105.303000
109.893000
92.477000
97.020000
95.247000
95.967000
96.443000
101.910000
103.203000
96.513000
99.010000
81.587000
106.450000
98.740000
94.307000
102.993000
97.310000
86.380000
101.317000
108.853000
99.560000
80.450000
86.223000
110.743000
99.763000
103.347000
103.747000
103.137000
102.067000
98.813000
101.243000
97.757000
93.210000
101.823000
113.477000
102.803000
112.513000
101.907000
97.980000
97.030000
111.137000
112.573000
105.650000
108.473000
115.630000
103.600000
109.760000
114.677000
112.343000
104.870000
107.393000
115.740000
109.697000
104.283000
109.353000
108.147000
113.883000
115.483000
109.867000
108.520000
104.073000
88.577000
82.700000
104.073000
101.210000
109.763000
105.577000
95.787000
107.617000
103.300000
106.853000
111.500000
109.503000
108.817000
91.920000
97.313000
105.157000
108.030000
107.713000
104.133000
110.813000
118.423000
103.610000
108.777000
107.817000
104.000000
102.970000
102.187000
101.160000
96.710000
107.633000
103.307000
96.297000
102.117000
99.610000
102.067000
115.287000
105.903000
90.197000
81.117000
93.787000
89.347000
95.780000
90.553000
86.430000
89.850000
98.703000
88.260000
96.690000
91.867000
97.347000
102.580000
104.460000
94.323000
97.247000
108.353000
111.613000
102.013000
107.227000
108.117000
99.920000
105.537000
89.683000
94.957000
100.860000
96.307000
105.357000
113.833000
94.587000
98.863000
89.720000
98.757000
107.540000
92.833000
105.353000
103.520000
109.500000
100.367000
103.177000
106.750000
97.523000
115.453000
99.287000
111.767000
106.633000
104.123000
108.240000
103.570000
108.320000
102.293000
105.553000
86.373000
109.100000
100.333000
98.183000
106.907000
98.133000
108.267000
85.163000
104.810000
89.653000
95.387000
104.600000
103.160000
94.613000
98.473000
95.770000
105.813000
101.940000
87.943000
104.333000
96.663000
109.153000
103.037000
112.430000
96.500000
103.060000
98.450000
115.607000
99.790000
90.723000
108.830000
86.067000
113.910000
95.843000
107.833000
102.937000
86.817000
85.877000
99.447000
95.750000
89.367000
111.460000
104.800000
97.707000
105.180000
104.957000
108.623000
112.333000
103.993000
107.327000
112.427000
106.260000
98.113000
109.593000
103.140000
109.857000
105.507000
110.260000
112.323000
110.113000
110.637000
110.963000
112.103000
110.813000
111.110000
107.447000
105.167000
114.863000
105.763000
106.900000
112.717000
112.880000
107.143000
112.233000
110.010000
109.367000
108.313000
112.470000
108.680000
111.420000
105.133000
115.300000
113.570000
110.387000
108.593000
113.007000
106.723000
109.790000
112.963000
109.320000
99.367000
103.493000
117.640000
109.893000
99.917000
108.863000
101.687000
106.300000
100.133000
89.470000
109.537000
104.993000
93.247000
96.040000
93.000000
93.040000
101.673000
108.860000
80.030000
96.383000
89.477000
89.107000
105.543000
105.593000
96.083000
105.857000
87.437000
102.417000
101.293000
111.587000
110.730000
112.387000
109.280000
105.017000
107.697000
112.847000
112.603000
105.880000
110.097000
113.283000
107.623000
88.337000
102.020000
98.177000
96.430000
103.987000
101.210000
97.043000
95.220000
92.923000
95.703000
94.980000
89.260000
101.613000
88.770000
95.633000
83.717000
102.840000
102.567000
92.597000
92.167000
114.447000
80.957000
100.243000
105.677000
85.160000
101.980000
99.113000
91.210000
89.797000
94.827000
89.373000
111.650000
107.313000
93.687000
86.360000
95.897000
93.790000
85.930000
87.810000
97.493000
99.993000
104.620000
94.967000
80.847000
82.367000
98.103000
85.227000
84.333000
90.197000
99.993000
94.087000
89.030000
82.570000
82.467000
91.617000
83.997000
85.743000
106.253000
95.387000
103.467000
86.190000
96.183000
97.577000
90.080000
82.633000
89.583000
101.113000
94.397000
105.520000
82.970000
92.327000
84.273000
101.703000
97.197000
102.067000
97.427000
92.303000
94.683000
92.707000
92.113000
92.343000
89.583000
86.133000
92.770000
82.180000
81.190000
88.050000
84.117000
100.840000
98.713000
102.360000
101.433000
103.767000
111.427000
106.983000
109.923000
96.893000
105.907000
111.130000
93.423000
110.617000
98.343000
106.417000
109.433000
105.537000
93.920000
114.183000
96.243000
97.130000
102.100000
110.170000
101.307000
111.630000
86.303000
105.500000
84.540000
103.577000
107.957000
109.157000
107.330000
105.143000
106.297000
84.713000
83.850000
97.997000
94.597000
93.203000
109.040000
107.877000
93.347000
83.810000
82.733000
94.867000
107.647000
100.607000
106.263000
96.257000
109.490000
110.567000
111.437000
110.523000
92.447000
88.237000
113.950000
97.933000
96.673000
108.560000
97.930000
87.600000
93.250000
89.490000
86.303000
96.317000
100.293000
99.243000
85.910000
92.227000
97.470000
93.520000
84.670000
83.183000
86.243000
83.680000
86.027000
85.840000
92.560000
95.447000
81.690000
80.187000
106.947000
84.130000
100.300000
95.520000
109.573000
106.560000
103.023000
93.163000
94.307000
90.647000
102.837000
104.120000
103.663000
102.720000
104.847000
102.617000
111.463000
93.853000
106.623000
89.673000
97.657000
82.327000
98.377000
95.313000
102.973000
109.690000
101.853000
112.090000
81.070000
87.873000
105.790000
98.420000
81.103000
102.013000
89.197000
99.660000
108.973000
105.220000
100.733000
88.970000
95.277000
101.317000
90.833000
107.817000
105.787000
102.053000
107.247000
105.537000
114.603000
111.740000
105.460000
102.827000
112.323000
96.927000
120.717000
110.683000
98.640000
96.780000
94.730000
93.123000
98.517000
84.217000
95.203000
112.533000
82.147000
87.137000
97.593000
103.840000
110.357000
106.777000
111.140000
116.900000
109.357000
101.233000
106.627000
82.553000
91.407000
104.670000
81.383000
97.570000
84.667000
103.233000
99.190000
90.153000
86.453000
105.443000
113.197000
91.560000
107.177000
95.330000
96.990000
106.727000
103.313000
97.160000
110.263000
98.483000
101.293000
93.563000
101.747000
105.697000
93.643000
87.347000
93.483000
85.073000
105.750000
83.623000
94.813000
96.577000
81.877000
87.627000
98.523000
105.987000
87.080000
107.387000
98.400000
93.057000
99.497000
99.567000
89.003000
106.370000
82.263000
104.817000
90.273000
97.417000
82.680000
92.693000
84.823000
82.107000
87.073000
98.410000
86.750000
86.730000
89.813000
97.277000
106.050000
90.567000
98.593000
104.027000
87.367000
81.567000
96.283000
92.817000
90.343000
100.033000
100.737000
107.550000
94.663000
91.827000
91.033000
98.263000
90.923000
98.547000
92.023000
94.557000
93.510000
87.327000
80.657000
94.183000
87.540000
96.363000
94.657000
94.067000
105.583000
104.943000
110.550000
96.357000
92.190000
100.627000
108.310000
102.113000
99.247000
111.960000
110.637000
103.390000
110.867000
108.397000
97.193000
96.420000
110.587000
105.913000
110.610000
98.317000
87.573000
101.043000
105.843000
97.380000
109.360000
109.373000
110.103000
105.420000
105.317000
111.230000
111.237000
104.530000
108.347000
100.663000
103.647000
105.707000
103.493000
104.430000
98.470000
111.187000
101.703000
99.123000
104.517000
106.040000
103.160000
112.860000
101.000000
100.593000
96.517000
96.290000
93.377000
82.870000
99.137000
109.997000
107.287000
104.663000
98.690000
102.900000
109.813000
100.767000
101.023000
91.497000
99.490000
98.547000
87.923000
88.250000
81.377000
93.147000
85.947000
92.930000
92.183000
87.920000
97.857000
99.803000
96.237000
90.970000
97.543000
85.633000
99.203000
101.153000
87.377000
88.460000
95.530000
102.707000
87.460000
102.593000
110.337000
106.050000
112.407000
103.760000
104.873000
108.167000
102.030000
104.753000
101.447000
111.050000
108.570000
96.133000
108.867000
107.097000
113.793000
110.090000
102.460000
82.050000
102.003000
109.087000
86.820000
83.577000
87.097000
94.797000
82.130000
96.767000
100.920000
93.367000
107.967000
92.917000
88.203000
84.813000
106.010000
96.380000
94.963000
103.740000
98.537000
101.487000
86.427000
99.417000
99.953000
86.497000
104.697000
101.560000
92.330000
106.607000
85.163000
83.490000
87.360000
87.927000
91.410000
89.353000
86.160000
85.517000
95.273000
83.357000
80.357000
89.660000
92.883000
88.783000
90.067000
83.730000
98.670000
80.363000
102.730000
91.870000
99.500000
97.640000
95.903000
85.423000
101.590000
106.593000
106.937000
104.913000
93.850000
103.390000
105.277000
108.683000
97.620000
110.137000
101.337000
106.547000
109.407000
102.470000
99.247000
89.953000
107.927000
103.120000
106.140000
109.027000
111.847000
106.323000
107.990000
105.503000
105.193000
110.993000
104.970000
108.200000
108.253000
106.077000
104.503000
96.650000
106.677000
108.467000
108.277000
107.043000
104.827000
109.560000
100.760000
107.790000
99.980000
105.570000
106.963000
102.927000
108.203000
109.183000
113.713000
113.753000
107.143000
106.420000
95.427000
100.983000
108.017000
80.597000
90.573000
91.913000
81.070000
91.647000
80.460000
93.227000
90.790000
90.417000
88.593000
82.627000
101.997000
94.780000
96.260000
85.987000
102.740000
95.017000
89.910000
91.583000
95.070000
105.653000
87.020000
95.600000
102.170000
102.447000
99.837000
107.363000
107.050000
108.787000
101.543000
104.387000
108.477000
105.413000
100.350000
108.567000
102.323000
107.400000
104.760000
96.647000
106.613000
107.963000
104.400000
104.630000
100.043000
94.267000
107.033000
107.637000
107.523000
106.273000
106.453000
101.207000
102.180000
103.880000
97.273000
100.773000
84.780000
92.417000
89.777000
95.010000
94.163000
88.307000
95.403000
105.117000
88.343000
85.653000
86.250000
90.170000
95.820000
98.787000
92.587000
88.670000
89.797000
100.650000
102.247000
88.130000
103.123000
101.387000
98.877000
96.017000
97.620000
83.607000
102.393000
80.667000
83.733000
98.363000
91.563000
96.817000
85.807000
99.710000
86.183000
98.010000
103.957000
98.977000
97.893000
99.430000
90.873000
97.873000
98.457000
102.157000
104.810000
103.567000
105.073000
102.680000
98.867000
106.457000
106.140000
110.637000
106.240000
87.330000
100.300000
101.640000
101.647000
98.697000
98.727000
111.200000
106.480000
101.093000
96.843000
82.953000
101.037000
99.250000
88.567000
91.087000
101.687000
101.590000
98.813000
99.340000
106.210000
103.103000
105.017000
109.117000
104.593000
100.127000
100.137000
99.423000
95.193000
104.667000
105.020000
102.047000
106.027000
102.837000
98.250000
82.157000
98.100000
105.873000
90.090000
80.540000
85.820000
97.570000
97.147000
102.143000
96.783000
102.937000
102.647000
104.663000
91.710000
95.683000
103.973000
102.533000
103.723000
101.190000
107.907000
108.733000
101.507000
101.857000
104.110000
100.723000
105.183000
104.810000
103.200000
105.923000
99.937000
106.603000
106.480000
101.623000
99.787000
100.960000
103.477000
103.623000
100.823000
102.390000
104.307000
103.017000
106.850000
109.457000
105.727000
103.077000
107.453000
103.657000
102.607000
108.263000
100.940000
100.317000
104.910000
100.593000
103.327000
99.940000
100.800000
107.913000
97.537000
98.053000
100.683000
99.407000
103.987000
104.793000
80.727000
106.693000
104.687000
105.967000
97.387000
100.657000
103.963000
105.227000
103.010000
88.540000
91.227000
93.813000
101.747000
92.310000
96.273000
104.600000
99.760000
102.110000
100.470000
100.097000
101.607000
107.277000
103.100000
104.027000
108.613000
99.773000
83.153000
100.753000
86.657000
99.593000
90.363000
97.377000
87.797000
90.487000
84.207000
88.157000
97.943000
89.670000
88.470000
92.960000
97.193000
100.393000
91.443000
82.987000
98.450000
102.617000
102.163000
89.077000
105.083000
96.870000
106.140000
97.320000
100.690000
99.873000
104.183000
104.127000
101.223000
100.767000
102.537000
103.970000
98.753000
101.180000
103.017000
101.117000
103.730000
95.370000
99.150000
104.337000
97.773000
103.697000
104.217000
97.477000
107.833000
93.990000
97.300000
107.347000
80.490000
95.283000
96.943000
95.120000
92.927000
96.930000
93.587000
100.067000
89.103000
81.143000
93.587000
92.177000
89.523000
91.453000
96.177000
93.353000
85.663000
86.853000
95.140000
93.940000
99.787000
86.853000
94.847000
87.190000
87.997000
94.343000
99.110000
102.543000
89.857000
102.147000
92.150000
96.740000
98.703000
100.047000
98.140000
99.407000
95.730000
80.280000
93.717000
87.540000
91.020000
90.663000
85.517000
84.693000
99.090000
80.977000
91.273000
89.520000
85.320000
88.790000
90.213000
80.080000
82.987000
80.470000
98.233000
86.290000
92.573000
109.173000
90.610000
107.610000
109.797000
96.940000
120.737000
98.143000
84.613000
80.893000
94.507000
80.267000
100.210000
108.340000
95.800000
108.357000
100.060000
106.090000
80.023000
103.023000
106.103000
92.130000
111.103000
115.347000
97.363000
110.610000
83.903000
86.350000
84.240000
83.370000
92.153000
99.540000
88.687000
87.587000
81.530000
88.017000
82.407000
112.893000
89.233000
92.163000
94.943000
96.243000
91.317000
82.300000
92.750000
87.620000
98.337000
86.877000
98.183000
90.227000
83.283000
83.073000
98.903000
95.687000
82.007000
88.063000
97.960000
91.990000
103.033000
83.917000
88.263000
92.927000
107.800000
89.277000
99.597000
87.690000
102.567000
102.470000
86.403000
112.523000
104.407000
96.483000
91.890000
100.307000
102.560000
108.760000
103.757000
115.180000
99.453000
115.303000
111.257000
101.920000
110.790000
108.737000
106.297000
106.797000
95.470000
102.900000
103.057000
104.547000
108.523000
95.073000
100.877000
105.200000
105.737000
101.363000
103.750000
81.900000
96.263000
97.560000
82.933000
80.100000
103.043000
101.180000
96.890000
99.907000
96.830000
105.847000
91.313000
86.310000
97.777000
106.037000
104.200000
97.053000
104.423000
84.673000
106.617000
104.953000
110.283000
100.173000
107.647000
91.260000
109.010000
108.173000
108.777000
100.750000
104.777000
106.300000
94.183000
87.307000
101.423000
109.333000
98.847000
89.267000
100.403000
110.577000
109.063000
107.470000
94.323000
92.987000
99.340000
106.253000
109.227000
109.217000
92.947000
96.607000
98.097000
94.917000
99.247000
80.927000
91.110000
94.050000
97.440000
96.943000
95.627000
103.157000
106.420000
95.030000
102.380000
104.087000
105.563000
99.507000
113.433000
101.903000
108.440000
110.320000
110.603000
104.077000
107.957000
107.840000
105.900000
105.380000
107.097000
110.290000
108.637000
108.647000
111.717000
110.673000
108.167000
96.863000
99.540000
99.377000
112.443000
106.660000
97.227000
102.963000
100.727000
95.630000
100.670000
84.407000
93.330000
86.023000
80.747000
105.270000
90.583000
80.920000
90.263000
100.477000
107.403000
109.927000
99.160000
92.387000
105.690000
100.110000
93.870000
102.817000
99.943000
101.017000
101.303000
95.520000
108.380000
90.863000
95.937000
98.980000
103.713000
96.800000
104.937000
86.170000
90.690000
82.380000
101.017000
95.617000
80.230000
94.447000
96.090000
93.967000
92.137000
101.370000
86.033000
108.500000
90.627000
85.967000
98.717000
87.007000
87.303000
85.127000
104.617000
81.063000
90.930000
88.227000
94.177000
89.593000
85.883000
100.810000
87.867000
100.153000
104.107000
108.493000
105.447000
107.180000
103.707000
89.220000
96.457000
85.767000
81.650000
83.607000
92.833000
97.820000
98.340000
90.140000
90.927000
105.507000
97.280000
82.437000
96.517000
87.387000
110.157000
86.227000
99.993000
82.823000
89.410000
90.357000
88.380000
89.643000
85.660000
81.200000
100.347000
102.900000
100.790000
99.843000
99.810000
95.930000
90.740000
93.180000
104.550000
87.150000
94.510000
98.810000
102.007000
97.947000
92.403000
97.557000
83.263000
92.553000
96.867000
96.420000
98.253000
96.830000
104.593000
97.107000
100.603000
103.040000
105.330000
107.313000
104.257000
105.303000
91.773000
99.057000
101.807000
86.083000
100.343000
100.623000
105.233000
92.960000
97.640000
89.707000
108.893000
106.253000
100.497000
95.340000
93.170000
86.683000
107.233000
91.717000
92.767000
98.533000
88.700000
109.740000
105.537000
106.670000
95.990000
102.223000
96.170000
94.880000
98.370000
99.103000
83.970000
81.723000
102.537000
101.113000
103.177000
97.303000
95.063000
81.557000
98.890000
93.600000
98.640000
96.600000
95.030000
88.170000
89.850000
83.860000
91.497000
81.083000
87.213000
83.957000
84.963000
94.637000
85.353000
83.093000
81.890000
83.353000
99.173000
85.103000
88.613000
85.360000
88.960000
100.080000
91.207000
101.640000
105.727000
91.183000
96.993000
96.983000
102.590000
97.123000
108.037000
83.610000
87.360000
96.137000
92.640000
104.643000
105.343000
89.993000
88.533000
108.930000
106.390000
84.110000
88.527000
98.360000
104.903000
99.580000
98.913000
104.563000
109.950000
99.817000
109.890000
87.517000
104.270000
106.763000
90.170000
104.460000
82.693000
105.390000
96.640000
82.077000
101.210000
108.010000
106.157000
111.547000
106.027000
104.570000
87.187000
105.097000
90.957000
96.750000
96.703000
100.820000
102.770000
81.890000
95.863000
102.873000
101.347000
86.613000
94.157000
85.200000
87.977000
106.213000
99.220000
85.780000
96.823000
91.887000
98.073000
102.340000
102.620000
99.763000
106.540000
105.003000
95.687000
94.987000
96.053000
96.247000
111.087000
83.587000
110.037000
105.650000
89.577000
103.553000
100.433000
91.440000
98.193000
87.443000
86.907000
92.073000
97.537000
105.177000
108.483000
95.030000
106.883000
95.323000
98.163000
109.120000
104.370000
108.693000
100.063000
106.373000
100.980000
107.220000
107.043000
91.697000
94.520000
93.730000
101.077000
99.340000
105.783000
112.043000
107.040000
109.297000
101.693000
105.667000
106.887000
100.903000
95.617000
94.177000
99.560000
96.067000
100.850000
106.650000
91.323000
98.553000
100.740000
104.807000
105.440000
103.417000
101.107000
112.847000
112.563000
100.120000
105.523000
91.863000
95.000000
83.963000
99.787000
100.620000
97.267000
106.880000
80.947000
89.883000
102.247000
108.433000
101.373000
107.587000
95.867000
100.733000
100.657000
108.700000
94.523000
100.750000
108.043000
107.990000
87.680000
98.823000
109.517000
100.930000
91.063000
104.440000
84.693000
106.337000
103.443000
93.643000
101.113000
100.680000
107.847000
102.773000
102.263000
105.430000
97.050000
104.247000
108.383000
85.567000
95.533000
105.033000
90.690000
102.033000
90.900000
86.063000
101.410000
107.607000
87.373000
105.800000
102.510000
108.077000
108.390000
91.730000
106.920000
90.757000
106.150000
104.420000
107.467000
107.643000
101.703000
92.710000
91.773000
92.217000
100.733000
96.077000
109.373000
91.777000
92.020000
99.637000
93.003000
106.383000
96.423000
107.023000
94.297000
110.580000
100.647000
98.317000
100.277000
101.307000
97.130000
95.050000
100.057000
81.407000
104.180000
89.553000
112.167000
104.913000
98.287000
94.793000
92.390000
91.743000
101.570000
85.037000
104.443000
82.517000
95.923000
90.350000
101.367000
89.497000
91.427000
82.740000
95.070000
93.813000
85.520000
92.973000
84.507000
93.680000
93.950000
88.620000
83.350000
88.103000
83.240000
91.580000
89.507000
91.840000
80.083000
90.430000
92.717000
90.287000
102.250000
103.833000
102.323000
98.350000
103.970000
96.117000
94.913000
107.893000
99.103000
85.463000
88.727000
89.473000
94.840000
91.437000
98.330000
99.883000
89.053000
100.773000
87.627000
91.497000
91.950000
89.880000
86.480000
101.403000
92.340000
101.673000
100.103000
101.230000
105.087000
109.860000
108.477000
111.637000
105.050000
102.050000
101.540000
91.930000
110.017000
93.533000
110.980000
108.160000
103.007000
94.257000
110.927000
98.183000
98.643000
87.083000
83.190000
82.033000
100.497000
92.373000
105.460000
106.787000
98.310000
102.843000
97.410000
102.933000
107.503000
98.657000
113.387000
112.663000
109.670000
107.003000
92.163000
105.977000
109.823000
97.667000
105.190000
88.983000
99.030000
99.313000
102.877000
108.357000
105.570000
111.960000
109.527000
110.957000
113.427000
102.600000
98.527000
104.893000
102.220000
97.480000
107.787000
91.933000
105.993000
115.093000
109.050000
101.700000
90.820000
99.943000
106.917000
100.387000
101.253000
112.570000
106.097000
106.660000
97.337000
107.963000
111.463000
104.650000
107.013000
110.847000
101.267000
105.853000
109.803000
103.947000
96.597000
84.107000
91.713000
112.540000
107.630000
112.657000
124.113000
109.067000
116.487000
117.310000
107.963000
101.977000
107.087000
106.720000
114.907000
113.760000
121.000000
111.093000
113.123000
115.023000
113.530000
114.940000
109.140000
111.870000
117.657000
114.060000
111.903000
108.313000
122.770000
119.370000
122.100000
118.267000
122.980000
100.310000
110.350000
111.493000
116.100000
115.940000
111.830000
113.250000
117.423000
109.560000
107.363000
112.657000
108.500000
108.670000
115.647000
115.353000
106.077000
117.807000
108.623000
113.577000
83.667000
111.320000
104.323000
115.713000
119.460000
116.793000
114.087000
107.610000
110.767000
113.893000
80.333000
115.283000
114.287000
115.757000
116.547000
118.007000
108.060000
117.573000
106.020000
102.440000
114.337000
106.183000
111.610000
107.970000
97.400000
101.233000
103.923000
100.150000
115.397000
117.493000
112.767000
115.267000
103.337000
112.353000
115.910000
111.227000
116.347000
118.423000
106.733000
112.937000
120.667000
117.730000
118.153000
114.740000
115.747000
116.303000
113.853000
116.133000
112.270000
117.087000
117.593000
116.657000
114.650000
98.603000
112.980000
114.320000
114.460000
119.160000
113.367000
118.597000
116.117000
111.513000
118.660000
113.207000
112.897000
102.967000
110.943000
105.697000
122.250000
120.623000
113.747000
107.320000
118.693000
118.253000
110.113000
106.283000
110.277000
107.903000
120.583000
119.113000
110.517000
119.313000
117.520000
112.567000
111.467000
116.740000
107.107000
112.463000
106.287000
106.313000
109.937000
113.833000
110.523000
116.073000
105.760000
110.693000
115.803000
107.780000
105.800000
108.017000
109.087000
115.687000
109.593000
118.190000
113.350000
107.987000
108.483000
110.757000
107.780000
117.937000
114.103000
115.507000
116.233000
113.093000
110.157000
119.680000
109.323000
113.870000
112.193000
113.020000
116.147000
116.113000
109.883000
116.233000
120.920000
111.193000
117.257000
122.323000
114.510000
111.980000
106.670000
114.650000
114.493000
107.583000
116.093000
121.110000
113.820000
114.133000
113.303000
112.897000
109.420000
111.063000
89.537000
95.453000
103.100000
110.917000
112.870000
110.613000
112.383000
108.683000
107.523000
117.243000
118.280000
122.103000
103.003000
111.907000
118.053000
114.787000
112.977000
108.540000
112.523000
110.327000
104.943000
109.323000
108.070000
108.810000
117.453000
117.423000
114.340000
117.287000
110.767000
115.533000
114.843000
117.637000
119.110000
114.733000
99.850000
108.273000
108.677000
121.010000
111.610000
117.280000
115.920000
113.100000
120.647000
120.977000
121.217000
120.380000
117.503000
114.487000
117.250000
115.590000
111.397000
113.247000
101.967000
116.967000
115.957000
112.127000
115.283000
124.867000
114.770000
116.670000
120.183000
111.880000
109.370000
112.797000
114.750000
115.883000
116.880000
114.170000
112.057000
116.950000
122.897000
115.853000
114.527000
116.980000
118.753000
115.303000
115.713000
105.603000
117.020000
113.933000
121.397000
116.663000
115.053000
113.577000
113.393000
117.510000
115.523000
115.373000
112.893000
113.677000
115.983000
116.813000
115.787000
112.890000
119.293000
111.923000
118.473000
114.600000
120.510000
117.570000
114.890000
123.063000
122.563000
110.940000
117.133000
124.967000
119.427000
116.680000
118.767000
121.737000
120.663000
121.623000
119.140000
119.603000
114.180000
123.983000
116.483000
121.567000
121.630000
118.853000
116.270000
119.930000
117.270000
123.440000
122.813000
116.970000
118.107000
115.303000
124.260000
112.780000
119.857000
118.960000
111.477000
113.877000
118.407000
125.950000
126.020000
118.113000
120.440000
119.390000
118.237000
117.357000
120.940000
118.620000
126.093000
117.343000
120.753000
112.733000
113.950000
121.663000
110.370000
111.410000
116.517000
110.603000
128.017000
119.127000
119.253000
112.957000
106.673000
111.870000
118.900000
119.813000
112.997000
113.517000
112.717000
108.933000
113.527000
124.663000
114.267000
113.503000
112.897000
115.947000
106.803000
111.063000
110.223000
112.293000
113.993000
113.810000
116.250000
111.890000
104.593000
101.503000
119.660000
108.163000
114.967000
120.247000
118.130000
109.443000
111.107000
117.627000
118.843000
108.200000
111.920000
118.310000
109.677000
111.967000
116.113000
118.930000
115.063000
116.217000
122.750000
115.870000
116.583000
112.717000
113.073000
113.943000
117.213000
108.213000
121.010000
115.523000
114.753000
108.567000
118.543000
115.557000
111.543000
106.503000
109.013000
109.967000
121.083000
114.037000
116.003000
115.410000
115.577000
109.323000
114.693000
113.600000
110.447000
106.077000
109.500000
115.160000
111.477000
113.067000
116.253000
122.707000
116.720000
112.713000
116.250000
118.480000
117.593000
111.520000
111.213000
117.620000
116.763000
118.023000
119.933000
122.010000
107.330000
111.180000
114.853000
105.673000
103.457000
104.383000
95.467000
100.257000
103.663000
105.170000
108.003000
102.537000
103.960000
105.250000
91.250000
109.807000
109.923000
110.297000
107.110000
97.900000
109.467000
102.660000
88.493000
98.633000
89.973000
109.947000
93.653000
97.427000
90.127000
97.703000
84.660000
90.217000
91.043000
83.787000
101.977000
84.630000
97.997000
85.033000
99.900000
89.387000
99.560000
99.233000
95.073000
97.093000
90.720000
82.513000
98.433000
97.887000
101.363000
106.947000
99.147000
81.333000
102.513000
102.327000
88.030000
91.430000
90.707000
82.640000
93.237000
80.467000
87.593000
88.907000
85.180000
86.663000
80.920000
97.947000
98.563000
106.707000
86.460000
99.433000
91.070000
100.103000
86.090000
82.060000
94.250000
89.580000
91.017000
100.843000
102.177000
94.870000
102.343000
110.643000
96.510000
100.397000
85.803000
92.197000
99.883000
92.103000
89.193000
85.887000
94.080000
103.647000
84.240000
110.147000
91.543000
82.070000
99.230000
88.163000
86.353000
84.727000
98.417000
84.183000
85.397000
100.873000
83.960000
84.407000
92.900000
82.383000
82.693000
99.963000
94.577000
85.793000
86.700000
92.087000
93.067000
101.910000
85.783000
101.677000
102.247000
89.460000
106.250000
92.637000
83.477000
98.030000
98.710000
86.257000
107.097000
103.147000
104.230000
100.740000
89.867000
104.633000
98.300000
96.790000
100.877000
101.447000
108.127000
105.827000
108.023000
93.487000
106.643000
103.227000
107.173000
110.657000
107.987000
113.487000
107.647000
109.033000
110.540000
106.957000
98.593000
104.807000
104.803000
108.297000
105.623000
114.577000
80.137000
106.517000
102.130000
104.780000
119.603000
108.373000
103.613000
113.133000
107.140000
111.227000
101.250000
107.530000
109.113000
111.900000
102.667000
104.583000
107.063000
107.807000
102.273000
90.440000
106.540000
83.603000
83.987000
83.187000
88.263000
82.363000
105.740000
82.713000
97.083000
98.793000
89.490000
98.090000
102.683000
82.803000
97.783000
97.393000
82.947000
80.597000
107.363000
82.913000
101.957000
91.860000
84.047000
100.200000
88.427000
92.360000
100.153000
96.137000
96.313000
111.827000
109.847000
103.987000
99.340000
109.000000
105.313000
103.450000
108.890000
102.600000
102.363000
105.937000
101.693000
98.493000
98.017000
111.070000
109.027000
95.430000
97.127000
91.770000
90.517000
106.647000
108.463000
104.963000
106.307000
97.420000
97.890000
102.400000
97.597000
85.960000
107.217000
84.353000
80.793000
83.887000
83.593000
86.640000
93.743000
88.387000
93.500000
90.450000
88.747000
81.270000
89.023000
81.553000
88.793000
85.107000
105.067000
84.570000
101.180000
80.617000
97.820000
98.550000
85.570000
94.947000
85.503000
83.333000
81.870000
92.393000
88.197000
90.300000
84.020000
86.337000
90.603000
81.637000
95.903000
93.313000
93.787000
90.457000
89.413000
89.570000
91.743000
87.990000
93.953000
103.997000
96.523000
95.010000
103.210000
99.423000
90.293000
105.600000
109.347000
105.140000
102.523000
88.273000
98.440000
97.503000
98.293000
103.723000
104.493000
103.677000
98.757000
103.310000
113.883000
91.137000
101.223000
97.347000
81.637000
102.467000
93.337000
99.383000
105.490000
104.883000
106.077000
97.447000
96.047000
95.900000
107.937000
97.447000
106.887000
96.473000
92.690000
100.053000
103.083000
104.277000
99.467000
101.030000
92.380000
86.277000
95.730000
98.267000
93.160000
88.213000
101.823000
82.657000
99.210000
106.913000
96.210000
98.017000
102.370000
110.463000
90.903000
96.723000
101.867000
109.263000
102.373000
103.043000
109.613000
103.073000
100.647000
103.123000
109.350000
103.710000
109.823000
108.487000
101.020000
98.403000
98.500000
107.193000
97.317000
101.587000
110.193000
111.413000
106.740000
99.923000
103.383000
104.987000
108.610000
107.570000
109.950000
107.633000
115.130000
114.473000
98.190000
100.633000
105.593000
103.840000
95.097000
109.530000
106.140000
102.290000
96.810000
100.950000
98.353000
111.413000
93.200000
92.603000
103.943000
103.560000
106.567000
113.060000
80.553000
99.533000
110.863000
102.160000
97.157000
100.073000
99.880000
103.897000
98.333000
97.240000
89.903000
95.303000
102.317000
92.747000
99.833000
99.983000
99.723000
107.850000
111.153000
107.237000
101.373000
96.890000
103.573000
101.767000
102.890000
109.840000
96.463000
81.073000
108.670000
86.597000
87.800000
81.430000
93.367000
89.603000
87.627000
101.713000
89.067000
90.320000
102.943000
89.113000
94.477000
93.050000
87.280000
82.633000
98.943000
84.683000
84.547000
84.630000
96.423000
85.840000
105.227000
96.350000
97.370000
94.823000
96.523000
90.460000
106.373000
105.120000
97.663000
105.610000
105.187000
100.450000
104.147000
100.590000
107.347000
106.130000
94.763000
102.303000
104.390000
98.110000
90.173000
101.783000
97.210000
96.210000
102.970000
88.850000
97.240000
95.787000
96.707000
94.160000
98.370000
101.543000
91.803000
99.103000
88.943000
81.323000
91.433000
86.460000
86.890000
98.327000
94.707000
85.657000
90.860000
83.747000
94.880000
92.393000
88.887000
90.830000
80.327000
91.633000
86.963000
82.323000
96.557000
99.507000
93.217000
101.417000
95.397000
84.390000
95.953000
81.240000
90.740000
95.267000
93.323000
83.790000
95.300000
96.540000
89.760000
89.527000
84.470000
89.970000
85.540000
86.433000
88.507000
87.830000
88.483000
94.403000
95.933000
92.557000
82.560000
96.233000
101.777000
93.123000
95.987000
111.053000
104.540000
107.827000
81.690000
100.363000
112.653000
110.810000
112.727000
107.750000
104.813000
116.040000
109.020000
109.797000
110.943000
113.333000
108.863000
111.647000
108.460000
107.813000
113.597000
109.673000
109.487000
91.443000
105.607000
98.027000
110.997000
100.687000
101.773000
101.647000
92.157000
101.933000
104.843000
95.997000
98.730000
105.720000
94.370000
97.170000
104.350000
88.563000
104.747000
92.597000
96.733000
104.360000
104.697000
105.143000
96.940000
91.420000
108.027000
109.340000
92.807000
