106.373000
121.500000
74.890000
109.923000
98.950000
107.760000
85.923000
100.207000
103.430000
92.083000
113.467000
75.357000
85.170000
80.370000
111.037000
83.970000
71.047000
87.117000
107.687000
92.090000
91.190000
101.440000
73.330000
87.633000
104.497000
84.077000
87.390000
70.143000
101.513000
100.490000
104.303000
100.337000
88.820000
95.070000
97.793000
114.983000
75.117000
109.987000
101.893000
111.427000
127.477000
111.270000
116.200000
111.043000
110.517000
110.070000
115.253000
122.437000
111.773000
115.480000
117.280000
103.763000
114.497000
115.280000
111.563000
112.923000
111.007000
105.500000
107.993000
113.500000
88.063000
95.243000
77.347000
84.593000
100.837000
71.213000
78.527000
95.263000
88.997000
76.840000
88.303000
92.603000
75.290000
70.677000
83.807000
99.880000
74.257000
101.043000
76.770000
106.437000
104.867000
85.387000
98.393000
97.023000
85.833000
97.943000
104.840000
106.310000
107.783000
107.567000
115.980000
114.537000
109.590000
112.413000
102.020000
110.567000
97.697000
113.883000
116.173000
106.837000
96.513000
94.383000
76.373000
93.937000
98.537000
96.183000
111.340000
99.650000
91.840000
114.740000
103.937000
85.660000
99.703000
94.797000
105.240000
103.223000
96.780000
97.017000
86.120000
110.903000
96.327000
80.180000
72.843000
81.377000
104.570000
100.723000
92.807000
111.500000
103.763000
104.330000
118.790000
108.590000
116.437000
115.183000
79.980000
116.373000
88.807000
116.887000
112.987000
109.163000
106.997000
82.917000
97.727000
110.997000
110.223000
112.613000
110.847000
113.437000
109.987000
109.430000
111.567000
110.267000
105.753000
94.527000
82.887000
73.820000
100.717000
105.960000
111.077000
112.407000
112.070000
107.823000
112.373000
118.623000
113.090000
117.243000
116.087000
114.693000
117.213000
123.827000
113.007000
116.563000
117.460000
115.097000
119.483000
111.780000
113.603000
120.083000
108.943000
113.703000
108.090000
106.810000
118.490000
94.517000
105.867000
111.343000
114.793000
108.227000
99.410000
114.773000
112.133000
116.030000
107.370000
116.067000
110.130000
114.043000
108.387000
84.063000
92.010000
96.003000
70.267000
88.883000
77.270000
95.107000
85.090000
94.577000
71.213000
89.097000
87.760000
71.463000
100.520000
75.020000
73.030000
90.357000
109.543000
90.290000
113.513000
116.093000
122.690000
108.517000
123.557000
109.343000
118.993000
105.150000
112.660000
125.123000
112.307000
112.260000
116.737000
125.873000
107.613000
99.750000
100.267000
110.717000
76.030000
80.127000
104.313000
108.873000
80.663000
99.947000
100.657000
103.560000
86.183000
96.783000
109.797000
98.690000
96.713000
100.260000
115.033000
106.140000
102.217000
99.523000
107.417000
104.403000
108.457000
102.217000
108.227000
79.667000
86.600000
93.950000
99.873000
94.117000
82.450000
77.350000
85.470000
106.797000
109.657000
102.637000
106.227000
106.303000
106.407000
104.363000
109.990000
107.707000
110.417000
110.817000
111.430000
112.950000
106.997000
106.447000
114.170000
112.740000
110.087000
112.330000
116.697000
79.680000
106.473000
109.460000
101.920000
110.327000
108.110000
104.843000
86.680000
106.507000
105.080000
111.113000
113.327000
106.347000
110.407000
108.290000
105.047000
106.040000
100.590000
112.373000
72.893000
87.660000
90.573000
86.797000
96.067000
102.473000
98.053000
93.147000
107.880000
77.710000
106.677000
102.950000
94.830000
105.157000
104.820000
93.597000
97.493000
107.783000
109.503000
99.890000
107.280000
108.800000
106.867000
111.513000
96.330000
110.960000
109.580000
104.393000
103.790000
105.627000
111.400000
103.210000
95.177000
101.787000
99.750000
103.183000
100.543000
102.530000
85.943000
95.610000
100.833000
97.753000
102.570000
100.327000
105.687000
108.107000
107.360000
106.343000
99.817000
109.630000
105.617000
104.740000
107.487000
108.980000
108.600000
109.457000
97.407000
106.453000
105.343000
106.783000
100.923000
106.940000
107.320000
104.657000
108.753000
103.710000
103.020000
104.930000
71.197000
101.420000
109.053000
111.050000
105.453000
101.797000
106.867000
111.940000
104.767000
109.237000
116.490000
111.977000
107.417000
114.077000
116.600000
108.070000
114.977000
105.583000
114.247000
120.357000
118.403000
109.167000
115.167000
103.460000
111.490000
104.067000
115.580000
112.013000
112.253000
114.933000
114.043000
122.250000
113.607000
111.493000
118.460000
114.727000
107.023000
104.013000
114.910000
117.970000
102.780000
114.013000
114.433000
104.817000
116.513000
119.407000
113.973000
118.640000
114.837000
119.970000
104.377000
112.317000
112.767000
115.577000
113.377000
112.507000
99.863000
109.927000
112.027000
105.253000
107.180000
102.917000
106.937000
110.587000
111.257000
105.787000
105.390000
114.663000
114.607000
115.370000
109.677000
112.267000
103.070000
101.620000
117.513000
106.767000
107.560000
104.113000
112.033000
116.627000
108.973000
115.080000
110.853000
112.690000
115.410000
119.473000
116.117000
112.913000
108.680000
117.630000
114.353000
115.767000
105.573000
113.040000
95.217000
73.690000
108.087000
109.890000
103.473000
110.343000
110.433000
108.177000
111.787000
104.743000
105.893000
104.267000
112.860000
107.033000
114.313000
113.563000
112.967000
102.820000
103.580000
106.547000
108.930000
114.280000
111.083000
111.793000
109.570000
109.843000
108.093000
113.067000
111.467000
109.923000
107.850000
112.060000
111.743000
105.897000
116.903000
111.777000
112.653000
110.640000
110.297000
104.633000
110.770000
106.740000
109.437000
112.470000
107.973000
115.740000
109.523000
112.047000
108.030000
112.887000
111.353000
113.543000
110.583000
111.000000
111.550000
108.820000
110.193000
115.957000
107.843000
109.277000
109.720000
111.237000
110.900000
110.850000
111.223000
112.567000
114.347000
110.587000
111.450000
111.520000
107.823000
109.487000
110.757000
110.860000
111.003000
114.733000
112.950000
112.147000
110.080000
109.780000
114.030000
112.030000
104.743000
109.783000
113.467000
107.810000
99.950000
111.013000
111.473000
113.660000
113.033000
113.177000
113.587000
106.957000
109.390000
112.680000
112.920000
111.010000
112.557000
110.320000
113.037000
111.927000
109.277000
109.403000
113.507000
110.563000
111.573000
109.523000
114.857000
108.883000
111.150000
114.817000
113.077000
112.240000
110.340000
116.330000
111.433000
110.517000
111.890000
110.687000
114.587000
111.370000
79.153000
84.283000
104.000000
107.217000
110.453000
82.823000
77.740000
110.787000
114.933000
104.127000
103.077000
100.820000
116.973000
105.310000
79.303000
71.340000
75.467000
76.647000
109.423000
85.380000
82.623000
91.907000
111.453000
74.337000
81.293000
92.030000
88.490000
92.637000
84.977000
84.700000
100.243000
94.233000
84.987000
71.473000
94.813000
106.220000
104.353000
104.437000
110.990000
106.937000
110.733000
111.620000
112.010000
108.073000
97.270000
106.427000
107.973000
112.873000
126.530000
104.007000
110.637000
117.857000
112.127000
86.390000
103.070000
116.517000
105.923000
108.590000
123.997000
116.730000
109.417000
104.590000
104.003000
120.167000
74.067000
105.403000
76.017000
73.447000
101.877000
87.547000
96.327000
97.343000
70.607000
85.890000
91.557000
74.680000
73.123000
80.067000
96.127000
78.273000
79.627000
108.970000
90.763000
102.000000
90.107000
97.847000
75.123000
87.577000
96.157000
93.660000
112.820000
111.937000
107.497000
96.893000
110.223000
113.950000
115.630000
104.687000
104.953000
98.193000
121.623000
111.267000
105.543000
96.717000
105.047000
91.663000
83.007000
96.840000
107.580000
104.160000
97.007000
81.663000
107.337000
99.320000
101.423000
109.933000
108.643000
106.487000
105.560000
88.733000
83.663000
82.350000
105.803000
103.817000
75.060000
72.687000
93.507000
92.927000
93.437000
101.690000
109.187000
109.667000
95.660000
118.207000
106.003000
105.127000
111.387000
108.277000
101.200000
102.787000
121.990000
105.167000
103.570000
97.663000
108.110000
94.757000
116.457000
113.987000
112.493000
114.010000
101.330000
109.383000
124.880000
104.097000
117.640000
72.433000
103.780000
89.067000
100.137000
113.917000
110.593000
111.230000
94.707000
118.150000
113.023000
115.283000
113.287000
119.403000
113.143000
111.923000
115.897000
104.500000
118.010000
118.907000
110.940000
117.783000
122.003000
114.560000
110.677000
127.257000
118.950000
103.267000
107.793000
110.203000
111.487000
111.013000
108.623000
112.730000
114.783000
111.273000
108.840000
97.917000
110.733000
103.857000
109.450000
115.767000
106.243000
113.440000
115.573000
95.120000
96.640000
106.357000
83.357000
80.893000
73.647000
77.187000
78.090000
81.957000
75.433000
87.627000
108.100000
89.727000
79.503000
70.903000
97.650000
106.397000
89.290000
89.460000
89.073000
87.437000
101.493000
119.417000
102.513000
105.817000
113.430000
120.020000
117.427000
111.390000
112.870000
105.200000
121.630000
118.003000
111.650000
102.817000
105.313000
83.123000
95.440000
84.810000
108.317000
77.670000
94.153000
91.380000
70.387000
103.817000
88.793000
113.017000
87.897000
107.380000
102.370000
95.667000
100.260000
107.810000
100.750000
111.853000
100.663000
105.273000
82.347000
86.363000
90.183000
107.640000
91.150000
106.200000
94.297000
76.650000
108.840000
77.933000
83.640000
75.000000
89.140000
106.567000
103.957000
109.400000
104.763000
97.103000
108.787000
112.673000
109.390000
107.923000
113.193000
110.310000
108.273000
110.743000
113.477000
109.600000
108.920000
107.547000
111.760000
93.203000
109.053000
108.610000
75.903000
111.130000
107.497000
95.747000
109.473000
107.033000
114.400000
101.497000
109.303000
109.443000
110.190000
109.223000
106.773000
106.200000
108.657000
107.370000
80.407000
93.060000
92.833000
81.230000
97.390000
96.353000
97.873000
103.463000
99.070000
105.390000
108.443000
101.117000
104.643000
99.013000
105.397000
109.663000
99.820000
107.097000
108.707000
103.723000
103.163000
105.740000
106.950000
100.870000
110.513000
109.807000
94.930000
95.213000
102.283000
104.217000
104.230000
102.883000
100.557000
100.053000
104.893000
94.427000
114.617000
90.453000
99.300000
84.063000
97.200000
98.137000
105.037000
103.533000
99.483000
101.260000
110.737000
105.533000
104.567000
107.223000
106.273000
100.920000
104.617000
106.157000
106.133000
109.660000
104.240000
101.597000
104.343000
99.747000
108.803000
100.590000
109.170000
104.737000
107.440000
106.543000
103.340000
105.913000
76.113000
102.623000
105.633000
108.467000
108.270000
95.400000
111.463000
106.667000
110.523000
106.340000
107.510000
109.823000
109.513000
106.003000
124.803000
111.413000
103.270000
112.007000
103.470000
116.623000
109.173000
115.787000
110.607000
113.393000
103.340000
90.423000
113.240000
112.870000
117.403000
109.563000
77.613000
116.227000
115.457000
115.253000
102.807000
120.023000
108.117000
114.647000
106.567000
116.490000
108.520000
113.077000
119.957000
116.580000
111.143000
116.243000
114.280000
118.413000
116.987000
117.917000
112.183000
111.457000
111.230000
117.827000
117.397000
114.947000
107.930000
101.813000
111.127000
107.350000
109.253000
105.413000
104.933000
113.207000
105.113000
107.870000
108.017000
111.067000
83.710000
113.433000
108.137000
107.363000
111.630000
100.093000
108.927000
111.523000
115.083000
110.963000
118.600000
116.527000
117.207000
110.277000
109.523000
117.350000
111.923000
119.070000
109.010000
116.340000
110.043000
114.463000
111.030000
112.190000
111.683000
112.000000
94.150000
73.480000
105.170000
105.887000
106.290000
111.003000
115.333000
107.073000
110.010000
106.710000
107.307000
106.770000
109.487000
107.287000
109.137000
113.260000
108.773000
108.490000
104.100000
113.877000
109.437000
109.937000
109.550000
110.487000
111.667000
110.273000
104.377000
113.947000
110.320000
110.797000
111.827000
106.400000
109.877000
114.917000
115.020000
112.613000
110.267000
110.627000
112.597000
109.433000
109.173000
111.940000
109.277000
110.663000
113.980000
114.647000
115.187000
105.683000
108.590000
107.857000
111.193000
106.760000
110.160000
109.640000
111.893000
106.550000
107.190000
114.927000
113.807000
110.587000
110.133000
112.623000
112.690000
110.903000
110.000000
110.497000
108.267000
111.000000
112.833000
105.077000
109.210000
112.763000
112.593000
107.313000
109.733000
115.437000
116.063000
108.673000
111.360000
107.697000
113.793000
111.227000
109.887000
113.977000
109.840000
111.403000
109.690000
109.440000
105.050000
104.983000
108.420000
110.090000
112.940000
110.400000
111.177000
114.200000
111.013000
110.600000
110.633000
108.753000
113.373000
113.817000
111.913000
117.167000
108.673000
112.987000
118.740000
113.017000
111.330000
113.273000
111.713000
108.100000
111.293000
111.690000
116.823000
106.557000
110.423000
110.997000
113.337000
113.437000
113.167000
110.293000
111.180000
115.417000
100.127000
94.683000
109.950000
118.330000
100.173000
110.237000
105.600000
100.983000
107.447000
121.427000
114.047000
127.133000
90.893000
99.283000
110.103000
105.997000
109.187000
100.453000
108.817000
114.590000
100.090000
110.107000
118.397000
110.240000
117.303000
108.433000
84.173000
105.100000
127.213000
113.367000
118.683000
109.300000
124.590000
131.690000
120.710000
121.640000
118.907000
116.863000
112.690000
121.007000
121.637000
122.680000
120.660000
118.913000
87.907000
118.263000
105.937000
123.257000
97.177000
103.437000
93.307000
116.877000
92.643000
114.843000
109.917000
96.357000
109.067000
115.767000
103.620000
101.607000
114.010000
89.693000
119.053000
103.683000
107.200000
104.117000
101.917000
109.533000
85.397000
93.443000
101.483000
112.160000
110.477000
114.797000
116.570000
93.893000
116.610000
90.490000
117.257000
109.580000
93.420000
112.733000
114.693000
97.643000
111.773000
111.107000
99.550000
114.943000
121.617000
107.630000
103.737000
103.010000
116.950000
111.270000
106.277000
112.817000
109.707000
115.600000
115.100000
114.723000
119.420000
107.323000
100.507000
111.233000
107.297000
116.230000
103.923000
115.443000
99.970000
114.720000
110.177000
89.797000
114.797000
105.627000
72.157000
117.790000
105.677000
126.393000
111.187000
116.340000
95.240000
129.130000
111.897000
116.107000
124.603000
128.387000
122.903000
121.540000
123.517000
114.153000
119.013000
114.383000
112.497000
118.600000
123.220000
131.457000
124.470000
125.223000
118.773000
119.440000
114.323000
126.290000
116.983000
127.767000
118.433000
107.193000
112.810000
119.510000
112.823000
120.940000
125.653000
113.783000
115.943000
124.970000
121.543000
120.993000
112.123000
120.847000
119.657000
124.903000
107.160000
113.500000
109.020000
119.867000
118.613000
114.153000
117.647000
117.520000
111.633000
114.070000
109.243000
114.160000
79.537000
77.393000
110.353000
116.107000
81.457000
107.040000
80.650000
108.490000
116.093000
106.203000
100.387000
104.937000
97.180000
77.743000
103.200000
74.370000
103.960000
115.117000
101.007000
88.780000
103.897000
102.273000
108.687000
108.217000
101.420000
106.060000
107.457000
111.650000
104.190000
112.723000
119.097000
114.270000
118.090000
117.443000
114.137000
109.560000
116.710000
112.363000
116.310000
117.240000
112.153000
90.740000
98.523000
103.357000
107.217000
104.443000
100.413000
110.290000
90.463000
99.380000
82.363000
111.783000
83.657000
109.813000
84.267000
97.873000
91.317000
96.390000
99.793000
107.590000
84.293000
107.423000
118.883000
80.393000
112.203000
73.317000
106.543000
98.923000
97.920000
111.703000
93.247000
103.690000
110.640000
90.823000
111.310000
89.947000
107.453000
102.133000
83.980000
74.823000
92.100000
106.257000
112.903000
81.083000
99.910000
71.693000
101.790000
100.773000
105.223000
117.103000
80.237000
73.333000
80.713000
106.627000
85.957000
85.320000
110.287000
94.603000
83.340000
87.297000
88.527000
76.283000
103.957000
96.473000
97.850000
75.483000
111.797000
78.713000
96.317000
72.673000
88.897000
83.703000
107.737000
95.473000
113.030000
85.923000
85.967000
109.557000
103.430000
108.120000
102.733000
76.587000
79.077000
90.333000
82.373000
94.287000
91.853000
83.527000
84.120000
82.713000
111.577000
81.917000
80.597000
108.220000
78.623000
115.203000
73.660000
92.013000
88.700000
90.457000
91.570000
95.110000
78.250000
91.700000
90.257000
80.047000
93.487000
77.217000
70.147000
76.263000
89.333000
77.517000
97.767000
77.997000
73.007000
71.407000
70.630000
77.897000
71.930000
80.347000
95.240000
91.587000
75.283000
70.483000
98.113000
104.037000
109.893000
106.603000
118.333000
108.873000
118.923000
112.520000
108.390000
111.927000
99.570000
114.790000
115.123000
91.610000
115.343000
104.027000
114.503000
103.077000
112.803000
100.910000
114.697000
97.987000
102.767000
114.520000
99.070000
115.903000
114.307000
91.730000
89.640000
83.613000
94.497000
78.207000
104.040000
112.793000
111.297000
105.567000
103.620000
82.813000
84.337000
99.403000
99.273000
77.593000
93.057000
111.717000
114.033000
88.440000
91.033000
84.500000
99.707000
114.257000
101.917000
113.423000
94.770000
113.403000
114.087000
112.257000
107.173000
97.653000
108.530000
96.160000
114.947000
102.827000
104.500000
91.250000
76.483000
87.773000
96.827000
74.473000
78.433000
70.323000
85.127000
90.810000
79.850000
79.333000
75.677000
92.593000
94.777000
74.903000
76.547000
93.857000
91.277000
96.260000
96.017000
87.000000
93.740000
91.553000
82.707000
74.843000
91.437000
79.990000
79.853000
87.043000
98.047000
83.393000
70.520000
77.150000
103.130000
87.740000
82.070000
111.803000
97.843000
110.760000
91.387000
108.033000
121.923000
108.647000
93.573000
102.307000
112.670000
108.527000
113.373000
105.513000
111.290000
120.913000
114.263000
107.420000
103.147000
85.093000
102.553000
92.970000
82.890000
88.887000
98.833000
102.497000
102.617000
103.257000
115.020000
74.820000
79.567000
86.253000
90.597000
91.133000
76.470000
81.247000
86.500000
84.670000
97.047000
82.610000
101.730000
84.213000
110.350000
99.560000
92.170000
96.433000
99.587000
90.270000
105.753000
100.663000
83.470000
103.860000
81.060000
112.137000
101.247000
103.440000
77.703000
91.487000
90.240000
89.413000
95.313000
97.170000
84.887000
95.330000
103.390000
100.867000
101.347000
107.003000
107.650000
100.107000
94.943000
105.733000
71.310000
94.093000
84.607000
82.583000
97.010000
97.860000
84.267000
94.657000
95.137000
110.633000
94.380000
97.637000
101.520000
79.650000
92.653000
102.293000
92.283000
94.430000
97.600000
86.430000
99.597000
92.293000
91.693000
71.393000
84.523000
99.297000
87.127000
81.447000
114.277000
79.210000
74.780000
76.013000
72.750000
102.020000
70.923000
96.933000
83.363000
90.563000
94.917000
111.420000
96.703000
119.397000
99.430000
91.240000
93.077000
95.060000
92.463000
103.247000
95.127000
91.710000
100.690000
89.510000
79.877000
81.227000
79.367000
76.903000
90.930000
84.870000
75.663000
75.503000
90.010000
79.060000
95.173000
90.983000
90.520000
92.843000
78.800000
95.460000
93.507000
108.650000
83.737000
103.037000
111.497000
111.327000
82.640000
75.393000
106.460000
114.750000
107.877000
109.213000
94.860000
105.743000
93.523000
97.200000
105.537000
81.283000
88.860000
99.287000
107.747000
100.807000
99.197000
80.813000
91.450000
77.577000
98.023000
90.697000
103.800000
92.013000
102.003000
84.033000
83.557000
95.673000
92.100000
110.190000
107.957000
98.233000
95.773000
110.640000
116.663000
110.400000
100.257000
115.540000
113.373000
111.373000
109.553000
109.387000
83.797000
121.853000
110.280000
111.833000
116.590000
94.753000
113.320000
110.290000
107.967000
114.083000
109.907000
121.770000
115.257000
110.010000
115.097000
117.093000
106.687000
112.930000
109.197000
111.803000
111.080000
108.677000
111.543000
112.270000
112.327000
99.913000
110.667000
108.027000
110.633000
112.507000
121.603000
115.293000
110.470000
122.400000
101.707000
80.013000
89.240000
103.737000
105.257000
95.157000
101.330000
96.453000
111.720000
116.173000
105.520000
111.883000
86.297000
110.913000
96.030000
75.537000
80.293000
92.693000
79.840000
70.223000
83.347000
75.753000
72.603000
87.583000
86.647000
71.770000
97.233000
91.597000
88.053000
93.723000
97.403000
91.727000
93.157000
75.993000
97.423000
106.130000
88.920000
106.080000
87.177000
99.733000
105.233000
86.193000
92.530000
81.647000
98.600000
72.973000
100.750000
95.327000
104.407000
116.407000
114.193000
106.347000
108.117000
118.507000
115.737000
112.527000
114.067000
107.980000
114.750000
103.273000
124.407000
124.597000
112.573000
110.460000
91.630000
108.943000
83.283000
118.500000
90.303000
115.227000
110.543000
114.880000
108.473000
113.220000
110.980000
107.863000
109.353000
108.960000
107.570000
110.853000
113.290000
111.403000
110.450000
112.467000
106.443000
113.570000
113.613000
109.870000
112.023000
108.393000
110.583000
110.203000
113.833000
114.960000
113.880000
111.707000
112.127000
109.557000
111.213000
115.067000
110.890000
113.953000
111.633000
112.100000
111.850000
113.777000
112.690000
114.823000
110.157000
110.973000
110.227000
114.300000
114.073000
112.350000
106.447000
114.540000
108.403000
113.300000
112.530000
110.090000
110.147000
110.667000
112.293000
109.733000
114.097000
112.140000
101.100000
108.200000
115.463000
110.750000
100.947000
111.767000
111.990000
114.007000
113.660000
114.997000
112.373000
106.760000
108.270000
112.627000
112.890000
110.900000
111.267000
109.043000
109.613000
110.973000
109.787000
108.063000
113.527000
109.773000
111.763000
112.523000
112.147000
105.657000
112.570000
107.193000
112.600000
107.760000
109.400000
107.097000
108.187000
108.437000
112.517000
110.770000
115.487000
107.613000
110.200000
111.303000
109.380000
107.940000
112.347000
111.380000
111.693000
114.240000
115.813000
110.037000
106.157000
111.687000
108.783000
110.007000
107.040000
112.037000
112.787000
113.570000
109.043000
108.307000
107.163000
109.993000
112.007000
108.993000
104.723000
110.393000
114.953000
112.750000
108.913000
110.910000
111.573000
110.653000
114.260000
114.817000
112.020000
110.480000
111.220000
117.357000
112.117000
110.760000
109.043000
113.103000
111.863000
113.303000
111.203000
112.777000
113.177000
108.207000
117.287000
116.773000
115.023000
111.013000
111.737000
109.460000
111.727000
110.057000
110.723000
105.160000
108.177000
108.883000
108.057000
109.633000
111.123000
112.213000
111.927000
112.557000
105.987000
113.473000
107.047000
110.313000
113.583000
110.860000
113.033000
109.587000
114.780000
111.127000
113.823000
110.297000
111.063000
112.903000
108.150000
106.350000
108.853000
106.647000
96.263000
111.763000
102.950000
109.303000
108.577000
112.447000
110.557000
110.007000
103.813000
110.777000
104.083000
107.800000
110.630000
112.350000
108.967000
112.347000
110.767000
113.563000
107.343000
114.847000
113.137000
111.683000
110.877000
108.753000
112.663000
110.300000
111.640000
112.323000
111.277000
112.310000
110.963000
108.173000
114.883000
108.627000
115.573000
107.730000
112.940000
107.207000
111.017000
111.543000
105.007000
110.267000
110.583000
110.913000
112.277000
108.670000
112.420000
110.163000
114.620000
112.213000
109.987000
110.910000
106.750000
107.163000
111.513000
110.990000
107.197000
106.030000
107.490000
108.150000
109.360000
111.180000
106.127000
112.957000
111.800000
118.580000
114.950000
110.120000
113.443000
110.130000
112.343000
107.763000
106.900000
107.373000
112.720000
116.403000
111.737000
109.040000
112.250000
101.487000
115.503000
108.473000
108.127000
112.253000
115.653000
110.870000
112.940000
108.293000
110.870000
113.020000
112.097000
106.670000
108.820000
109.777000
113.410000
106.130000
109.193000
102.117000
108.117000
106.077000
114.937000
113.590000
107.363000
112.487000
111.853000
110.197000
111.167000
109.473000
108.727000
107.550000
107.377000
107.533000
110.213000
105.080000
114.727000
113.153000
113.197000
104.677000
110.187000
110.327000
107.783000
109.143000
107.130000
111.503000
110.633000
109.770000
108.123000
109.173000
109.217000
109.037000
108.563000
112.693000
109.413000
112.713000
111.027000
114.860000
111.007000
111.357000
113.263000
113.080000
113.070000
109.900000
109.103000
108.563000
107.323000
110.100000
111.443000
112.570000
109.070000
110.247000
109.627000
108.897000
115.133000
108.387000
111.897000
105.000000
107.603000
111.947000
115.367000
110.707000
112.547000
111.003000
112.920000
110.657000
109.363000
112.257000
112.073000
113.153000
112.050000
108.093000
106.840000
109.323000
107.533000
112.843000
107.827000
108.400000
114.153000
108.040000
113.073000
109.780000
109.323000
105.030000
111.083000
106.113000
111.080000
113.663000
108.093000
108.180000
106.790000
110.830000
109.463000
112.183000
116.557000
112.110000
107.857000
114.930000
113.700000
115.453000
111.610000
110.817000
92.270000
103.250000
102.660000
103.550000
105.183000
101.027000
104.567000
103.253000
102.330000
103.060000
105.357000
102.307000
101.503000
100.107000
104.033000
103.200000
104.847000
92.727000
100.967000
102.927000
95.297000
101.223000
97.580000
104.210000
98.863000
103.417000
102.380000
98.000000
96.970000
100.920000
98.457000
100.500000
103.247000
101.190000
101.113000
101.377000
100.570000
97.370000
104.730000
99.717000
85.327000
96.037000
110.137000
102.213000
99.787000
110.563000
98.810000
105.177000
110.667000
94.830000
97.287000
108.583000
109.443000
101.097000
109.810000
110.403000
113.950000
104.913000
108.090000
109.353000
111.447000
108.880000
109.697000
109.597000
111.793000
111.760000
110.707000
107.607000
107.343000
109.897000
105.013000
107.850000
108.157000
108.570000
109.160000
114.430000
109.810000
98.980000
99.633000
90.137000
109.570000
106.633000
101.237000
95.257000
94.273000
101.753000
104.573000
100.410000
83.003000
101.107000
83.833000
106.713000
113.850000
108.400000
87.897000
82.687000
104.233000
103.917000
95.040000
107.810000
97.173000
103.517000
105.680000
90.060000
96.943000
76.410000
73.090000
96.457000
95.287000
101.320000
99.760000
82.133000
106.917000
107.053000
106.957000
100.507000
105.220000
98.080000
101.137000
89.663000
97.430000
105.130000
106.550000
108.107000
106.417000
101.783000
105.680000
91.027000
93.157000
100.220000
104.693000
99.197000
97.417000
109.907000
103.907000
109.247000
101.420000
90.130000
98.117000
99.187000
106.217000
106.033000
100.810000
105.003000
103.623000
99.730000
104.683000
107.437000
110.673000
110.630000
92.433000
106.670000
112.593000
107.220000
110.400000
107.233000
111.977000
106.980000
112.667000
111.123000
113.263000
112.083000
114.123000
115.313000
117.707000
113.883000
112.253000
111.080000
107.620000
109.327000
113.563000
114.953000
110.787000
115.670000
112.217000
110.530000
109.070000
105.047000
106.377000
102.817000
114.590000
113.663000
105.107000
96.813000
111.850000
111.643000
108.527000
109.220000
112.827000
99.727000
92.357000
113.843000
107.587000
108.917000
110.937000
108.350000
107.877000
102.253000
115.257000
115.910000
112.660000
109.050000
113.563000
109.897000
116.510000
114.703000
111.493000
110.960000
110.137000
110.720000
112.833000
114.720000
108.767000
108.373000
113.717000
112.880000
112.563000
116.293000
113.380000
108.663000
115.540000
109.393000
110.860000
111.730000
108.860000
113.903000
108.210000
109.900000
112.780000
115.313000
113.743000
112.070000
115.767000
108.780000
117.690000
111.623000
107.773000
108.000000
119.697000
108.423000
112.843000
110.187000
109.660000
109.490000
97.167000
107.113000
87.743000
88.847000
106.797000
105.100000
111.280000
101.157000
114.953000
112.250000
115.910000
104.283000
111.330000
112.547000
79.950000
106.163000
105.583000
108.343000
93.187000
96.653000
99.887000
96.097000
105.347000
102.240000
105.827000
104.290000
100.297000
89.083000
81.203000
104.820000
99.427000
109.957000
109.757000
97.287000
104.383000
94.737000
99.550000
110.380000
108.787000
113.053000
109.610000
108.137000
114.163000
111.610000
106.350000
110.400000
113.393000
107.990000
105.693000
98.937000
110.583000
106.410000
108.367000
113.433000
112.157000
112.600000
107.830000
111.680000
112.980000
110.640000
110.780000
112.060000
92.427000
111.593000
110.073000
103.223000
107.573000
107.923000
102.937000
110.720000
115.033000
107.053000
112.230000
110.303000
108.610000
113.243000
113.357000
115.140000
113.000000
113.313000
112.920000
109.853000
110.890000
106.573000
111.553000
108.820000
108.927000
111.167000
108.810000
109.037000
114.300000
111.277000
109.700000
112.623000
108.973000
105.550000
110.700000
108.147000
106.747000
108.177000
106.423000
111.490000
101.220000
105.777000
99.090000
105.600000
101.470000
111.583000
109.187000
110.290000
110.333000
118.813000
104.047000
108.117000
111.410000
109.330000
107.597000
105.913000
109.790000
100.703000
107.447000
100.170000
107.743000
114.133000
109.963000
110.980000
104.260000
108.300000
108.373000
109.900000
105.490000
111.793000
109.563000
106.697000
114.643000
104.543000
109.410000
110.907000
107.837000
101.467000
77.683000
71.527000
80.160000
101.900000
85.703000
76.100000
91.730000
80.793000
106.920000
103.897000
108.627000
109.487000
107.667000
112.047000
109.990000
97.767000
107.547000
105.727000
108.993000
110.600000
109.253000
112.653000
109.727000
105.657000
105.027000
110.447000
109.127000
109.250000
108.120000
113.737000
103.617000
106.880000
95.777000
100.373000
106.317000
104.467000
107.257000
102.810000
113.583000
108.290000
109.897000
111.110000
110.693000
105.087000
106.830000
111.710000
107.887000
110.627000
99.187000
106.030000
87.647000
106.087000
101.173000
106.480000
109.047000
111.353000
107.413000
105.883000
112.763000
112.930000
108.193000
104.037000
109.717000
110.763000
108.467000
91.620000
92.120000
100.680000
105.047000
106.850000
107.133000
106.373000
109.680000
108.833000
109.900000
107.230000
107.597000
109.260000
109.863000
110.627000
101.160000
104.057000
100.480000
85.347000
97.933000
104.103000
110.460000
109.660000
104.990000
107.837000
109.313000
105.557000
112.830000
109.903000
105.950000
106.210000
105.227000
111.337000
101.090000
104.830000
108.370000
110.600000
107.157000
107.163000
113.650000
107.967000
105.340000
94.113000
97.410000
108.530000
106.683000
106.483000
107.470000
107.823000
108.627000
99.720000
108.983000
104.243000
107.593000
107.300000
102.420000
111.040000
109.767000
105.623000
110.330000
108.903000
106.847000
109.477000
104.310000
108.170000
112.453000
108.903000
107.030000
106.273000
112.697000
109.423000
106.587000
106.457000
111.403000
110.797000
107.800000
108.340000
103.930000
106.980000
102.633000
113.023000
105.213000
104.037000
108.930000
105.070000
108.757000
108.697000
111.753000
108.890000
108.690000
109.653000
106.010000
110.437000
107.030000
99.027000
109.040000
107.837000
105.217000
107.717000
111.823000
108.980000
104.377000
112.713000
109.900000
113.600000
110.637000
112.683000
91.600000
108.283000
109.760000
111.540000
108.590000
102.093000
110.457000
109.450000
108.743000
111.043000
107.483000
110.433000
107.710000
109.470000
107.463000
108.193000
107.860000
107.583000
105.523000
108.440000
106.883000
107.980000
106.020000
108.180000
112.247000
109.480000
99.600000
107.807000
114.167000
106.850000
110.190000
105.400000
103.670000
109.097000
106.853000
107.817000
103.933000
108.583000
103.800000
105.313000
106.647000
107.900000
103.263000
97.030000
99.810000
81.077000
98.123000
93.907000
101.560000
99.513000
97.740000
101.013000
105.687000
100.773000
105.987000
104.703000
108.557000
105.900000
110.437000
106.010000
108.350000
106.583000
113.150000
106.390000
106.400000
106.600000
108.383000
111.467000
106.670000
107.607000
110.150000
109.847000
106.880000
110.597000
111.840000
109.917000
106.230000
79.617000
78.077000
98.457000
108.127000
104.453000
107.823000
104.820000
108.297000
112.257000
110.103000
107.867000
105.403000
108.347000
106.280000
109.167000
107.623000
104.203000
103.680000
112.293000
107.457000
106.817000
106.700000
98.750000
107.160000
109.793000
113.513000
107.000000
109.783000
108.280000
107.477000
105.473000
103.893000
105.487000
106.360000
103.797000
110.693000
108.603000
111.323000
104.347000
102.230000
115.620000
111.167000
112.280000
106.463000
113.143000
108.020000
108.350000
110.937000
108.963000
112.827000
105.410000
107.973000
109.117000
113.793000
107.563000
100.367000
89.633000
110.017000
105.530000
109.597000
107.917000
105.463000
106.843000
104.397000
106.183000
108.763000
108.273000
105.200000
103.007000
110.607000
109.267000
108.757000
108.807000
106.387000
108.423000
108.707000
110.310000
113.233000
108.103000
105.000000
113.343000
100.623000
115.777000
106.820000
104.140000
79.283000
95.673000
96.360000
93.063000
95.923000
91.253000
87.037000
81.817000
77.053000
77.340000
82.700000
95.193000
85.027000
71.863000
74.667000
74.307000
86.450000
91.097000
95.717000
104.960000
108.563000
106.427000
101.433000
107.270000
91.553000
109.430000
107.583000
106.763000
110.640000
102.603000
109.047000
106.057000
106.287000
114.347000
112.290000
107.427000
110.013000
109.723000
110.107000
106.113000
111.523000
108.553000
113.027000
105.463000
109.990000
105.843000
112.100000
108.310000
108.023000
108.023000
110.223000
112.693000
110.737000
96.967000
101.597000
109.560000
108.013000
108.937000
106.407000
111.647000
109.667000
109.183000
110.153000
115.230000
114.253000
112.027000
110.880000
112.677000
107.857000
98.770000
108.223000
107.603000
110.990000
109.643000
111.687000
106.957000
100.177000
80.923000
83.623000
100.523000
106.373000
100.940000
104.710000
106.270000
103.640000
102.273000
103.570000
93.780000
108.683000
81.913000
104.657000
91.517000
84.890000
103.783000
107.993000
107.087000
108.200000
90.603000
98.140000
107.507000
107.390000
93.027000
84.317000
112.027000
105.740000
114.287000
98.710000
87.933000
75.653000
105.120000
109.233000
111.240000
110.230000
109.980000
110.683000
98.340000
95.047000
109.817000
110.883000
102.527000
110.470000
104.567000
112.767000
112.137000
109.420000
109.787000
109.740000
105.503000
109.490000
106.537000
111.067000
109.337000
106.577000
105.103000
109.580000
113.513000
108.557000
109.693000
105.607000
106.493000
108.750000
109.853000
109.093000
106.513000
114.217000
110.040000
110.503000
114.700000
106.460000
110.440000
107.323000
107.567000
110.553000
108.733000
111.210000
109.090000
107.913000
111.957000
113.403000
111.170000
110.413000
113.473000
108.580000
113.570000
110.800000
103.897000
103.943000
109.813000
109.150000
96.423000
107.983000
102.447000
99.093000
101.003000
110.300000
108.800000
91.800000
101.360000
108.023000
83.530000
100.373000
103.813000
98.843000
101.957000
102.007000
107.727000
99.350000
106.083000
106.643000
95.987000
95.587000
105.980000
106.733000
111.627000
87.610000
88.920000
111.557000
109.097000
108.287000
111.720000
109.663000
110.497000
89.693000
82.180000
98.110000
86.703000
101.443000
105.620000
102.420000
107.463000
112.307000
108.330000
111.563000
106.743000
108.147000
112.303000
104.943000
113.960000
107.480000
106.997000
105.750000
84.913000
97.247000
106.647000
106.430000
105.277000
110.587000
107.877000
100.723000
85.013000
99.900000
104.553000
98.467000
110.310000
103.587000
104.273000
103.273000
105.850000
104.287000
101.920000
108.917000
106.953000
94.027000
104.313000
107.257000
88.663000
109.243000
102.567000
94.037000
96.210000
109.557000
99.437000
110.457000
111.463000
110.153000
113.183000
104.880000
101.743000
94.463000
111.050000
109.203000
108.120000
98.313000
94.333000
106.617000
99.563000
106.417000
105.467000
102.667000
109.817000
109.267000
80.697000
102.243000
104.453000
97.323000
107.910000
104.887000
110.153000
110.497000
94.783000
94.280000
87.443000
90.823000
104.310000
104.273000
104.273000
99.677000
107.730000
107.687000
108.663000
107.307000
110.167000
108.567000
109.437000
113.537000
96.907000
87.543000
88.893000
106.067000
104.640000
104.830000
105.097000
96.250000
106.057000
107.647000
107.290000
108.350000
97.063000
79.993000
106.167000
98.310000
109.130000
74.973000
94.167000
90.527000
99.510000
102.237000
107.703000
111.820000
111.387000
113.217000
106.350000
106.517000
109.770000
108.630000
106.993000
108.410000
94.133000
110.157000
88.497000
111.660000
105.550000
106.087000
108.270000
113.603000
107.753000
107.167000
115.777000
110.213000
101.177000
96.507000
111.580000
108.670000
104.650000
111.147000
108.997000
107.153000
96.263000
108.407000
92.193000
110.067000
106.240000
97.390000
107.677000
94.417000
92.133000
75.337000
105.630000
105.027000
82.600000
100.423000
104.980000
85.133000
105.033000
96.077000
105.397000
100.667000
107.393000
100.277000
71.723000
82.697000
86.637000
90.430000
95.960000
101.750000
100.427000
96.520000
93.137000
100.867000
89.580000
98.517000
105.313000
90.187000
98.653000
97.897000
103.727000
78.523000
100.983000
106.363000
108.267000
104.877000
107.233000
109.180000
98.440000
76.703000
103.320000
108.167000
106.460000
103.873000
88.780000
102.433000
95.840000
103.843000
99.253000
89.813000
109.950000
91.177000
103.583000
104.103000
95.613000
124.387000
118.197000
119.980000
108.240000
115.727000
83.690000
115.660000
110.997000
116.900000
113.057000
118.273000
101.317000
110.873000
122.400000
121.017000
126.590000
113.627000
109.283000
115.113000
112.063000
117.707000
111.780000
102.237000
118.190000
121.387000
118.307000
114.410000
100.067000
118.180000
112.073000
118.813000
116.883000
95.453000
113.543000
99.997000
95.823000
88.150000
119.260000
113.260000
102.290000
109.390000
108.073000
119.943000
107.343000
74.753000
105.283000
112.207000
113.227000
117.063000
108.100000
119.603000
94.657000
114.430000
118.513000
114.420000
120.310000
130.867000
87.823000
91.040000
78.723000
124.690000
117.167000
118.603000
111.313000
121.053000
112.517000
105.350000
100.210000
113.750000
115.583000
116.553000
101.333000
113.903000
111.643000
120.537000
116.943000
109.503000
108.640000
118.877000
119.633000
128.130000
113.203000
107.753000
111.620000
88.910000
112.257000
84.063000
97.107000
95.483000
110.240000
99.987000
114.823000
116.397000
82.293000
118.207000
110.140000
124.433000
116.443000
110.363000
111.313000
123.307000
111.833000
122.230000
126.283000
119.543000
114.260000
113.603000
114.110000
115.997000
113.407000
111.507000
121.707000
116.787000
126.093000
130.687000
116.680000
121.850000
106.013000
127.833000
117.680000
121.393000
120.187000
104.147000
122.097000
126.963000
106.310000
109.090000
99.947000
73.913000
87.297000
109.923000
100.653000
80.317000
120.683000
95.733000
90.767000
99.227000
111.070000
85.630000
100.180000
113.613000
82.283000
117.577000
99.707000
107.237000
106.320000
104.753000
110.023000
112.273000
113.377000
118.850000
111.817000
119.080000
107.670000
108.757000
106.177000
106.157000
90.800000
85.327000
111.440000
101.003000
109.073000
96.680000
78.097000
79.027000
105.373000
99.590000
88.357000
89.377000
107.050000
117.557000
90.867000
84.263000
83.223000
99.583000
98.303000
104.477000
105.220000
93.710000
104.080000
86.383000
93.420000
126.063000
85.573000
90.777000
87.403000
86.277000
94.467000
112.200000
106.183000
87.593000
113.853000
102.920000
93.697000
82.550000
103.467000
84.937000
108.980000
79.390000
101.143000
101.340000
109.440000
96.923000
116.587000
110.517000
110.413000
114.043000
126.127000
106.870000
89.607000
95.983000
88.383000
93.867000
86.420000
119.220000
75.397000
74.830000
93.240000
117.347000
91.173000
89.980000
72.167000
96.660000
105.930000
75.260000
118.930000
106.223000
113.830000
111.627000
94.277000
119.730000
91.050000
101.817000
115.113000
98.690000
95.487000
90.160000
88.250000
110.133000
115.763000
112.213000
115.420000
121.463000
83.393000
113.223000
95.207000
97.460000
109.070000
97.107000
103.040000
114.613000
113.857000
114.487000
107.730000
97.417000
103.383000
106.033000
103.727000
90.553000
88.580000
109.900000
112.893000
100.480000
105.177000
93.930000
112.427000
118.480000
103.200000
123.593000
108.233000
96.303000
116.613000
97.727000
112.167000
112.340000
105.823000
110.480000
113.617000
78.693000
113.860000
112.533000
120.170000
108.473000
116.853000
100.953000
106.543000
103.833000
105.087000
117.557000
106.997000
120.850000
116.617000
122.087000
106.493000
126.807000
122.103000
89.170000
95.863000
100.057000
108.433000
77.137000
98.467000
84.820000
89.393000
90.990000
108.043000
95.423000
116.287000
109.850000
93.723000
87.223000
115.310000
110.680000
91.767000
105.303000
91.193000
112.200000
84.320000
110.360000
96.500000
94.893000
100.130000
76.700000
79.563000
75.083000
86.520000
105.137000
118.160000
93.890000
84.363000
83.860000
110.863000
109.520000
90.680000
83.473000
102.240000
89.680000
77.987000
117.237000
105.327000
92.963000
96.250000
92.937000
105.923000
79.253000
111.427000
100.783000
117.183000
118.517000
89.953000
96.797000
107.280000
118.847000
115.393000
72.217000
114.153000
119.737000
92.553000
89.243000
90.800000
107.007000
114.007000
122.590000
90.290000
78.567000
105.743000
108.393000
111.177000
116.480000
93.280000
74.227000
95.317000
112.700000
103.950000
119.713000
121.947000
110.260000
118.620000
125.530000
87.970000
95.460000
119.193000
99.863000
95.500000
82.333000
119.697000
101.947000
100.857000
124.090000
101.080000
102.383000
116.910000
116.890000
121.957000
121.630000
122.017000
122.727000
112.357000
99.060000
120.283000
81.333000
108.837000
107.290000
115.517000
125.250000
116.687000
102.317000
113.430000
118.060000
129.787000
79.750000
94.863000
104.517000
89.277000
103.103000
120.820000
111.927000
93.217000
109.170000
99.920000
85.620000
116.730000
123.017000
117.263000
118.920000
118.097000
126.423000
107.120000
115.993000
108.043000
114.173000
109.663000
111.543000
126.833000
112.720000
125.967000
125.213000
114.343000
111.090000
123.900000
86.787000
104.827000
108.927000
129.027000
125.927000
131.910000
96.930000
123.287000
113.193000
105.897000
123.697000
120.667000
137.603000
118.993000
136.920000
128.653000
124.417000
133.617000
115.043000
114.360000
113.337000
119.080000
111.380000
110.007000
121.787000
109.963000
118.973000
115.593000
125.027000
103.950000
109.333000
102.320000
99.737000
111.677000
108.787000
105.563000
101.740000
94.630000
100.680000
114.093000
123.940000
124.960000
128.960000
116.647000
116.843000
127.027000
113.173000
121.247000
97.757000
129.167000
104.710000
94.763000
105.057000
125.337000
107.637000
129.197000
98.763000
96.520000
117.483000
118.373000
115.027000
128.587000
111.727000
137.390000
104.257000
123.350000
103.743000
114.623000
129.157000
127.943000
116.820000
125.593000
121.917000
119.527000
126.410000
112.600000
108.343000
117.700000
112.493000
114.903000
132.627000
118.177000
138.890000
123.183000
128.543000
125.057000
131.183000
119.020000
113.040000
123.497000
119.370000
112.600000
125.223000
111.467000
120.840000
120.573000
123.990000
102.037000
134.820000
129.533000
125.617000
126.153000
106.053000
121.367000
112.310000
132.717000
119.683000
124.440000
126.443000
119.347000
90.893000
101.150000
101.163000
102.997000
123.863000
114.180000
111.820000
97.057000
104.263000
110.500000
115.673000
111.120000
120.967000
110.253000
120.780000
124.253000
124.197000
122.913000
110.013000
100.260000
116.803000
94.603000
102.377000
114.197000
95.863000
120.650000
113.093000
118.747000
113.333000
85.457000
75.720000
86.033000
106.223000
109.783000
119.750000
100.703000
102.357000
91.237000
85.607000
100.787000
73.030000
88.350000
93.210000
110.387000
109.287000
121.490000
115.460000
102.250000
109.177000
92.303000
72.173000
76.043000
73.187000
88.420000
81.373000
93.457000
107.630000
71.653000
100.107000
101.470000
105.167000
100.060000
76.510000
94.720000
97.587000
101.017000
112.077000
87.600000
92.743000
118.203000
96.697000
103.630000
111.150000
109.223000
81.890000
101.993000
105.357000
97.193000
115.927000
124.043000
112.037000
111.033000
116.130000
110.523000
100.600000
109.470000
105.850000
107.477000
110.103000
77.843000
89.103000
91.247000
105.860000
84.877000
74.440000
102.517000
72.630000
95.010000
98.520000
101.480000
76.890000
110.797000
74.260000
104.450000
93.070000
81.847000
100.210000
91.147000
80.537000
95.770000
94.723000
105.603000
102.217000
110.247000
101.187000
92.523000
101.440000
106.123000
102.320000
100.227000
107.800000
107.403000
89.120000
104.207000
108.430000
107.413000
112.583000
96.717000
107.573000
107.317000
111.400000
113.217000
94.603000
96.677000
106.607000
107.753000
110.167000
87.050000
107.043000
108.877000
108.110000
99.707000
86.467000
90.933000
78.173000
98.083000
86.743000
100.003000
105.177000
93.507000
95.677000
100.047000
101.650000
92.657000
75.033000
81.623000
106.250000
108.393000
105.330000
95.097000
106.320000
89.563000
105.203000
109.253000
107.677000
105.313000
110.880000
73.873000
85.833000
74.020000
107.070000
103.347000
111.897000
108.197000
102.763000
104.223000
93.183000
93.720000
103.683000
107.573000
107.390000
94.050000
109.240000
105.553000
110.387000
103.127000
97.950000
98.913000
108.637000
109.513000
106.707000
98.573000
102.883000
107.357000
94.350000
105.367000
84.587000
91.370000
92.937000
106.647000
92.837000
96.223000
105.333000
101.123000
106.627000
103.973000
98.400000
105.680000
111.097000
105.327000
110.543000
111.010000
107.627000
103.663000
110.447000
110.003000
111.400000
100.753000
99.887000
110.510000
109.083000
113.137000
108.577000
109.140000
98.623000
112.723000
99.217000
111.463000
110.837000
103.427000
106.840000
108.333000
94.347000
95.113000
81.830000
72.463000
94.247000
86.073000
85.333000
103.527000
99.223000
89.003000
88.907000
91.080000
93.743000
81.417000
102.613000
81.377000
105.987000
94.217000
102.663000
90.333000
104.810000
91.457000
105.093000
105.460000
106.753000
101.563000
92.310000
97.823000
103.123000
108.553000
91.597000
75.837000
103.617000
99.883000
82.743000
84.947000
73.883000
88.190000
82.870000
77.513000
82.803000
73.437000
99.887000
81.677000
77.783000
74.203000
82.260000
95.007000
91.843000
93.150000
79.670000
92.507000
94.237000
87.250000
89.400000
99.353000
75.350000
99.347000
82.723000
76.653000
101.337000
90.073000
89.383000
84.663000
101.547000
78.240000
73.070000
94.187000
91.657000
91.000000
77.550000
92.463000
99.713000
95.960000
95.063000
104.020000
104.410000
101.563000
106.310000
102.833000
103.290000
93.567000
86.890000
78.050000
94.457000
80.950000
86.187000
89.110000
89.337000
105.033000
76.683000
89.020000
99.463000
94.360000
74.623000
102.527000
93.203000
108.600000
85.213000
100.740000
88.380000
87.677000
93.463000
86.650000
93.537000
84.927000
87.017000
82.187000
107.540000
98.323000
103.603000
102.230000
102.780000
73.353000
105.273000
88.287000
94.627000
99.177000
83.443000
104.623000
105.240000
101.633000
87.510000
102.073000
81.170000
97.387000
102.073000
94.433000
86.623000
83.430000
102.247000
103.853000
92.510000
107.597000
90.943000
107.143000
105.357000
103.910000
106.317000
108.647000
92.227000
109.397000
99.890000
105.153000
104.297000
93.760000
108.403000
89.983000
104.047000
104.237000
108.033000
101.263000
95.173000
87.067000
104.637000
91.267000
96.883000
103.647000
90.210000
98.937000
103.473000
110.967000
101.330000
113.087000
103.677000
77.110000
97.650000
90.573000
98.213000
96.410000
80.863000
94.627000
93.767000
109.587000
103.697000
97.670000
89.677000
79.670000
91.703000
92.400000
102.157000
78.733000
78.310000
79.023000
93.530000
99.817000
72.590000
79.830000
94.497000
82.880000
84.710000
80.960000
92.857000
106.223000
85.897000
70.073000
76.400000
97.783000
93.220000
81.053000
72.617000
90.117000
81.187000
78.363000
94.150000
88.233000
89.620000
81.847000
90.217000
93.643000
89.087000
101.780000
103.627000
72.727000
91.787000
83.447000
101.747000
91.260000
83.913000
90.710000
99.243000
85.317000
83.827000
89.590000
102.873000
107.217000
97.047000
71.253000
95.367000
87.633000
101.610000
106.067000
78.813000
76.753000
87.133000
101.680000
96.067000
101.720000
103.060000
98.677000
104.760000
103.560000
86.950000
90.773000
111.953000
90.563000
84.310000
71.477000
101.923000
85.437000
87.320000
111.453000
86.843000
88.653000
103.437000
103.963000
104.917000
109.883000
109.590000
109.010000
85.077000
74.543000
105.577000
77.443000
91.117000
98.983000
96.523000
107.723000
102.820000
78.350000
106.397000
104.620000
107.163000
88.470000
89.073000
90.480000
96.033000
107.390000
96.593000
96.927000
90.627000
80.333000
80.907000
106.573000
104.813000
98.653000
112.487000
107.563000
100.947000
102.923000
104.000000
92.770000
107.417000
90.507000
105.200000
110.730000
96.197000
113.847000
110.853000
95.057000
99.913000
87.443000
86.977000
99.660000
94.447000
109.140000
106.413000
91.503000
85.237000
105.413000
97.523000
105.023000
108.317000
110.887000
108.103000
102.677000
111.467000
99.780000
105.530000
110.227000
87.240000
102.063000
109.157000
105.110000
105.120000
105.190000
114.330000
106.507000
109.410000
110.273000
104.267000
93.523000
104.930000
101.267000
92.627000
100.780000
99.930000
105.023000
91.277000
94.840000
78.120000
104.137000
111.523000
106.157000
107.617000
93.333000
114.710000
103.540000
112.450000
94.207000
106.247000
90.267000
94.180000
98.810000
105.427000
102.090000
110.617000
85.337000
93.653000
103.547000
107.823000
104.147000
108.600000
98.837000
111.297000
99.147000
106.390000
94.627000
101.217000
115.780000
100.037000
101.920000
111.193000
110.613000
92.687000
103.170000
101.150000
101.153000
108.510000
90.577000
108.393000
106.760000
107.607000
110.597000
105.930000
108.683000
105.343000
105.387000
113.257000
91.023000
101.653000
108.103000
94.887000
104.370000
96.133000
84.320000
99.007000
110.837000
92.160000
105.833000
110.287000
104.713000
108.893000
95.570000
104.307000
97.763000
114.770000
113.343000
109.610000
105.290000
110.227000
93.570000
74.997000
83.383000
105.910000
107.210000
96.623000
89.943000
91.763000
96.983000
104.173000
108.617000
105.767000
105.257000
100.463000
110.270000
107.843000
105.823000
110.217000
108.307000
103.393000
94.940000
96.560000
88.753000
109.240000
93.797000
109.490000
107.023000
79.277000
76.910000
75.967000
95.727000
100.627000
104.487000
89.600000
101.087000
89.253000
77.913000
89.343000
83.577000
85.193000
101.283000
104.290000
99.263000
104.943000
105.737000
104.110000
98.163000
99.207000
70.480000
84.547000
70.153000
80.050000
92.077000
88.903000
96.057000
73.090000
96.580000
88.533000
99.267000
90.607000
74.187000
96.873000
95.037000
94.933000
99.210000
87.490000
83.987000
98.150000
94.633000
97.380000
102.923000
99.457000
91.767000
85.123000
85.547000
98.217000
104.033000
98.103000
77.943000
97.403000
91.503000
89.083000
99.557000
85.350000
89.410000
89.027000
80.903000
95.130000
78.210000
71.373000
81.570000
95.777000
82.097000
84.697000
78.950000
100.160000
70.830000
70.503000
89.817000
89.760000
81.337000
75.107000
93.730000
77.987000
84.087000
79.240000
94.337000
78.823000
98.000000
102.227000
90.890000
109.407000
83.433000
70.560000
77.937000
94.603000
103.107000
89.280000
106.827000
95.360000
107.087000
76.743000
97.873000
93.587000
89.927000
100.163000
105.007000
87.123000
104.740000
75.937000
77.357000
90.477000
74.073000
70.407000
73.547000
82.010000
97.487000
102.603000
81.663000
86.910000
92.923000
80.883000
88.800000
87.373000
78.793000
87.373000
100.823000
87.227000
72.433000
78.850000
79.697000
99.573000
102.907000
70.410000
77.900000
91.467000
72.563000
101.060000
86.197000
82.163000
83.787000
93.877000
83.097000
78.977000
70.770000
101.820000
86.490000
82.290000
96.193000
100.350000
106.303000
99.840000
82.663000
96.483000
81.543000
104.567000
109.613000
106.997000
112.563000
96.283000
88.043000
91.347000
75.193000
88.283000
79.597000
115.707000
79.007000
94.657000
105.527000
82.037000
116.253000
93.170000
111.180000
106.870000
122.860000
114.877000
121.210000
120.590000
102.637000
117.150000
119.190000
114.970000
110.270000
117.460000
115.123000
110.917000
116.833000
114.200000
108.623000
112.490000
106.647000
94.790000
111.187000
117.057000
113.027000
119.047000
112.390000
114.287000
113.090000
109.787000
111.107000
106.720000
78.870000
70.010000
84.677000
76.003000
99.423000
88.190000
93.427000
99.600000
91.910000
97.467000
104.753000
80.627000
95.463000
70.877000
89.630000
97.830000
94.780000
101.117000
87.273000
87.220000
105.270000
98.073000
105.983000
86.497000
104.140000
72.623000
110.493000
98.333000
96.537000
97.233000
83.353000
102.873000
79.207000
84.453000
98.990000
83.970000
95.300000
76.657000
81.817000
76.507000
71.157000
82.440000
80.360000
85.277000
96.463000
85.723000
100.163000
106.443000
100.657000
104.483000
106.990000
93.223000
96.660000
95.857000
101.720000
104.900000
113.410000
105.647000
108.040000
105.320000
112.713000
113.630000
108.777000
107.990000
73.140000
102.973000
112.290000
107.337000
84.203000
108.430000
102.170000
117.783000
103.667000
102.860000
103.700000
85.683000
106.370000
110.670000
95.083000
93.920000
109.413000
110.107000
105.553000
106.210000
103.667000
105.137000
110.717000
106.423000
100.407000
105.453000
105.800000
107.670000
105.580000
106.973000
109.573000
111.580000
107.337000
105.923000
94.780000
104.983000
106.330000
100.060000
83.010000
90.600000
102.573000
80.473000
105.843000
102.257000
102.950000
109.187000
105.083000
106.450000
95.687000
98.913000
108.003000
105.067000
101.447000
105.313000
100.560000
101.600000
102.967000
104.023000
104.223000
104.787000
103.213000
103.373000
104.540000
104.067000
100.870000
106.710000
107.173000
106.560000
110.927000
103.833000
106.167000
111.307000
109.653000
105.623000
111.153000
103.040000
104.403000
110.267000
106.760000
109.010000
103.827000
111.010000
107.007000
104.670000
104.177000
106.540000
96.490000
99.500000
106.333000
103.387000
105.190000
104.020000
104.160000
111.973000
109.877000
111.843000
90.760000
104.877000
107.123000
102.677000
102.497000
109.733000
110.067000
104.570000
106.110000
105.057000
96.837000
101.367000
106.180000
97.413000
98.810000
104.197000
100.563000
107.160000
105.100000
112.217000
105.937000
103.980000
103.707000
106.563000
110.387000
102.997000
100.743000
95.013000
106.900000
80.337000
95.697000
80.693000
76.810000
88.687000
84.583000
70.823000
71.593000
84.013000
70.437000
80.780000
81.733000
70.830000
79.363000
72.243000
88.780000
70.383000
77.883000
96.797000
86.867000
88.737000
78.527000
78.383000
107.400000
94.433000
89.317000
90.320000
80.853000
83.920000
75.710000
97.530000
96.947000
99.993000
98.603000
98.140000
78.723000
112.673000
101.767000
111.747000
101.253000
106.523000
104.500000
105.233000
106.877000
108.577000
108.380000
106.037000
106.700000
101.673000
111.480000
104.170000
98.837000
110.433000
105.003000
108.463000
100.660000
106.300000
109.163000
99.760000
109.243000
101.470000
107.233000
106.987000
77.020000
102.337000
99.203000
97.860000
106.667000
92.790000
95.163000
99.687000
80.663000
94.783000
93.137000
72.857000
81.887000
101.263000
94.657000
91.223000
93.740000
102.607000
96.040000
96.750000
92.673000
108.327000
98.757000
91.233000
98.443000
88.497000
96.763000
97.450000
99.653000
101.210000
108.163000
94.013000
98.767000
102.773000
103.260000
102.733000
92.920000
98.827000
102.343000
85.220000
99.243000
84.787000
98.497000
85.797000
102.147000
99.013000
95.787000
86.527000
81.307000
95.270000
91.803000
101.427000
95.887000
76.923000
90.060000
100.460000
91.633000
70.533000
74.217000
79.137000
73.833000
83.127000
85.837000
98.187000
121.963000
65.070000
115.540000
119.400000
117.790000
119.843000
120.487000
119.897000
113.327000
107.250000
121.647000
117.573000
121.117000
121.080000
121.760000
120.007000
117.210000
120.240000
120.427000
120.310000
121.973000
81.463000
100.450000
119.383000
100.593000
87.107000
121.687000
107.613000
111.687000
118.763000
121.027000
120.700000
119.143000
118.300000
118.507000
112.100000
117.500000
118.673000
113.930000
116.553000
120.047000
115.420000
119.477000
119.907000
83.733000
75.367000
98.550000
94.850000
96.970000
96.137000
81.640000
90.357000
99.890000
101.340000
98.937000
111.677000
105.607000
107.527000
109.953000
115.110000
103.853000
114.293000
111.253000
100.503000
107.460000
110.870000
120.260000
107.330000
106.893000
106.187000
109.373000
118.560000
114.957000
120.397000
113.667000
112.940000
116.847000
113.620000
113.320000
121.807000
120.443000
121.893000
117.770000
108.320000
117.983000
118.937000
120.267000
113.980000
114.247000
108.657000
118.750000
94.613000
105.423000
96.510000
114.240000
103.133000
109.663000
117.720000
115.717000
114.760000
114.673000
113.727000
107.330000
111.437000
95.850000
109.170000
97.697000
120.813000
116.830000
108.087000
100.043000
118.753000
114.373000
82.850000
61.653000
108.380000
97.157000
98.360000
75.300000
76.560000
107.707000
100.847000
116.080000
109.347000
107.407000
117.973000
114.723000
113.120000
120.470000
92.900000
121.533000
118.733000
119.973000
119.797000
113.397000
119.373000
118.157000
121.757000
119.750000
120.700000
121.750000
121.173000
119.317000
109.413000
121.567000
119.350000
118.497000
114.257000
110.947000
117.007000
120.360000
105.367000
115.867000
108.423000
110.303000
102.543000
101.617000
120.340000
121.187000
115.117000
121.097000
115.627000
115.603000
115.010000
117.857000
120.660000
116.090000
89.290000
52.563000
67.277000
74.337000
114.650000
111.297000
116.120000
120.583000
114.153000
116.187000
104.350000
105.773000
109.213000
114.353000
113.843000
112.537000
119.343000
117.817000
117.160000
115.570000
112.970000
116.267000
110.413000
119.677000
118.267000
114.353000
113.640000
116.477000
118.123000
121.630000
118.933000
113.457000
107.150000
116.100000
106.910000
116.887000
106.853000
111.030000
119.940000
112.803000
110.373000
117.650000
119.910000
116.850000
113.820000
114.077000
108.047000
103.990000
116.937000
81.093000
102.250000
117.423000
120.850000
114.680000
112.957000
117.860000
108.097000
117.183000
79.897000
109.953000
121.897000
118.890000
116.220000
111.690000
121.367000
104.340000
106.473000
108.873000
112.237000
115.920000
102.617000
109.593000
107.463000
117.593000
115.470000
114.487000
113.723000
112.160000
120.413000
115.523000
107.453000
115.130000
114.950000
118.637000
118.463000
114.007000
118.013000
118.410000
116.177000
110.430000
116.983000
113.493000
113.857000
118.163000
111.273000
120.570000
116.613000
119.897000
121.917000
121.867000
113.120000
119.747000
101.823000
110.600000
121.320000
121.103000
118.927000
115.673000
119.090000
111.943000
117.193000
118.570000
115.140000
116.543000
121.830000
117.963000
102.213000
119.070000
107.120000
117.257000
96.330000
119.897000
111.707000
117.900000
121.507000
114.460000
120.037000
111.860000
107.507000
120.263000
118.733000
115.963000
117.960000
109.683000
106.600000
113.177000
110.890000
120.070000
119.923000
114.860000
119.540000
118.943000
116.877000
111.970000
116.307000
113.790000
117.210000
108.160000
116.407000
119.357000
107.493000
111.877000
121.473000
119.840000
121.560000
121.010000
116.367000
117.667000
120.907000
120.653000
109.257000
119.027000
111.470000
120.383000
111.553000
95.760000
93.923000
65.817000
57.707000
80.483000
113.957000
117.370000
116.623000
119.640000
108.930000
119.510000
114.007000
119.970000
114.793000
115.350000
114.520000
114.040000
120.900000
118.293000
113.400000
121.150000
117.827000
117.467000
113.357000
102.240000
110.437000
116.620000
119.660000
120.843000
100.403000
107.187000
112.780000
109.440000
116.177000
115.147000
115.680000
115.273000
121.950000
121.270000
112.530000
117.417000
119.897000
112.380000
116.283000
117.653000
119.247000
113.973000
119.737000
121.877000
118.147000
114.560000
118.340000
119.313000
121.700000
118.133000
118.617000
121.903000
121.497000
121.343000
115.807000
119.553000
117.680000
120.300000
121.873000
118.607000
121.017000
119.563000
120.680000
118.220000
117.683000
118.977000
119.387000
113.737000
120.270000
118.700000
113.207000
121.080000
118.940000
120.047000
119.113000
106.127000
114.227000
120.470000
117.537000
117.790000
121.250000
120.390000
116.733000
119.650000
121.207000
120.203000
119.070000
117.740000
115.553000
117.123000
121.910000
119.380000
120.577000
121.680000
121.103000
119.643000
120.163000
115.307000
120.250000
115.320000
109.427000
116.787000
116.540000
118.460000
121.320000
117.867000
117.720000
118.113000
120.190000
119.253000
114.043000
115.090000
111.590000
117.467000
119.457000
117.013000
117.380000
117.810000
119.193000
120.910000
121.710000
116.790000
118.317000
120.830000
120.510000
119.673000
114.630000
115.447000
111.863000
116.773000
118.683000
117.427000
114.730000
119.987000
116.920000
116.100000
119.113000
120.320000
117.157000
120.570000
119.773000
116.163000
121.583000
116.960000
112.120000
120.830000
115.853000
119.633000
115.687000
121.313000
121.307000
118.270000
119.250000
117.193000
117.447000
116.197000
121.163000
119.527000
119.880000
