97.530000
98.187000
99.257000
101.280000
100.067000
100.980000
102.090000
98.160000
99.490000
97.120000
99.427000
100.757000
101.377000
96.753000
96.927000
99.790000
102.797000
103.717000
96.063000
97.880000
97.813000
101.950000
98.350000
101.443000
99.773000
98.047000
98.283000
98.693000
99.917000
100.590000
100.090000
98.887000
98.600000
82.580000
98.457000
99.057000
101.900000
99.227000
99.017000
101.673000
99.823000
96.493000
96.600000
98.757000
111.093000
101.673000
96.557000
99.097000
99.980000
101.790000
99.000000
99.387000
101.550000
101.660000
102.073000
101.100000
101.307000
97.677000
102.817000
103.370000
100.177000
100.857000
98.540000
99.090000
101.573000
90.650000
101.563000
98.507000
96.577000
101.617000
95.183000
99.963000
102.497000
99.417000
101.630000
101.263000
99.647000
95.840000
102.657000
101.627000
100.373000
97.663000
99.753000
99.933000
99.463000
98.777000
102.150000
91.557000
88.607000
99.107000
98.317000
99.463000
101.543000
98.820000
102.083000
99.283000
101.247000
99.410000
97.620000
97.977000
100.530000
100.297000
97.263000
97.553000
96.533000
97.913000
100.310000
97.870000
99.183000
100.060000
100.697000
96.460000
99.433000
100.943000
98.017000
100.507000
98.507000
95.243000
87.310000
100.593000
99.010000
94.640000
94.887000
100.960000
99.597000
101.273000
96.823000
98.913000
100.047000
87.653000
98.843000
81.490000
100.033000
97.290000
100.013000
98.297000
99.507000
101.033000
100.880000
101.140000
96.603000
99.513000
101.117000
100.043000
98.843000
98.390000
99.673000
102.390000
96.723000
100.620000
101.917000
83.513000
97.433000
100.103000
102.037000
100.013000
100.913000
98.293000
100.277000
97.370000
98.243000
97.720000
97.107000
87.360000
98.483000
99.090000
84.707000
97.007000
98.847000
82.007000
99.930000
103.340000
98.277000
101.150000
99.310000
98.493000
98.560000
100.067000
102.313000
97.577000
98.017000
99.297000
101.383000
99.133000
99.547000
102.753000
100.707000
101.160000
98.573000
98.240000
87.457000
96.730000
99.083000
101.167000
102.517000
101.547000
102.477000
100.707000
98.850000
100.867000
99.180000
99.260000
102.360000
98.737000
98.363000
99.720000
99.617000
99.400000
98.080000
97.260000
100.700000
95.567000
101.570000
99.063000
98.793000
99.173000
98.097000
101.773000
98.813000
97.837000
76.480000
99.947000
100.487000
98.897000
87.460000
100.920000
102.020000
97.517000
99.403000
98.677000
104.693000
100.940000
103.743000
102.143000
98.440000
98.310000
91.393000
100.097000
101.373000
87.577000
97.137000
95.700000
97.797000
99.443000
99.173000
99.190000
100.253000
96.300000
98.627000
103.033000
100.093000
99.640000
100.210000
97.667000
94.697000
107.277000
96.397000
96.630000
96.547000
99.703000
98.567000
98.700000
88.777000
97.830000
101.057000
99.667000
95.730000
103.820000
97.927000
98.337000
81.760000
98.167000
98.653000
98.823000
100.057000
85.307000
100.423000
98.280000
98.583000
100.073000
99.277000
103.827000
101.110000
99.217000
100.140000
102.380000
101.767000
101.307000
96.957000
100.877000
96.500000
101.403000
97.920000
101.013000
99.697000
98.717000
99.743000
100.560000
100.127000
99.037000
97.900000
88.910000
101.180000
96.317000
101.910000
101.940000
97.857000
98.297000
100.150000
100.483000
99.330000
95.460000
97.763000
101.970000
97.170000
97.610000
79.710000
98.913000
97.427000
82.717000
96.823000
102.100000
96.520000
97.923000
98.310000
101.210000
102.417000
76.667000
98.237000
99.520000
97.670000
96.540000
98.293000
102.987000
87.503000
99.263000
100.660000
98.590000
100.580000
86.753000
101.163000
95.613000
99.203000
100.720000
99.213000
98.943000
101.427000
101.007000
85.000000
88.233000
100.820000
99.590000
65.097000
96.637000
98.967000
98.207000
98.993000
100.017000
100.750000
100.797000
101.027000
98.337000
100.667000
100.850000
98.410000
99.933000
102.380000
77.273000
96.470000
97.343000
98.203000
101.867000
96.110000
96.827000
81.167000
101.863000
99.460000
101.993000
99.147000
101.777000
101.067000
99.497000
97.080000
100.770000
97.767000
100.660000
100.713000
97.240000
100.163000
100.100000
99.723000
100.273000
99.623000
99.557000
100.180000
96.647000
98.057000
96.943000
99.443000
99.253000
100.140000
99.623000
98.423000
98.000000
87.097000
102.760000
95.333000
66.470000
82.477000
99.383000
102.730000
97.573000
97.377000
101.367000
99.043000
95.440000
99.723000
100.227000
100.000000
101.653000
97.843000
99.097000
101.087000
100.553000
103.150000
98.163000
102.270000
86.460000
95.597000
99.333000
101.577000
99.993000
101.023000
101.887000
100.053000
99.887000
102.130000
99.690000
103.180000
101.373000
99.400000
97.730000
97.900000
104.267000
97.470000
100.107000
102.640000
84.223000
100.667000
101.823000
82.727000
103.840000
101.077000
98.483000
90.107000
102.577000
102.420000
102.663000
100.487000
101.150000
99.220000
100.457000
100.530000
100.180000
97.703000
100.610000
99.123000
91.480000
83.863000
80.500000
102.147000
96.090000
101.230000
96.900000
100.393000
100.533000
97.717000
99.593000
97.250000
97.007000
96.337000
101.537000
99.750000
100.300000
98.713000
101.337000
96.500000
87.280000
100.923000
99.190000
96.740000
96.490000
98.543000
96.830000
101.057000
78.863000
83.360000
101.283000
96.867000
97.720000
97.200000
99.800000
98.817000
100.227000
99.543000
97.347000
82.587000
98.953000
84.930000
100.943000
98.130000
102.010000
99.810000
100.583000
97.497000
96.993000
85.783000
97.937000
102.170000
92.583000
96.457000
98.147000
97.433000
95.053000
95.837000
97.217000
98.293000
94.980000
97.877000
96.227000
95.397000
99.953000
97.387000
94.987000
99.467000
97.960000
97.360000
98.433000
96.700000
95.020000
95.153000
98.483000
79.303000
98.213000
98.860000
98.260000
99.287000
96.467000
69.897000
101.503000
101.580000
97.180000
102.023000
86.003000
98.107000
100.440000
100.693000
98.190000
102.137000
97.497000
81.473000
102.493000
97.917000
101.493000
101.870000
99.550000
97.947000
99.960000
100.493000
99.880000
98.417000
102.973000
101.883000
97.327000
96.977000
101.810000
101.133000
86.240000
98.697000
101.383000
88.840000
98.780000
98.460000
101.403000
98.817000
98.840000
98.257000
100.233000
97.177000
100.710000
94.550000
98.153000
97.860000
99.427000
100.477000
103.667000
95.907000
98.893000
99.487000
97.817000
100.773000
100.293000
99.400000
101.037000
101.080000
98.583000
96.970000
94.487000
101.603000
98.510000
95.813000
100.310000
99.327000
99.643000
100.833000
98.283000
100.573000
87.663000
97.687000
97.190000
99.377000
79.390000
99.763000
102.320000
97.460000
99.157000
99.233000
96.647000
98.267000
101.370000
98.000000
101.360000
95.247000
97.660000
101.057000
100.137000
98.683000
100.193000
82.530000
99.257000
100.873000
97.977000
97.280000
102.240000
103.257000
99.703000
97.797000
97.963000
101.390000
98.417000
100.023000
99.303000
96.387000
99.083000
101.283000
101.840000
100.903000
100.723000
99.623000
79.223000
103.177000
95.937000
97.723000
98.003000
88.130000
100.240000
100.493000
101.990000
100.647000
98.810000
98.067000
98.783000
99.643000
95.497000
99.770000
101.287000
99.413000
100.790000
99.497000
96.683000
99.117000
100.473000
97.473000
99.703000
99.957000
101.067000
96.707000
101.707000
96.570000
98.620000
100.227000
97.430000
101.207000
100.413000
95.693000
100.317000
97.087000
96.203000
103.033000
98.693000
97.470000
94.733000
98.167000
97.703000
99.570000
99.780000
101.647000
103.100000
99.717000
97.737000
99.637000
101.420000
97.043000
98.023000
98.523000
101.440000
98.750000
99.393000
97.133000
97.927000
101.663000
95.930000
96.190000
98.050000
100.517000
98.250000
99.803000
100.643000
98.920000
101.050000
98.557000
97.413000
100.477000
88.680000
86.417000
99.353000
99.690000
99.573000
99.027000
97.020000
98.030000
98.987000
100.297000
100.043000
77.990000
101.353000
99.203000
95.407000
95.383000
85.647000
99.727000
95.233000
98.013000
94.927000
75.770000
98.740000
100.620000
98.513000
98.873000
99.163000
99.737000
101.727000
99.920000
96.560000
99.863000
102.023000
101.690000
97.700000
102.417000
97.573000
96.867000
98.343000
98.783000
98.783000
98.120000
97.567000
79.767000
100.673000
97.070000
99.063000
99.717000
98.807000
95.510000
98.750000
100.787000
98.933000
98.777000
99.017000
99.640000
85.147000
101.780000
101.497000
104.130000
100.670000
100.400000
99.913000
100.457000
100.183000
96.860000
94.447000
85.010000
97.797000
98.687000
97.860000
98.147000
101.647000
95.733000
98.550000
97.173000
99.057000
100.343000
102.443000
99.287000
98.933000
99.457000
98.660000
83.583000
99.123000
102.360000
82.607000
99.377000
99.100000
99.077000
97.567000
98.797000
98.420000
99.753000
98.687000
99.807000
95.590000
98.733000
100.180000
97.840000
96.070000
98.277000
99.417000
96.147000
99.767000
98.767000
102.700000
99.833000
99.817000
99.703000
101.067000
95.827000
98.730000
97.947000
106.127000
100.050000
98.400000
100.607000
97.843000
101.840000
101.160000
98.690000
100.503000
98.253000
96.900000
102.727000
100.817000
97.737000
97.940000
98.127000
98.173000
100.820000
101.150000
98.810000
97.860000
97.233000
100.160000
101.207000
97.980000
94.283000
100.473000
98.337000
96.560000
95.487000
85.527000
99.080000
89.173000
85.723000
88.873000
101.063000
97.620000
100.183000
99.547000
98.840000
97.747000
99.370000
98.040000
87.453000
99.943000
98.460000
99.653000
101.263000
96.523000
98.307000
101.397000
99.460000
95.863000
97.607000
99.063000
86.583000
99.333000
99.773000
97.673000
100.900000
96.060000
98.997000
98.593000
100.697000
99.470000
95.723000
100.930000
96.237000
98.353000
96.117000
101.820000
98.940000
99.363000
100.550000
99.897000
98.283000
101.750000
98.373000
79.893000
100.153000
93.553000
98.933000
95.127000
98.707000
99.133000
98.403000
98.067000
103.750000
97.077000
81.123000
98.083000
98.607000
97.387000
96.517000
103.153000
82.237000
98.650000
88.580000
97.223000
98.860000
96.577000
103.520000
95.900000
99.573000
101.787000
97.040000
100.823000
100.557000
96.467000
98.617000
99.127000
98.510000
101.190000
77.517000
99.387000
98.443000
100.907000
98.877000
99.790000
76.617000
100.610000
83.767000
101.537000
98.577000
87.257000
101.023000
98.183000
98.257000
100.077000
98.023000
97.227000
99.243000
101.043000
97.607000
100.637000
98.620000
98.947000
99.457000
97.793000
98.480000
99.167000
99.243000
98.260000
94.600000
104.070000
97.867000
96.340000
96.387000
101.957000
99.530000
97.847000
95.670000
100.447000
99.010000
96.790000
99.357000
99.247000
99.463000
98.190000
99.660000
99.750000
81.340000
94.607000
100.977000
98.607000
98.500000
97.763000
100.050000
98.700000
85.547000
98.943000
95.720000
85.487000
99.497000
77.867000
99.957000
98.213000
98.953000
100.267000
97.947000
83.980000
101.810000
98.963000
100.150000
95.063000
98.813000
102.760000
96.667000
97.710000
97.383000
97.923000
95.333000
100.777000
99.677000
98.520000
98.247000
99.527000
98.023000
96.973000
102.000000
98.630000
99.500000
83.823000
99.297000
95.473000
96.930000
100.463000
100.460000
99.930000
99.250000
99.987000
99.093000
99.777000
99.733000
100.263000
99.203000
98.517000
99.520000
99.367000
97.617000
97.113000
98.970000
100.023000
100.043000
95.840000
97.097000
98.667000
99.543000
97.530000
95.947000
97.313000
98.690000
100.007000
98.713000
94.823000
102.857000
100.023000
98.747000
99.093000
100.950000
99.497000
98.270000
98.373000
96.590000
99.940000
100.340000
86.550000
97.120000
99.087000
79.703000
98.050000
97.590000
98.597000
97.983000
86.057000
96.457000
102.223000
98.297000
100.923000
81.613000
99.370000
98.253000
95.603000
98.413000
97.653000
99.393000
98.603000
101.967000
100.813000
99.553000
98.180000
83.040000
96.710000
100.897000
100.610000
96.563000
99.240000
100.590000
100.177000
97.550000
96.093000
99.410000
99.143000
82.667000
96.287000
102.023000
97.083000
97.440000
96.840000
95.300000
97.607000
97.497000
98.767000
98.733000
99.447000
99.490000
95.850000
100.753000
95.747000
96.417000
101.293000
86.140000
96.353000
100.833000
100.633000
97.440000
103.763000
100.303000
102.087000
100.323000
99.580000
100.810000
100.130000
85.473000
100.360000
100.747000
98.423000
100.993000
98.850000
100.503000
97.883000
98.440000
99.633000
79.667000
100.517000
96.893000
97.207000
97.993000
96.883000
99.097000
99.430000
100.170000
98.630000
98.903000
99.540000
97.093000
100.780000
97.147000
98.590000
96.003000
98.217000
99.510000
97.167000
97.060000
97.870000
100.387000
96.777000
97.730000
96.367000
98.263000
99.200000
97.990000
94.687000
102.260000
98.557000
100.710000
100.980000
99.583000
98.893000
98.457000
100.953000
98.670000
99.790000
89.110000
100.837000
97.060000
100.643000
97.923000
101.793000
97.467000
97.650000
101.940000
98.097000
96.060000
97.637000
98.950000
83.417000
98.037000
95.950000
99.557000
76.633000
100.413000
97.500000
99.423000
99.047000
94.627000
98.063000
99.457000
97.173000
98.533000
102.413000
82.343000
100.763000
99.397000
99.757000
99.700000
95.870000
96.550000
88.883000
99.970000
95.590000
100.390000
100.103000
98.913000
98.087000
99.333000
97.957000
101.137000
95.423000
97.970000
98.767000
98.160000
94.917000
98.923000
99.367000
99.537000
85.897000
81.197000
96.357000
100.507000
96.080000
97.350000
101.490000
92.387000
96.737000
95.540000
95.717000
84.870000
101.450000
100.703000
98.293000
83.200000
98.563000
98.417000
97.003000
102.467000
102.467000
98.870000
79.577000
97.957000
95.900000
100.920000
98.880000
97.443000
98.077000
99.910000
100.673000
98.120000
80.083000
96.503000
95.687000
97.903000
98.193000
99.027000
100.447000
95.540000
96.423000
99.433000
98.980000
102.983000
98.050000
99.980000
101.183000
98.843000
98.690000
96.607000
100.593000
100.180000
98.587000
99.263000
98.553000
98.277000
96.260000
96.470000
97.957000
98.490000
96.327000
99.830000
77.747000
100.533000
98.270000
96.913000
82.203000
101.477000
96.433000
95.910000
97.297000
98.460000
97.590000
98.820000
99.267000
100.467000
100.147000
99.600000
99.623000
101.220000
99.993000
97.447000
95.870000
95.417000
96.240000
84.623000
102.073000
102.847000
99.230000
82.163000
97.053000
99.270000
88.113000
100.833000
97.023000
98.200000
99.507000
94.987000
99.377000
99.480000
100.440000
87.500000
96.680000
96.507000
98.810000
97.073000
100.090000
98.637000
96.850000
97.137000
100.987000
97.273000
98.157000
77.467000
99.427000
99.873000
98.253000
86.860000
94.803000
98.647000
97.077000
97.443000
97.103000
99.580000
100.320000
100.787000
102.203000
100.140000
98.593000
96.440000
98.103000
97.117000
97.890000
99.053000
95.863000
98.110000
97.087000
85.440000
97.150000
100.117000
99.627000
99.110000
100.573000
96.807000
99.337000
100.090000
94.207000
98.233000
99.713000
94.360000
86.470000
83.320000
99.293000
94.227000
97.510000
96.147000
99.533000
98.827000
96.083000
100.643000
100.987000
95.393000
98.347000
87.983000
96.437000
99.217000
100.540000
96.967000
99.587000
98.120000
98.133000
102.257000
100.030000
97.510000
89.483000
101.310000
101.143000
99.077000
99.940000
98.533000
100.530000
97.203000
99.550000
101.787000
75.713000
99.203000
100.713000
95.180000
97.433000
97.587000
99.817000
103.090000
98.350000
101.660000
97.843000
97.900000
99.823000
87.783000
98.597000
99.753000
100.173000
97.010000
98.850000
100.763000
97.360000
98.407000
98.097000
100.277000
79.410000
98.583000
99.573000
98.957000
95.973000
100.340000
99.917000
96.907000
100.357000
81.907000
99.180000
97.870000
98.987000
80.733000
85.347000
96.273000
97.493000
100.653000
98.940000
100.847000
100.463000
99.470000
99.450000
102.133000
101.423000
99.673000
99.037000
102.373000
97.927000
97.707000
100.483000
98.680000
100.660000
96.377000
100.280000
92.597000
99.377000
96.543000
96.783000
83.603000
98.597000
98.607000
100.540000
96.393000
96.903000
100.027000
97.480000
97.827000
100.413000
95.667000
99.907000
94.317000
98.820000
99.020000
97.630000
96.353000
100.910000
100.803000
94.810000
97.840000
97.933000
84.780000
95.557000
103.260000
97.810000
99.817000
101.603000
101.327000
99.143000
101.663000
95.020000
92.527000
98.140000
98.727000
98.287000
99.050000
95.423000
96.070000
102.330000
94.537000
95.947000
97.583000
95.443000
100.183000
98.303000
100.060000
101.743000
86.633000
96.647000
100.460000
99.117000
97.987000
98.697000
97.650000
100.707000
98.807000
96.693000
98.937000
98.907000
89.740000
97.233000
100.857000
100.370000
102.183000
98.797000
100.763000
101.767000
97.453000
97.383000
100.003000
96.467000
84.647000
97.037000
101.420000
94.217000
100.143000
98.010000
94.287000
97.267000
101.043000
98.187000
99.490000
96.580000
97.657000
98.387000
97.477000
99.217000
99.267000
96.700000
96.237000
98.810000
96.640000
95.563000
98.050000
99.087000
94.763000
98.347000
97.387000
100.387000
94.573000
97.877000
95.133000
95.403000
95.227000
99.540000
98.413000
95.897000
98.870000
98.877000
94.503000
100.200000
97.520000
99.037000
97.963000
99.637000
81.807000
99.563000
97.413000
95.967000
96.383000
95.437000
101.483000
101.847000
97.773000
99.327000
94.983000
99.857000
99.823000
97.147000
97.813000
96.687000
97.533000
99.300000
93.937000
98.953000
99.150000
96.807000
96.177000
96.423000
97.533000
98.933000
95.283000
96.147000
98.417000
97.920000
96.097000
99.040000
99.573000
96.983000
97.473000
97.713000
96.863000
99.220000
98.403000
101.337000
96.870000
97.807000
100.070000
99.620000
99.617000
97.357000
99.410000
98.670000
97.960000
92.257000
97.203000
96.200000
98.733000
79.830000
98.677000
87.067000
97.237000
99.163000
99.163000
97.280000
97.523000
100.413000
99.537000
98.760000
98.993000
97.223000
97.257000
96.040000
101.757000
101.167000
99.993000
95.763000
97.007000
96.367000
96.137000
101.087000
82.077000
88.900000
101.130000
98.623000
99.270000
96.840000
98.860000
101.150000
100.780000
100.153000
96.947000
96.747000
98.990000
101.577000
96.137000
99.940000
98.303000
97.697000
83.753000
83.430000
99.977000
104.893000
99.407000
95.930000
96.040000
81.733000
97.547000
100.280000
95.577000
97.263000
99.953000
98.860000
97.230000
87.710000
84.453000
98.227000
98.590000
100.647000
101.617000
95.437000
82.403000
99.197000
97.503000
100.323000
95.890000
97.963000
97.570000
98.983000
98.977000
98.080000
100.683000
97.660000
102.133000
98.747000
98.077000
87.497000
95.903000
98.257000
99.157000
98.037000
97.507000
90.827000
96.263000
103.503000
100.080000
90.843000
100.360000
100.463000
80.473000
100.437000
97.337000
96.420000
95.797000
98.193000
98.270000
83.167000
97.793000
102.650000
97.617000
97.313000
100.893000
96.827000
96.800000
84.880000
99.163000
101.740000
100.280000
100.027000
99.407000
99.977000
81.807000
96.063000
98.303000
84.480000
101.663000
101.517000
100.267000
94.907000
93.630000
96.773000
97.293000
95.557000
100.007000
99.590000
97.973000
98.553000
100.113000
94.887000
96.977000
97.680000
98.293000
100.253000
97.863000
94.863000
100.023000
99.793000
95.143000
95.707000
98.757000
98.353000
100.570000
100.217000
96.920000
97.123000
96.550000
78.653000
97.973000
100.133000
96.773000
103.253000
101.693000
100.093000
96.103000
97.270000
100.217000
82.360000
94.297000
99.867000
97.683000
97.410000
88.843000
97.393000
98.957000
99.683000
96.353000
100.593000
99.753000
98.557000
97.763000
101.183000
95.077000
100.463000
102.173000
101.380000
91.513000
95.860000
101.807000
95.733000
96.790000
101.763000
88.293000
93.030000
101.447000
95.710000
100.687000
98.047000
98.330000
99.477000
99.843000
95.257000
99.607000
98.787000
95.040000
96.900000
99.790000
99.020000
99.050000
98.933000
97.957000
100.617000
102.300000
96.547000
96.347000
100.320000
80.660000
100.533000
97.470000
100.093000
76.257000
97.857000
91.810000
97.530000
98.393000
100.967000
98.803000
99.250000
100.750000
98.320000
99.793000
96.283000
96.727000
93.563000
97.080000
98.533000
100.177000
98.260000
98.673000
97.673000
97.887000
99.387000
99.177000
97.487000
100.133000
98.160000
99.593000
100.100000
97.333000
97.470000
95.757000
97.287000
98.853000
98.217000
98.887000
101.400000
94.037000
99.427000
98.157000
83.567000
102.873000
97.533000
98.337000
100.447000
101.250000
98.420000
99.047000
94.593000
99.603000
89.060000
96.760000
99.443000
96.773000
81.967000
99.807000
98.773000
97.190000
100.297000
86.843000
98.753000
98.543000
99.043000
98.723000
97.633000
101.523000
96.933000
101.597000
100.763000
98.293000
94.333000
98.420000
93.077000
98.513000
95.890000
101.817000
100.017000
98.653000
98.800000
98.273000
98.630000
97.830000
99.003000
100.710000
101.723000
99.663000
99.207000
99.893000
95.713000
102.143000
98.047000
98.237000
99.827000
98.773000
80.260000
96.747000
98.010000
100.923000
99.483000
97.083000
99.673000
96.300000
97.237000
97.297000
99.330000
97.347000
99.620000
98.010000
102.387000
99.857000
100.660000
98.557000
98.110000
102.037000
96.627000
98.680000
95.393000
82.017000
86.757000
101.620000
100.347000
101.573000
98.867000
96.780000
97.867000
99.967000
98.857000
101.787000
97.243000
101.933000
96.063000
95.543000
99.783000
96.757000
101.240000
101.277000
100.367000
84.037000
100.623000
98.670000
97.997000
100.380000
102.597000
98.493000
101.140000
95.203000
96.210000
95.287000
94.920000
99.993000
98.163000
97.787000
96.190000
99.503000
100.717000
98.357000
100.393000
96.503000
82.977000
99.880000
100.503000
98.557000
97.207000
94.863000
83.003000
97.017000
98.307000
96.560000
99.337000
98.613000
97.393000
99.037000
98.953000
98.470000
99.780000
99.110000
95.467000
98.770000
94.923000
96.830000
99.697000
99.480000
98.313000
98.060000
97.290000
98.267000
99.810000
77.343000
96.487000
100.680000
97.737000
97.327000
99.280000
100.513000
96.687000
98.730000
100.567000
99.190000
95.270000
99.030000
95.583000
98.333000
97.130000
97.293000
99.670000
97.510000
99.553000
99.673000
99.743000
99.137000
99.813000
98.873000
99.550000
96.813000
97.340000
98.390000
97.453000
99.150000
99.407000
101.403000
101.433000
98.143000
100.000000
99.970000
99.933000
100.277000
98.610000
98.260000
98.603000
87.210000
99.320000
94.740000
99.330000
100.220000
101.493000
99.030000
96.653000
94.230000
96.710000
94.913000
97.387000
99.677000
96.083000
97.530000
99.873000
98.970000
98.000000
99.560000
97.477000
96.890000
96.337000
99.727000
98.437000
100.100000
101.677000
100.373000
98.673000
100.193000
96.043000
98.243000
96.207000
95.953000
95.610000
96.733000
99.230000
100.263000
96.067000
98.553000
95.623000
102.740000
98.257000
101.860000
100.977000
100.927000
97.860000
96.980000
94.937000
96.707000
97.620000
100.470000
99.367000
101.733000
100.433000
96.837000
98.720000
95.423000
101.640000
99.437000
97.443000
99.913000
95.967000
96.767000
96.757000
99.540000
97.097000
99.833000
100.257000
76.150000
95.643000
98.733000
99.590000
99.333000
98.003000
97.620000
97.267000
98.763000
98.410000
99.993000
98.523000
97.040000
83.177000
99.797000
79.283000
99.600000
101.580000
97.450000
99.910000
82.310000
97.247000
100.060000
96.837000
98.763000
96.677000
105.243000
94.583000
97.460000
94.410000
98.397000
98.663000
99.563000
97.427000
100.993000
100.893000
93.960000
96.367000
97.733000
101.657000
89.323000
98.257000
101.130000
95.723000
97.690000
98.293000
96.893000
101.227000
97.243000
94.143000
99.790000
96.697000
98.147000
98.070000
98.907000
99.657000
98.547000
100.430000
101.633000
99.747000
98.140000
99.030000
98.703000
98.223000
97.813000
95.500000
96.983000
96.567000
86.547000
97.667000
98.023000
98.033000
97.643000
100.717000
98.747000
100.193000
98.317000
95.323000
98.300000
100.763000
99.757000
102.127000
96.197000
96.563000
84.923000
101.610000
99.703000
99.813000
95.003000
100.593000
96.493000
98.790000
100.683000
101.003000
96.947000
96.187000
99.270000
101.180000
101.207000
97.250000
98.070000
99.367000
98.663000
98.120000
81.697000
97.123000
99.847000
101.833000
96.253000
86.493000
99.547000
101.983000
99.703000
99.620000
95.107000
97.947000
99.743000
97.570000
100.940000
95.690000
70.757000
99.027000
97.943000
94.337000
98.903000
100.197000
98.323000
100.467000
99.013000
97.507000
98.690000
80.983000
97.807000
97.637000
93.860000
95.790000
95.120000
102.150000
86.163000
99.513000
100.500000
98.390000
82.897000
95.897000
80.530000
100.790000
99.527000
98.160000
99.677000
97.147000
100.413000
99.360000
98.177000
100.490000
99.327000
98.553000
81.523000
99.580000
97.687000
98.350000
97.993000
95.197000
99.193000
99.390000
97.870000
95.623000
99.180000
99.887000
100.923000
100.413000
99.787000
96.227000
99.410000
100.057000
99.843000
100.377000
99.397000
99.407000
96.393000
98.370000
98.660000
99.920000
98.257000
100.200000
97.187000
96.827000
99.330000
80.667000
102.147000
83.273000
96.373000
98.647000
98.213000
95.830000
98.693000
98.560000
98.747000
99.433000
99.050000
98.623000
95.853000
98.180000
98.507000
100.967000
99.103000
94.913000
95.350000
100.687000
99.410000
99.610000
102.200000
96.820000
99.010000
95.360000
94.210000
80.910000
96.943000
99.953000
101.263000
97.193000
100.233000
99.433000
97.847000
99.010000
99.547000
99.510000
98.460000
101.793000
96.673000
95.740000
96.830000
96.993000
96.993000
96.637000
95.907000
100.473000
100.940000
93.963000
95.167000
97.167000
101.090000
71.947000
100.083000
94.563000
98.343000
100.633000
99.340000
86.983000
101.330000
96.497000
96.290000
98.907000
99.920000
99.680000
98.000000
99.223000
97.717000
96.433000
100.930000
78.043000
95.967000
83.357000
94.237000
99.450000
96.367000
81.310000
100.623000
100.353000
98.880000
97.373000
103.227000
101.477000
102.640000
95.697000
97.720000
86.547000
99.203000
99.703000
98.760000
97.523000
98.737000
92.000000
95.520000
96.903000
100.127000
101.187000
99.823000
96.550000
98.693000
99.060000
100.110000
100.220000
100.127000
97.583000
97.903000
99.403000
97.147000
83.083000
100.117000
100.563000
94.983000
99.267000
100.817000
97.887000
98.090000
99.840000
85.497000
86.573000
98.623000
98.750000
99.813000
99.187000
79.773000
97.827000
100.433000
98.870000
102.700000
99.307000
95.277000
99.303000
98.567000
97.537000
97.500000
98.807000
97.543000
97.057000
100.410000
96.677000
95.513000
82.370000
99.787000
99.000000
96.410000
77.027000
97.417000
98.130000
99.100000
97.427000
101.860000
97.897000
99.150000
99.900000
98.113000
98.337000
101.653000
97.897000
101.553000
99.553000
96.137000
98.793000
99.010000
98.727000
81.513000
95.837000
98.997000
99.403000
96.893000
97.393000
99.730000
103.487000
102.120000
100.373000
96.700000
99.500000
100.737000
96.543000
98.840000
100.150000
101.257000
98.213000
99.663000
98.600000
98.187000
101.027000
96.887000
96.947000
97.297000
100.487000
99.523000
98.617000
97.333000
86.663000
96.263000
85.573000
99.753000
97.417000
96.983000
96.673000
99.793000
100.240000
98.903000
94.850000
96.907000
99.227000
99.187000
100.777000
95.007000
102.013000
95.570000
97.880000
100.310000
97.837000
99.143000
97.790000
84.733000
96.650000
98.293000
104.097000
77.240000
93.487000
97.127000
101.443000
100.200000
98.367000
97.037000
98.870000
99.563000
96.657000
98.930000
94.483000
97.570000
97.590000
98.630000
99.830000
97.287000
95.650000
100.563000
97.890000
98.550000
98.540000
102.020000
100.650000
95.840000
101.553000
98.700000
102.287000
99.360000
98.843000
99.760000
84.907000
96.797000
99.910000
100.163000
97.503000
91.410000
96.677000
98.650000
99.593000
99.903000
97.723000
100.367000
96.730000
95.467000
77.813000
95.103000
99.273000
97.420000
97.097000
92.913000
97.413000
95.537000
99.530000
98.437000
100.723000
99.027000
98.873000
98.373000
98.110000
88.230000
100.827000
101.803000
100.123000
95.297000
95.820000
85.783000
97.087000
100.353000
98.587000
99.093000
94.687000
97.133000
99.120000
86.337000
98.730000
96.097000
96.430000
99.473000
96.903000
100.230000
101.513000
96.520000
99.573000
96.173000
88.113000
96.130000
97.957000
97.960000
99.750000
99.417000
99.567000
99.897000
98.027000
98.320000
100.767000
95.870000
98.950000
101.433000
97.700000
97.173000
98.227000
99.043000
96.133000
101.333000
100.827000
85.117000
98.130000
98.000000
98.547000
100.230000
97.557000
97.223000
97.557000
100.610000
96.750000
98.817000
98.567000
99.407000
96.990000
97.520000
100.313000
99.203000
96.573000
95.693000
93.887000
97.523000
96.493000
101.160000
98.673000
100.453000
95.353000
97.737000
95.133000
82.847000
96.733000
95.680000
85.087000
99.187000
97.183000
96.217000
85.543000
97.437000
100.363000
98.887000
88.920000
97.553000
98.387000
97.333000
97.807000
99.643000
97.573000
95.563000
99.007000
94.013000
96.643000
97.877000
100.907000
86.383000
101.193000
98.753000
99.623000
98.713000
98.890000
99.697000
98.257000
100.683000
95.823000
82.280000
99.113000
99.590000
88.927000
101.430000
100.150000
97.150000
95.890000
97.117000
98.853000
98.983000
100.513000
99.973000
100.770000
98.147000
97.937000
99.050000
102.493000
88.697000
98.003000
100.123000
101.040000
95.510000
100.477000
99.403000
100.710000
97.433000
96.240000
102.437000
98.487000
99.497000
96.693000
98.640000
99.273000
101.687000
98.503000
100.680000
102.090000
97.797000
100.640000
99.170000
99.857000
104.200000
88.150000
89.517000
99.117000
98.967000
96.283000
99.433000
97.310000
88.553000
97.470000
98.520000
97.133000
98.690000
98.707000
101.043000
95.520000
97.700000
102.260000
100.643000
101.047000
100.317000
101.030000
96.900000
99.910000
100.527000
84.163000
102.067000
102.803000
83.867000
99.750000
99.643000
97.383000
94.430000
98.267000
97.020000
99.283000
99.613000
98.540000
86.353000
90.163000
99.707000
100.397000
97.603000
98.990000
95.817000
96.513000
100.417000
99.117000
100.377000
99.337000
98.317000
97.027000
95.287000
96.433000
97.557000
101.547000
97.697000
86.230000
98.117000
97.793000
97.717000
100.287000
101.107000
99.670000
100.810000
96.833000
98.470000
71.677000
84.560000
99.540000
101.690000
95.333000
94.243000
99.637000
98.840000
88.977000
97.223000
98.920000
97.157000
99.287000
97.367000
99.257000
100.883000
98.797000
97.500000
95.250000
89.790000
100.573000
96.270000
84.763000
117.877000
85.307000
103.153000
100.380000
96.513000
88.593000
99.337000
98.410000
98.187000
99.263000
97.510000
98.483000
95.170000
96.283000
101.220000
97.423000
98.107000
95.337000
96.663000
98.640000
102.400000
100.213000
101.247000
77.610000
97.350000
97.420000
100.737000
86.460000
96.107000
100.600000
101.507000
99.470000
94.863000
85.157000
97.587000
99.987000
98.633000
93.177000
96.450000
78.163000
97.590000
99.573000
94.847000
82.207000
99.127000
100.237000
98.470000
98.543000
98.473000
99.093000
95.997000
98.737000
99.353000
97.067000
75.353000
97.487000
96.383000
86.113000
100.163000
99.003000
96.570000
97.157000
97.910000
96.973000
98.917000
98.997000
98.273000
96.693000
96.790000
97.217000
97.850000
101.487000
97.143000
98.000000
99.187000
98.767000
97.997000
101.100000
97.810000
97.913000
97.590000
99.413000
99.297000
100.547000
88.637000
96.507000
95.553000
98.053000
98.257000
99.137000
101.703000
101.437000
98.423000
96.497000
98.583000
95.627000
101.090000
100.587000
96.600000
99.053000
96.477000
95.273000
98.630000
99.863000
98.750000
101.957000
101.830000
98.437000
99.627000
98.853000
100.113000
101.297000
98.880000
95.897000
98.740000
100.960000
94.810000
98.207000
99.787000
98.397000
98.580000
99.610000
98.070000
101.453000
98.813000
99.410000
100.363000
96.553000
97.150000
99.720000
101.257000
96.823000
99.390000
96.460000
94.050000
98.957000
98.003000
99.840000
93.147000
98.730000
97.747000
100.083000
99.050000
99.923000
97.807000
97.690000
101.397000
98.393000
100.497000
84.063000
99.933000
96.107000
98.450000
99.443000
95.067000
95.667000
94.360000
101.143000
98.023000
99.547000
97.433000
98.127000
99.863000
97.470000
96.460000
101.583000
98.063000
98.053000
95.903000
94.437000
99.523000
98.390000
101.423000
81.177000
85.590000
96.893000
98.270000
99.113000
98.047000
99.997000
101.820000
99.117000
95.837000
99.090000
99.293000
98.983000
97.367000
98.280000
99.197000
97.670000
98.940000
100.027000
99.517000
98.017000
96.837000
97.370000
99.533000
98.143000
97.003000
99.077000
98.763000
99.860000
99.570000
98.673000
93.577000
95.993000
98.593000
101.667000
96.130000
98.390000
99.637000
100.170000
98.430000
99.870000
96.147000
100.203000
99.520000
100.157000
97.313000
99.823000
99.180000
98.047000
97.083000
98.580000
98.497000
97.750000
101.690000
95.997000
98.480000
98.813000
96.380000
98.723000
98.960000
99.913000
98.573000
98.247000
100.150000
100.103000
97.900000
99.203000
99.343000
84.187000
96.117000
99.140000
98.373000
98.247000
97.743000
97.290000
99.823000
98.590000
98.303000
97.463000
95.903000
97.687000
82.597000
98.623000
97.523000
101.360000
98.433000
99.487000
85.397000
99.887000
88.700000
99.000000
97.360000
99.950000
99.807000
100.370000
96.773000
97.723000
97.257000
97.683000
99.177000
99.453000
85.377000
97.080000
97.380000
99.170000
99.087000
94.007000
98.243000
99.727000
97.493000
97.753000
97.203000
97.947000
97.727000
97.893000
101.513000
100.240000
100.970000
100.363000
99.693000
99.707000
99.323000
99.497000
97.800000
98.760000
95.913000
97.727000
100.833000
100.523000
101.383000
96.023000
99.197000
95.757000
99.213000
89.430000
98.573000
100.350000
96.517000
99.820000
100.967000
84.857000
95.887000
86.507000
99.337000
100.950000
99.740000
95.363000
74.960000
101.053000
100.970000
100.127000
97.477000
102.380000
100.077000
99.473000
97.627000
99.857000
98.357000
95.920000
100.937000
98.950000
100.403000
97.807000
82.693000
97.790000
99.517000
85.780000
98.833000
96.997000
91.927000
100.773000
99.443000
95.123000
99.600000
98.220000
87.373000
100.140000
97.623000
102.747000
98.017000
99.250000
97.930000
97.350000
99.863000
96.897000
99.507000
85.287000
100.287000
97.190000
100.323000
99.260000
98.077000
99.673000
97.520000
96.257000
99.887000
98.413000
95.793000
96.420000
96.537000
96.190000
100.317000
100.083000
95.157000
99.657000
99.763000
97.063000
97.350000
94.690000
98.507000
98.623000
99.520000
99.470000
97.390000
98.797000
84.617000
99.430000
100.280000
98.190000
97.793000
99.853000
97.403000
96.147000
99.047000
100.743000
101.670000
97.507000
99.613000
100.043000
103.320000
98.870000
95.567000
95.213000
99.113000
84.513000
96.840000
99.387000
97.740000
100.153000
93.070000
81.970000
102.070000
97.763000
100.670000
99.323000
100.460000
97.150000
97.163000
98.467000
96.440000
98.057000
99.270000
97.363000
86.917000
97.653000
98.190000
102.517000
99.470000
96.017000
96.857000
99.927000
101.040000
99.377000
102.893000
96.903000
100.007000
99.653000
100.650000
98.253000
98.023000
98.867000
98.520000
100.050000
100.250000
100.317000
98.880000
98.613000
102.230000
99.407000
96.530000
84.050000
98.373000
82.890000
98.567000
100.430000
96.093000
98.080000
98.317000
98.240000
98.540000
104.430000
96.380000
100.770000
100.203000
99.857000
98.157000
99.070000
98.733000
99.073000
98.557000
96.427000
80.980000
97.553000
99.367000
97.710000
97.133000
100.757000
97.810000
84.137000
98.837000
100.957000
101.290000
99.920000
96.117000
98.770000
98.533000
100.047000
98.157000
98.587000
97.680000
98.153000
100.147000
94.650000
96.470000
98.427000
96.233000
100.430000
98.117000
97.710000
97.167000
98.690000
96.337000
100.310000
97.310000
102.973000
97.987000
100.377000
99.683000
98.727000
96.820000
99.953000
98.063000
98.210000
101.730000
95.867000
100.963000
100.093000
98.223000
97.190000
100.280000
100.023000
99.620000
94.943000
95.007000
100.543000
96.050000
98.973000
99.477000
98.347000
101.023000
96.730000
87.830000
94.707000
99.837000
98.663000
100.133000
97.380000
99.337000
95.180000
98.430000
97.503000
100.897000
100.393000
96.603000
98.267000
98.257000
100.097000
102.590000
99.860000
82.647000
99.287000
97.437000
98.180000
99.460000
96.887000
97.270000
100.000000
102.297000
98.420000
94.360000
95.180000
96.993000
98.403000
97.597000
98.297000
97.967000
98.523000
95.423000
99.343000
99.150000
101.133000
98.630000
77.267000
96.033000
97.740000
99.197000
91.260000
100.690000
98.027000
100.047000
99.693000
99.310000
97.747000
97.107000
95.970000
99.370000
87.607000
98.933000
96.937000
97.197000
99.997000
98.287000
96.930000
99.950000
100.220000
99.117000
95.643000
97.773000
97.397000
98.430000
99.740000
102.457000
101.267000
99.293000
75.407000
83.967000
93.640000
85.897000
98.933000
98.623000
98.373000
96.673000
98.687000
98.687000
99.900000
99.990000
97.257000
96.103000
98.480000
101.287000
98.507000
98.693000
98.603000
97.397000
102.117000
100.213000
95.233000
70.617000
100.757000
97.267000
85.767000
85.517000
97.193000
98.887000
99.687000
99.683000
98.783000
97.747000
98.500000
100.517000
101.663000
102.187000
95.793000
101.810000
98.507000
96.973000
97.100000
95.197000
97.007000
99.963000
98.537000
99.757000
86.980000
99.063000
84.840000
79.640000
104.183000
99.937000
100.410000
94.113000
95.767000
96.027000
96.343000
98.840000
97.757000
101.290000
99.680000
98.000000
96.327000
100.323000
101.797000
87.217000
99.300000
90.750000
99.313000
98.473000
101.183000
99.220000
101.140000
99.980000
96.850000
100.233000
99.880000
92.823000
99.713000
95.493000
98.167000
99.327000
99.107000
101.347000
96.567000
101.557000
98.590000
101.857000
101.467000
97.767000
96.847000
97.213000
98.417000
96.837000
99.547000
100.020000
82.850000
96.480000
96.937000
98.067000
99.647000
98.613000
96.000000
96.813000
101.040000
97.813000
97.640000
96.907000
101.587000
97.683000
102.333000
100.073000
98.353000
98.110000
87.940000
98.527000
98.937000
84.767000
81.383000
96.663000
96.273000
97.857000
101.237000
95.243000
98.943000
100.703000
97.743000
100.663000
101.280000
100.013000
99.773000
99.650000
101.930000
85.973000
77.120000
96.133000
98.743000
100.233000
99.647000
96.487000
98.773000
82.157000
100.393000
99.153000
97.797000
99.943000
95.660000
98.623000
98.947000
99.623000
96.700000
96.523000
96.833000
100.143000
94.497000
97.850000
99.540000
98.730000
100.083000
91.833000
94.317000
96.903000
96.553000
100.657000
96.943000
98.740000
99.137000
94.340000
98.187000
100.547000
96.833000
99.617000
97.563000
98.907000
99.113000
95.483000
97.907000
98.360000
97.453000
101.590000
94.710000
101.173000
100.640000
97.850000
83.220000
98.987000
99.387000
101.383000
97.917000
94.583000
97.130000
99.053000
97.520000
96.610000
99.863000
97.667000
99.903000
97.563000
96.487000
95.790000
98.910000
99.227000
101.470000
97.533000
97.590000
98.567000
101.683000
100.560000
98.607000
86.783000
98.977000
97.473000
96.330000
98.710000
99.873000
99.977000
94.743000
99.513000
95.393000
98.260000
99.263000
89.753000
99.560000
101.113000
96.327000
94.050000
101.493000
99.207000
81.977000
93.593000
97.060000
100.957000
99.960000
100.437000
99.770000
95.290000
100.130000
100.140000
93.567000
99.193000
98.293000
95.917000
98.700000
100.137000
98.770000
97.837000
97.897000
94.303000
81.437000
99.910000
83.773000
99.887000
85.533000
78.500000
101.290000
95.593000
95.633000
94.320000
99.060000
85.623000
98.783000
98.847000
98.320000
99.860000
83.923000
98.040000
97.973000
97.960000
99.070000
98.107000
100.883000
98.213000
96.730000
100.313000
96.113000
101.147000
100.973000
93.683000
96.687000
99.383000
99.887000
95.287000
95.390000
97.503000
70.853000
97.623000
87.600000
93.083000
96.320000
96.960000
97.520000
99.653000
100.203000
86.580000
93.783000
97.253000
82.083000
98.993000
96.660000
96.857000
98.313000
99.863000
99.477000
97.450000
95.840000
95.240000
97.317000
99.617000
96.933000
99.813000
97.873000
98.480000
96.087000
101.100000
98.757000
75.133000
98.903000
96.933000
100.633000
97.150000
89.083000
99.667000
97.157000
98.113000
102.950000
97.210000
100.103000
90.023000
101.957000
99.207000
97.700000
79.120000
101.993000
94.187000
100.177000
100.563000
97.963000
99.473000
101.033000
85.190000
95.403000
99.497000
99.707000
97.267000
96.510000
94.473000
85.553000
97.473000
96.863000
97.383000
97.227000
94.980000
96.780000
100.383000
98.533000
98.147000
93.813000
97.023000
83.957000
99.200000
99.190000
97.740000
97.850000
98.853000
100.297000
98.880000
99.600000
95.283000
77.087000
97.597000
100.297000
87.150000
97.273000
96.887000
97.197000
100.887000
99.860000
101.227000
100.310000
99.850000
97.353000
100.810000
89.763000
94.497000
83.010000
99.140000
97.077000
86.157000
95.873000
96.837000
97.307000
97.930000
98.993000
98.070000
99.997000
97.670000
96.343000
99.297000
96.600000
100.767000
97.983000
99.793000
97.430000
98.800000
98.257000
97.387000
96.340000
95.253000
98.537000
84.397000
97.577000
97.787000
98.537000
78.920000
99.260000
97.350000
96.827000
92.180000
96.043000
98.577000
96.300000
100.503000
99.460000
98.000000
95.487000
97.263000
96.790000
99.673000
99.383000
97.837000
95.980000
96.967000
98.240000
98.097000
98.457000
98.187000
98.073000
104.000000
93.940000
100.703000
85.000000
80.820000
101.627000
99.707000
97.300000
98.673000
100.330000
100.303000
102.753000
88.920000
102.420000
96.450000
94.957000
95.127000
98.303000
99.897000
95.440000
100.070000
76.273000
96.207000
99.983000
95.593000
101.180000
98.693000
100.547000
96.063000
96.160000
95.853000
99.870000
96.080000
101.023000
98.620000
100.147000
100.807000
99.877000
97.693000
98.647000
102.033000
101.563000
98.770000
77.783000
97.990000
99.470000
101.543000
99.787000
100.767000
83.663000
99.807000
97.650000
96.170000
95.300000
99.887000
98.650000
95.823000
99.170000
98.670000
98.410000
99.147000
98.450000
96.370000
102.253000
98.230000
100.727000
100.267000
96.250000
96.540000
100.097000
82.157000
100.657000
97.977000
98.307000
98.907000
102.993000
98.100000
99.307000
98.367000
101.487000
98.647000
99.453000
95.597000
95.093000
96.997000
100.783000
98.627000
100.397000
101.337000
97.270000
81.610000
96.500000
96.433000
98.797000
98.813000
88.977000
96.287000
96.917000
96.883000
99.220000
101.580000
100.837000
98.980000
96.640000
98.657000
100.877000
101.923000
97.890000
98.757000
87.980000
98.210000
100.517000
92.923000
98.983000
95.067000
99.367000
98.713000
85.793000
97.350000
98.273000
88.597000
86.213000
102.237000
100.803000
97.067000
98.533000
96.540000
98.167000
104.100000
97.897000
99.767000
84.073000
98.667000
98.827000
96.663000
98.197000
97.410000
97.850000
96.153000
96.390000
95.230000
98.957000
99.877000
95.987000
99.337000
97.973000
98.983000
98.307000
99.663000
98.647000
96.343000
100.420000
100.693000
88.557000
96.900000
99.840000
100.453000
96.013000
99.820000
97.617000
95.287000
94.880000
97.257000
82.963000
103.197000
99.823000
99.080000
86.760000
95.813000
99.267000
98.273000
98.817000
93.640000
99.337000
101.930000
96.930000
82.087000
96.317000
96.193000
97.423000
99.177000
98.930000
83.767000
93.260000
102.140000
96.897000
95.197000
98.353000
97.723000
99.950000
97.070000
99.760000
97.587000
98.697000
99.197000
99.063000
97.330000
99.640000
101.680000
96.163000
100.503000
99.620000
100.113000
100.787000
99.410000
99.103000
97.910000
95.897000
97.667000
101.193000
99.630000
86.993000
97.560000
94.563000
80.507000
95.050000
98.457000
82.857000
86.353000
82.527000
99.167000
101.330000
99.927000
77.907000
95.670000
85.680000
83.483000
98.517000
99.500000
99.453000
95.810000
98.677000
96.573000
98.600000
98.653000
99.873000
96.630000
96.087000
98.457000
100.953000
102.417000
99.263000
99.280000
101.343000
86.277000
99.173000
98.563000
99.707000
98.350000
103.003000
98.000000
99.573000
98.980000
97.757000
100.227000
98.133000
98.497000
99.053000
97.717000
100.513000
100.633000
87.740000
98.960000
96.563000
99.333000
100.367000
100.257000
100.180000
102.230000
101.397000
100.833000
99.943000
100.200000
98.860000
83.960000
99.183000
96.943000
96.480000
97.443000
99.023000
99.190000
100.480000
96.237000
95.210000
98.013000
98.130000
99.897000
99.247000
100.610000
100.617000
98.160000
96.313000
100.853000
100.093000
93.327000
100.707000
97.677000
101.260000
98.363000
101.293000
94.213000
97.763000
97.340000
101.130000
100.203000
98.383000
98.920000
86.140000
96.650000
100.537000
99.000000
99.077000
99.380000
83.343000
100.933000
98.577000
100.157000
101.013000
98.863000
100.810000
98.480000
79.210000
98.957000
96.507000
101.383000
96.103000
100.847000
99.280000
96.903000
99.270000
98.087000
98.470000
99.613000
82.903000
98.590000
93.787000
97.903000
99.220000
97.417000
99.597000
98.887000
98.510000
98.360000
97.703000
98.243000
99.333000
88.343000
98.370000
93.903000
98.793000
98.057000
99.003000
100.560000
96.567000
94.663000
98.527000
100.473000
101.580000
98.197000
101.390000
93.310000
97.430000
102.110000
97.730000
100.967000
99.030000
100.630000
99.747000
99.043000
99.007000
93.957000
97.143000
98.077000
98.853000
98.090000
96.447000
93.847000
102.693000
97.887000
99.890000
78.670000
96.863000
97.210000
99.220000
94.790000
100.060000
100.423000
96.807000
98.217000
100.227000
96.767000
97.120000
96.470000
100.080000
98.827000
98.930000
100.247000
100.920000
98.350000
94.053000
95.590000
97.197000
99.427000
98.757000
96.847000
102.353000
79.737000
99.717000
101.203000
99.507000
94.830000
97.053000
99.963000
99.847000
99.537000
95.110000
95.537000
97.620000
97.817000
98.000000
99.700000
102.027000
96.357000
97.970000
103.097000
98.333000
95.993000
93.867000
100.763000
103.037000
98.553000
96.743000
100.413000
98.823000
99.710000
100.247000
99.330000
89.460000
77.880000
100.937000
99.530000
98.067000
101.950000
100.457000
99.010000
101.800000
98.917000
99.980000
99.820000
96.193000
97.837000
99.950000
100.850000
99.813000
94.937000
100.423000
97.243000
98.947000
97.423000
102.057000
99.220000
100.177000
95.193000
99.097000
101.743000
85.910000
99.983000
101.953000
100.273000
101.520000
94.723000
100.987000
97.863000
102.070000
99.357000
99.560000
98.620000
101.110000
101.893000
95.200000
99.113000
98.833000
99.607000
102.390000
101.793000
94.410000
97.180000
96.840000
97.053000
100.407000
101.520000
100.867000
99.523000
101.243000
96.937000
98.473000
101.347000
101.553000
96.380000
98.137000
97.983000
100.190000
96.927000
100.327000
95.787000
96.630000
97.917000
100.093000
102.883000
102.580000
98.093000
98.363000
100.080000
99.580000
98.717000
99.493000
98.530000
100.050000
97.030000
103.977000
101.447000
101.233000
98.720000
101.147000
81.517000
100.923000
104.447000
102.260000
98.930000
99.193000
99.670000
102.820000
73.930000
98.580000
100.653000
102.550000
100.360000
99.157000
100.143000
96.957000
98.927000
102.587000
99.387000
97.317000
99.183000
97.960000
99.463000
100.890000
98.807000
99.900000
95.767000
99.420000
99.387000
102.367000
98.540000
99.750000
97.430000
100.063000
100.407000
99.993000
99.877000
93.533000
98.687000
98.707000
97.667000
100.340000
99.747000
98.587000
98.963000
100.943000
102.693000
100.527000
99.527000
97.270000
97.407000
98.500000
100.080000
100.340000
97.170000
98.607000
99.760000
99.890000
97.717000
98.537000
101.200000
99.573000
97.677000
97.183000
98.853000
99.867000
99.890000
100.823000
100.193000
75.507000
101.587000
98.287000
98.843000
96.340000
97.520000
101.653000
100.983000
98.893000
101.183000
100.263000
97.837000
98.833000
101.560000
102.707000
98.717000
100.213000
99.550000
97.927000
81.077000
99.297000
100.213000
97.743000
98.857000
87.823000
98.510000
98.400000
97.200000
100.937000
98.183000
99.060000
97.950000
99.997000
99.830000
97.967000
95.883000
99.193000
99.353000
99.823000
100.907000
102.050000
100.327000
96.423000
98.473000
98.983000
99.473000
101.137000
98.523000
102.657000
100.173000
97.220000
101.560000
100.070000
99.087000
95.860000
83.800000
99.950000
96.300000
96.783000
97.603000
89.573000
102.880000
82.747000
97.223000
98.330000
101.570000
100.153000
100.757000
99.767000
97.310000
98.143000
99.217000
98.903000
100.490000
100.137000
96.253000
101.310000
101.357000
100.673000
102.763000
98.557000
99.160000
100.020000
96.870000
99.457000
97.000000
99.600000
97.887000
99.343000
102.297000
97.577000
96.837000
97.073000
100.757000
97.773000
97.690000
100.660000
98.183000
99.980000
99.607000
101.050000
99.850000
97.720000
97.930000
98.380000
100.007000
99.130000
102.233000
98.430000
98.887000
95.677000
98.883000
100.797000
95.587000
98.143000
102.783000
98.600000
99.267000
101.150000
98.283000
99.640000
101.967000
103.307000
100.833000
100.000000
98.313000
100.733000
97.703000
103.800000
95.380000
98.077000
94.477000
100.680000
98.207000
99.157000
97.713000
97.853000
100.777000
101.570000
97.747000
99.730000
95.533000
96.907000
100.423000
99.290000
101.243000
98.193000
86.550000
97.660000
83.853000
100.010000
98.613000
96.817000
98.690000
99.040000
101.387000
96.763000
98.403000
87.933000
100.607000
97.830000
100.580000
101.103000
97.810000
99.610000
97.600000
99.523000
104.867000
99.967000
102.327000
99.313000
82.077000
101.747000
102.990000
101.677000
100.573000
101.773000
99.093000
98.320000
94.023000
99.100000
99.860000
102.890000
102.613000
102.630000
97.983000
100.770000
96.583000
101.410000
98.113000
98.593000
100.513000
98.563000
100.343000
97.270000
99.977000
98.347000
102.820000
99.653000
101.377000
96.090000
101.173000
94.580000
98.697000
99.373000
97.570000
99.023000
95.753000
101.260000
100.663000
100.747000
100.620000
96.750000
101.590000
95.913000
95.603000
97.590000
99.153000
100.673000
98.627000
99.410000
85.710000
99.360000
96.277000
99.500000
84.830000
100.977000
101.220000
100.523000
100.247000
100.703000
98.537000
97.723000
99.667000
99.857000
85.350000
100.370000
101.073000
99.707000
98.620000
95.020000
98.230000
95.997000
97.240000
95.390000
100.367000
96.893000
99.627000
99.300000
101.407000
97.740000
96.923000
97.383000
100.543000
97.800000
103.357000
103.307000
99.597000
97.430000
101.117000
101.707000
95.090000
101.683000
99.447000
96.290000
81.733000
100.673000
98.310000
100.610000
101.780000
95.480000
99.510000
98.423000
98.007000
102.103000
102.200000
97.967000
100.113000
101.517000
97.497000
98.600000
98.877000
98.723000
100.923000
82.813000
98.697000
100.360000
101.243000
101.873000
98.997000
98.907000
81.893000
95.780000
98.380000
93.573000
96.843000
97.847000
100.667000
100.653000
100.630000
99.617000
100.077000
101.750000
101.407000
100.683000
98.673000
96.483000
98.263000
100.653000
99.310000
101.957000
100.063000
98.747000
100.673000
98.957000
98.210000
97.603000
98.633000
100.020000
99.377000
100.323000
101.880000
100.110000
98.357000
101.703000
98.777000
97.710000
100.517000
99.880000
99.580000
100.690000
97.870000
104.693000
96.537000
96.340000
100.110000
102.550000
100.253000
99.467000
100.107000
96.160000
99.510000
96.173000
102.350000
98.453000
98.333000
99.477000
97.473000
95.693000
96.227000
100.253000
97.697000
98.017000
99.680000
99.280000
98.593000
103.010000
101.653000
88.947000
98.683000
99.103000
95.840000
99.337000
101.283000
85.970000
98.903000
98.823000
100.160000
100.857000
100.633000
97.780000
98.043000
99.293000
98.153000
97.617000
99.807000
102.633000
100.603000
76.223000
105.167000
98.820000
99.173000
82.953000
98.903000
97.093000
87.607000
101.617000
100.663000
101.263000
100.133000
101.470000
97.917000
97.363000
83.980000
97.823000
100.543000
99.930000
94.367000
100.690000
100.660000
100.150000
84.883000
95.100000
99.247000
100.373000
98.163000
99.510000
99.220000
99.230000
99.640000
100.190000
99.667000
99.817000
99.107000
98.650000
101.447000
100.680000
101.290000
97.073000
100.257000
97.757000
95.703000
99.897000
97.957000
102.760000
98.297000
99.107000
95.870000
74.417000
99.783000
99.973000
100.567000
102.213000
102.087000
92.570000
101.493000
100.330000
98.593000
98.840000
100.987000
98.973000
98.110000
101.397000
99.577000
101.330000
98.850000
100.047000
99.600000
101.130000
101.300000
98.030000
98.697000
101.427000
101.423000
102.590000
101.083000
101.633000
96.503000
98.923000
98.947000
97.583000
101.697000
97.683000
99.873000
100.653000
101.600000
88.613000
98.137000
101.113000
100.120000
99.907000
102.107000
100.807000
98.513000
96.303000
101.053000
96.167000
91.093000
102.033000
101.180000
100.227000
97.880000
97.420000
99.543000
98.713000
101.670000
102.187000
98.190000
99.207000
96.837000
101.710000
100.150000
98.467000
101.257000
100.640000
96.497000
96.007000
100.947000
98.240000
96.763000
83.377000
99.077000
98.517000
98.347000
100.027000
102.123000
83.040000
98.110000
99.490000
100.257000
101.250000
100.597000
99.343000
98.937000
98.530000
101.390000
98.357000
103.850000
99.090000
96.977000
100.393000
98.540000
100.890000
98.223000
88.990000
85.830000
96.793000
100.630000
96.243000
97.540000
92.057000
86.760000
100.490000
101.297000
98.593000
100.553000
87.460000
96.357000
97.743000
96.677000
98.213000
98.567000
98.070000
98.123000
86.010000
97.350000
101.117000
101.470000
96.257000
99.300000
98.733000
98.370000
99.293000
98.633000
100.630000
96.823000
100.363000
98.257000
95.993000
98.250000
96.823000
100.313000
98.917000
97.590000
96.770000
102.603000
101.250000
100.680000
103.093000
98.753000
100.890000
98.577000
101.343000
100.203000
98.820000
98.243000
103.110000
102.423000
96.180000
101.900000
97.207000
99.473000
100.677000
100.090000
100.030000
102.027000
100.453000
100.833000
99.653000
100.433000
103.033000
97.827000
99.300000
98.397000
100.033000
90.597000
100.293000
98.947000
95.837000
104.900000
100.823000
98.500000
100.153000
101.703000
98.567000
95.393000
80.423000
100.310000
100.067000
101.140000
99.513000
99.290000
98.333000
98.973000
99.037000
97.927000
100.817000
102.667000
101.553000
97.673000
99.230000
100.830000
95.843000
98.217000
100.723000
99.733000
101.137000
98.717000
99.730000
100.497000
100.297000
101.397000
95.850000
99.997000
95.610000
99.090000
97.697000
97.643000
99.737000
100.140000
99.690000
101.003000
97.030000
101.303000
103.763000
97.740000
101.157000
77.200000
98.147000
99.670000
98.973000
99.863000
98.273000
100.410000
100.610000
100.193000
99.957000
102.407000
99.993000
99.063000
104.230000
95.763000
98.320000
97.200000
98.180000
101.570000
99.970000
98.650000
97.990000
99.177000
98.643000
101.173000
98.370000
101.577000
98.670000
100.800000
103.667000
102.337000
97.147000
98.553000
100.880000
102.567000
88.083000
100.107000
100.340000
101.877000
98.130000
87.137000
101.137000
98.370000
96.903000
97.380000
99.193000
101.873000
97.537000
100.607000
99.827000
102.093000
97.973000
100.217000
99.310000
100.873000
100.733000
100.233000
98.127000
100.943000
98.517000
97.683000
99.037000
101.100000
98.220000
99.177000
97.270000
96.973000
99.047000
101.420000
100.017000
98.303000
100.180000
98.537000
81.803000
98.693000
98.163000
102.340000
98.597000
102.247000
98.637000
99.850000
100.230000
99.677000
78.450000
97.863000
101.073000
98.497000
96.537000
100.280000
81.450000
96.670000
97.873000
96.720000
97.747000
98.880000
100.697000
101.973000
101.300000
96.437000
96.027000
97.217000
95.340000
95.733000
99.767000
101.470000
96.067000
99.177000
96.270000
98.897000
102.040000
100.780000
97.823000
97.053000
100.507000
99.567000
101.300000
98.500000
83.323000
97.480000
97.300000
94.687000
99.617000
102.803000
100.700000
97.940000
103.913000
95.930000
99.520000
98.593000
98.537000
97.613000
100.820000
98.303000
98.157000
96.777000
100.397000
102.007000
99.287000
95.973000
100.807000
98.233000
97.583000
99.430000
98.720000
100.620000
99.680000
100.987000
99.517000
96.947000
104.460000
81.423000
101.647000
102.013000
98.477000
102.137000
100.660000
102.060000
102.150000
100.010000
99.540000
99.147000
103.780000
96.550000
99.497000
97.713000
100.300000
98.767000
99.683000
102.543000
84.523000
100.107000
100.207000
105.033000
97.450000
97.673000
100.010000
100.367000
97.683000
100.547000
98.937000
99.107000
100.710000
98.733000
98.883000
95.543000
102.627000
96.093000
101.073000
97.923000
100.070000
100.333000
97.623000
99.683000
100.727000
100.537000
98.010000
101.477000
97.120000
97.373000
99.573000
100.280000
100.470000
97.473000
101.030000
98.423000
101.350000
94.857000
102.487000
100.153000
96.913000
98.827000
96.847000
97.603000
98.847000
100.730000
98.890000
100.250000
99.723000
97.830000
102.107000
97.380000
101.017000
97.343000
94.420000
100.993000
100.703000
99.367000
100.820000
100.743000
99.383000
99.320000
101.673000
94.280000
98.963000
97.597000
96.283000
99.870000
99.890000
100.080000
99.757000
99.297000
102.420000
100.903000
100.367000
95.340000
100.060000
102.450000
102.240000
99.510000
102.080000
96.867000
98.837000
99.363000
97.673000
100.860000
99.340000
95.597000
100.453000
96.430000
101.000000
99.123000
99.677000
102.580000
99.690000
98.927000
98.537000
98.363000
100.407000
100.010000
98.423000
101.077000
99.800000
84.657000
99.773000
98.957000
99.400000
99.687000
103.300000
101.147000
101.733000
102.120000
99.717000
101.373000
100.730000
97.180000
97.997000
98.320000
100.953000
97.270000
102.857000
95.717000
100.617000
102.343000
99.303000
103.167000
98.363000
98.860000
97.457000
101.120000
99.993000
88.053000
99.143000
96.003000
98.920000
96.450000
98.270000
84.790000
102.117000
98.757000
100.213000
95.783000
97.990000
97.607000
98.370000
98.693000
99.480000
97.977000
96.640000
98.950000
97.317000
85.923000
100.357000
100.033000
84.407000
95.583000
97.000000
101.007000
86.863000
100.153000
99.970000
100.243000
98.290000
97.010000
100.733000
100.720000
100.210000
98.080000
98.193000
101.560000
100.433000
100.023000
100.503000
103.017000
101.517000
87.820000
102.033000
99.607000
98.033000
103.420000
100.217000
76.900000
97.273000
98.837000
95.970000
100.337000
99.923000
102.083000
100.803000
104.013000
83.677000
101.643000
95.800000
96.680000
97.297000
98.507000
102.203000
100.737000
101.913000
97.997000
102.310000
97.570000
90.877000
98.897000
100.267000
98.377000
98.297000
100.323000
102.557000
99.790000
98.927000
91.797000
98.090000
100.077000
101.000000
103.273000
96.517000
99.067000
100.750000
97.753000
102.650000
99.777000
86.393000
96.433000
98.387000
89.233000
101.387000
99.063000
79.243000
103.787000
102.733000
100.080000
100.450000
100.323000
97.437000
96.917000
97.953000
100.433000
100.943000
98.107000
91.690000
97.673000
99.507000
93.010000
99.400000
100.650000
100.093000
101.803000
96.590000
99.867000
103.333000
101.860000
102.717000
101.100000
100.150000
100.467000
98.970000
98.830000
99.003000
101.230000
99.343000
98.137000
96.347000
100.160000
88.830000
101.863000
98.490000
99.087000
99.247000
100.153000
99.140000
101.493000
100.317000
100.317000
98.490000
100.207000
99.593000
83.367000
98.387000
100.993000
94.807000
97.477000
101.947000
99.507000
101.327000
98.590000
99.923000
97.270000
98.537000
86.637000
100.787000
100.953000
100.090000
99.507000
99.503000
97.347000
96.483000
77.907000
98.810000
95.807000
98.373000
99.563000
100.797000
102.777000
102.627000
100.627000
92.263000
100.683000
97.653000
99.027000
98.570000
99.423000
102.237000
100.753000
97.043000
101.560000
86.020000
102.437000
96.493000
97.870000
102.667000
97.530000
96.557000
100.877000
99.887000
101.890000
102.060000
100.767000
100.610000
99.743000
100.687000
102.690000
100.993000
97.913000
101.930000
97.113000
101.373000
98.010000
98.210000
97.230000
94.667000
100.350000
99.370000
100.763000
97.917000
98.803000
96.010000
97.693000
99.367000
99.743000
100.787000
87.127000
96.443000
98.050000
100.590000
98.557000
101.630000
97.303000
100.343000
99.010000
99.193000
100.290000
100.667000
97.570000
102.593000
99.903000
100.163000
102.860000
101.280000
102.410000
100.867000
101.647000
97.680000
96.273000
99.460000
100.780000
100.343000
99.547000
85.247000
99.140000
99.090000
95.093000
99.227000
83.587000
100.267000
100.803000
87.640000
99.897000
99.313000
100.273000
96.520000
102.153000
100.270000
97.820000
100.530000
101.017000
101.617000
99.927000
100.310000
98.380000
97.457000
98.433000
99.303000
98.653000
100.723000
99.967000
101.487000
103.543000
99.740000
99.993000
100.620000
100.897000
97.790000
97.143000
84.700000
101.973000
100.673000
103.747000
99.043000
101.427000
95.070000
99.440000
98.263000
99.217000
86.153000
97.510000
97.437000
100.210000
100.497000
99.730000
99.443000
97.747000
101.393000
99.503000
79.823000
98.107000
98.580000
102.543000
97.310000
80.470000
85.883000
78.817000
99.973000
101.610000
102.170000
99.740000
97.607000
85.967000
100.210000
97.960000
101.283000
100.860000
99.550000
98.770000
96.363000
101.147000
96.147000
97.010000
99.700000
101.830000
101.317000
100.687000
99.253000
96.567000
100.560000
98.330000
102.420000
101.200000
100.423000
99.213000
100.443000
98.493000
102.710000
98.793000
97.603000
99.320000
101.043000
99.623000
99.110000
98.720000
100.130000
82.677000
102.253000
100.057000
102.217000
104.033000
96.207000
99.720000
99.520000
85.033000
96.400000
99.953000
99.753000
100.363000
97.233000
100.497000
102.933000
100.500000
102.203000
102.423000
98.660000
99.547000
100.407000
99.483000
99.637000
101.290000
99.260000
102.283000
99.777000
98.287000
102.777000
100.473000
79.423000
102.753000
98.090000
100.667000
96.867000
99.160000
101.470000
101.873000
87.487000
99.533000
99.007000
97.163000
100.387000
100.570000
101.560000
99.683000
99.937000
97.780000
97.427000
100.777000
89.463000
99.780000
99.353000
99.097000
99.450000
98.313000
102.157000
98.733000
95.673000
97.217000
102.853000
97.987000
101.310000
102.100000
98.987000
96.190000
99.177000
98.053000
97.393000
100.683000
88.353000
101.050000
100.640000
100.390000
97.660000
100.453000
97.197000
101.700000
102.380000
88.980000
98.340000
100.360000
100.473000
101.753000
98.057000
98.357000
98.393000
101.210000
97.263000
100.943000
100.363000
98.893000
96.637000
97.960000
99.860000
104.227000
99.580000
102.613000
100.427000
98.053000
100.480000
100.820000
98.460000
100.500000
102.090000
95.023000
101.307000
99.273000
98.043000
94.843000
103.337000
99.680000
81.700000
99.827000
97.010000
102.177000
96.257000
101.690000
74.997000
100.200000
100.700000
101.113000
98.853000
100.277000
95.813000
100.477000
102.103000
90.763000
99.347000
96.093000
100.800000
100.457000
100.420000
98.890000
102.163000
99.210000
101.000000
103.630000
100.007000
104.597000
98.107000
97.243000
99.563000
99.160000
99.173000
97.073000
98.050000
97.430000
97.210000
100.550000
84.383000
97.053000
100.790000
99.120000
97.710000
97.213000
99.903000
99.437000
96.603000
95.410000
96.673000
100.017000
92.823000
95.460000
96.837000
94.753000
98.233000
95.123000
98.677000
98.850000
80.963000
96.600000
100.463000
99.847000
96.177000
97.407000
99.483000
96.950000
97.550000
99.117000
99.287000
97.367000
97.490000
99.040000
95.680000
94.657000
96.390000
95.187000
95.533000
97.450000
97.867000
89.223000
96.793000
104.190000
98.153000
96.007000
96.440000
97.287000
99.837000
97.313000
98.920000
95.980000
93.803000
95.597000
97.837000
100.517000
76.600000
94.353000
95.423000
94.457000
98.047000
98.083000
95.953000
97.523000
94.953000
98.407000
97.777000
100.387000
98.120000
96.207000
97.293000
96.363000
98.987000
99.647000
97.117000
95.500000
97.157000
100.473000
96.317000
95.850000
96.523000
96.007000
100.137000
98.867000
99.057000
94.817000
97.697000
100.987000
98.627000
100.870000
96.187000
98.937000
97.317000
99.433000
82.760000
100.577000
97.950000
96.650000
96.787000
95.063000
97.263000
98.420000
93.563000
96.687000
98.540000
99.823000
99.857000
99.870000
96.650000
98.710000
96.933000
99.757000
97.787000
99.287000
101.397000
96.813000
97.940000
87.167000
96.963000
98.897000
101.653000
97.273000
98.357000
98.767000
97.877000
95.707000
95.980000
98.350000
98.350000
98.543000
96.390000
89.030000
98.213000
96.813000
98.193000
100.663000
99.360000
96.997000
98.840000
83.143000
99.690000
98.283000
91.793000
108.417000
85.610000
98.237000
100.770000
95.420000
99.107000
100.663000
96.323000
99.817000
99.673000
96.187000
99.000000
97.527000
98.877000
94.663000
99.167000
98.583000
102.957000
96.253000
95.693000
96.340000
98.037000
99.333000
99.427000
98.930000
95.920000
97.670000
99.003000
98.513000
98.267000
97.980000
97.637000
96.213000
97.823000
99.813000
99.787000
81.327000
96.760000
96.400000
98.580000
98.770000
96.937000
96.647000
98.163000
95.960000
96.753000
84.380000
84.633000
96.523000
98.687000
97.950000
80.797000
96.387000
100.097000
96.767000
97.913000
95.047000
100.457000
98.417000
99.983000
97.260000
98.107000
96.887000
98.940000
82.620000
95.657000
98.187000
96.930000
97.653000
96.263000
96.173000
98.267000
98.350000
101.337000
95.653000
86.207000
99.360000
96.830000
97.713000
95.713000
97.143000
96.930000
97.747000
97.427000
97.250000
99.927000
95.757000
102.540000
95.930000
98.317000
97.083000
99.403000
98.163000
78.957000
100.117000
99.750000
98.593000
97.560000
98.240000
99.460000
99.857000
99.513000
98.957000
95.763000
98.413000
100.083000
93.740000
97.173000
98.113000
96.163000
99.880000
97.860000
98.190000
98.963000
96.757000
97.723000
95.733000
99.160000
99.213000
94.010000
93.267000
96.027000
100.003000
100.063000
95.853000
98.850000
97.643000
99.347000
101.053000
98.913000
99.040000
99.727000
95.240000
96.383000
97.787000
93.883000
95.850000
98.317000
97.593000
95.520000
100.810000
97.617000
99.737000
83.923000
99.787000
99.420000
95.687000
97.050000
96.120000
96.543000
97.257000
75.753000
100.213000
99.270000
103.233000
98.223000
98.713000
96.223000
84.510000
96.943000
96.603000
98.043000
96.120000
79.930000
96.623000
97.133000
93.260000
78.883000
95.657000
95.483000
100.177000
95.473000
95.787000
96.857000
95.710000
98.743000
94.743000
98.073000
98.447000
76.897000
97.960000
98.377000
101.253000
97.683000
99.523000
101.020000
100.277000
100.447000
99.053000
95.013000
96.923000
96.867000
98.717000
95.427000
98.503000
96.060000
96.913000
96.943000
100.090000
97.750000
96.783000
76.593000
99.097000
100.923000
97.387000
98.267000
99.220000
96.030000
97.037000
98.450000
78.090000
98.863000
98.063000
99.320000
99.007000
96.387000
98.367000
97.380000
98.053000
99.267000
100.410000
97.757000
98.720000
100.987000
96.507000
99.847000
99.887000
96.947000
97.100000
98.193000
99.633000
77.553000
93.020000
96.267000
96.333000
98.190000
97.567000
100.830000
95.550000
99.230000
101.360000
96.417000
97.723000
100.140000
98.560000
99.160000
95.683000
101.183000
99.977000
97.913000
101.027000
100.343000
99.080000
100.897000
98.437000
95.293000
100.743000
97.780000
95.200000
100.637000
95.583000
95.937000
99.937000
99.180000
98.807000
98.910000
100.850000
98.073000
98.550000
97.713000
99.060000
100.223000
95.113000
99.853000
100.700000
97.263000
96.480000
96.927000
98.423000
96.277000
97.213000
98.343000
99.783000
100.063000
98.070000
99.400000
97.570000
98.843000
100.610000
100.077000
101.717000
98.607000
101.600000
95.537000
99.183000
98.927000
94.653000
99.310000
99.910000
98.993000
97.153000
97.527000
94.047000
99.780000
101.060000
100.170000
95.383000
98.517000
98.637000
94.737000
100.557000
101.167000
97.423000
95.677000
99.873000
95.880000
76.350000
98.847000
95.280000
97.857000
98.193000
98.587000
96.580000
94.823000
100.807000
100.047000
96.330000
97.003000
98.783000
97.443000
94.667000
99.297000
96.380000
97.057000
100.267000
97.240000
96.757000
98.507000
97.517000
98.340000
96.477000
99.520000
95.837000
95.937000
100.087000
98.323000
96.970000
99.570000
97.207000
82.700000
97.733000
99.250000
98.640000
98.000000
97.767000
96.693000
98.830000
99.813000
95.773000
100.440000
98.603000
97.623000
99.163000
99.130000
97.170000
96.303000
101.180000
97.560000
98.297000
99.940000
98.263000
99.217000
95.263000
93.313000
99.363000
98.917000
97.927000
96.800000
98.410000
98.887000
99.110000
80.010000
99.103000
98.253000
100.273000
70.873000
99.923000
101.237000
80.083000
96.510000
97.640000
98.980000
97.700000
97.727000
100.347000
102.603000
100.933000
97.737000
98.813000
98.863000
100.743000
100.413000
84.247000
101.547000
100.533000
98.040000
98.593000
100.413000
100.860000
97.467000
103.557000
100.927000
100.680000
98.067000
96.070000
98.400000
101.820000
98.693000
95.927000
99.543000
97.737000
98.267000
101.527000
95.657000
98.987000
100.850000
86.673000
99.630000
99.027000
101.477000
98.180000
98.110000
101.853000
99.897000
102.167000
101.923000
97.890000
98.707000
100.020000
100.163000
100.903000
86.703000
99.513000
98.197000
100.367000
98.373000
101.123000
100.687000
100.257000
102.853000
100.340000
96.223000
98.240000
102.750000
96.947000
98.007000
96.883000
98.610000
100.947000
100.417000
99.830000
97.423000
99.387000
104.203000
97.627000
96.700000
98.777000
97.687000
99.710000
97.530000
83.530000
100.313000
100.763000
101.197000
101.450000
100.807000
86.793000
96.933000
97.350000
85.370000
101.380000
102.083000
99.280000
98.773000
89.430000
98.343000
100.967000
80.163000
101.003000
101.157000
96.323000
94.280000
99.203000
99.903000
98.373000
99.377000
101.023000
102.677000
101.287000
100.043000
85.693000
96.357000
97.323000
96.197000
100.423000
99.577000
100.943000
98.517000
99.907000
97.280000
99.930000
99.657000
102.010000
98.963000
100.193000
95.613000
100.790000
100.097000
98.740000
100.083000
99.957000
97.813000
98.597000
98.723000
98.540000
94.217000
100.170000
98.187000
99.073000
97.287000
94.627000
101.967000
97.707000
102.037000
102.357000
100.870000
100.307000
99.797000
105.040000
101.303000
99.583000
99.587000
96.887000
98.557000
99.943000
103.620000
101.363000
100.820000
91.557000
100.663000
100.313000
99.840000
101.433000
100.490000
101.410000
98.393000
97.680000
95.780000
90.973000
98.077000
101.380000
99.963000
101.053000
96.423000
99.170000
100.733000
99.240000
100.160000
102.030000
99.020000
97.800000
97.117000
99.793000
102.140000
98.857000
89.280000
96.020000
99.487000
101.443000
96.617000
98.697000
100.820000
99.557000
102.957000
97.153000
100.843000
101.590000
100.417000
98.250000
90.807000
99.040000
101.250000
83.387000
83.423000
97.933000
102.103000
82.967000
98.167000
98.827000
98.690000
99.577000
102.007000
95.863000
99.767000
97.017000
102.330000
97.417000
87.913000
96.887000
102.287000
101.853000
100.967000
100.427000
98.843000
96.603000
101.283000
98.427000
99.567000
102.430000
99.303000
99.193000
97.460000
100.463000
99.817000
101.067000
98.707000
97.463000
98.853000
99.873000
99.410000
102.790000
98.587000
95.640000
100.093000
100.737000
101.170000
99.863000
98.260000
99.077000
100.857000
96.740000
100.883000
100.133000
99.930000
94.173000
99.647000
102.583000
99.003000
83.663000
100.513000
82.890000
100.760000
98.497000
101.413000
99.013000
92.930000
98.650000
100.417000
102.753000
99.277000
100.097000
99.987000
93.650000
97.997000
100.067000
99.217000
97.297000
101.217000
99.400000
102.167000
99.480000
102.897000
100.473000
98.037000
99.463000
103.987000
101.267000
96.853000
99.797000
101.950000
102.287000
99.110000
98.193000
99.540000
98.223000
101.520000
101.907000
98.297000
99.440000
99.250000
102.867000
97.743000
97.930000
98.273000
97.340000
97.307000
102.563000
99.960000
95.630000
98.773000
101.623000
102.760000
101.810000
98.457000
99.747000
103.077000
101.343000
98.420000
75.270000
101.913000
101.087000
98.957000
100.033000
95.603000
102.067000
94.827000
100.030000
99.500000
99.263000
99.587000
97.490000
100.580000
99.113000
100.110000
90.460000
100.047000
101.267000
98.850000
98.633000
100.697000
100.867000
99.587000
100.223000
99.337000
100.197000
97.660000
99.813000
100.810000
94.747000
98.433000
100.993000
99.063000
96.173000
97.400000
100.313000
96.197000
99.280000
97.820000
96.723000
96.713000
101.453000
96.100000
99.937000
97.567000
99.900000
100.910000
98.370000
97.587000
99.497000
100.840000
78.040000
96.993000
89.997000
101.680000
97.497000
101.867000
97.670000
92.363000
99.227000
101.930000
99.043000
101.133000
98.477000
100.627000
97.863000
98.673000
99.993000
98.463000
100.757000
100.020000
97.813000
100.833000
101.467000
95.940000
97.903000
99.937000
98.900000
96.867000
98.417000
99.117000
98.727000
102.140000
99.690000
98.950000
101.643000
97.733000
94.080000
97.467000
98.413000
100.880000
100.023000
100.143000
100.530000
102.537000
100.817000
86.037000
99.390000
98.340000
98.080000
99.883000
100.307000
99.347000
99.340000
99.673000
99.107000
101.117000
96.523000
99.050000
97.867000
93.837000
99.833000
99.493000
98.927000
100.913000
99.367000
99.613000
99.783000
98.853000
98.910000
99.593000
96.457000
98.193000
101.413000
101.247000
100.580000
99.373000
97.983000
99.857000
99.380000
98.283000
95.570000
94.513000
94.650000
97.243000
99.037000
98.310000
95.840000
98.513000
98.343000
99.093000
96.423000
95.307000
96.597000
100.500000
102.417000
100.090000
95.980000
78.827000
100.053000
99.250000
94.733000
102.950000
99.887000
100.150000
101.767000
99.117000
99.793000
97.483000
100.390000
99.167000
101.487000
99.603000
98.973000
100.970000
98.607000
99.717000
96.480000
99.847000
99.860000
97.293000
99.787000
99.077000
100.553000
96.983000
100.837000
98.363000
97.220000
103.123000
91.063000
101.077000
97.850000
97.153000
99.967000
99.380000
98.443000
99.977000
102.220000
96.700000
99.957000
84.860000
100.243000
96.540000
98.817000
100.857000
101.010000
97.850000
98.510000
98.583000
98.950000
100.413000
97.807000
94.713000
102.493000
101.357000
98.470000
97.247000
95.997000
86.883000
101.857000
97.380000
100.030000
99.113000
98.720000
100.310000
99.567000
101.477000
100.407000
101.407000
97.533000
100.453000
100.017000
98.473000
100.847000
80.073000
98.803000
99.950000
101.190000
100.683000
100.480000
99.243000
97.103000
99.640000
88.803000
99.220000
98.010000
99.117000
99.057000
102.083000
102.950000
97.277000
98.123000
101.103000
100.490000
86.253000
101.770000
98.983000
88.857000
81.623000
99.107000
97.957000
94.907000
98.253000
98.580000
99.667000
96.350000
99.187000
96.747000
95.497000
97.590000
99.773000
99.330000
99.257000
99.493000
98.130000
99.357000
100.003000
99.880000
99.447000
98.740000
97.000000
98.027000
97.930000
99.540000
83.690000
99.833000
98.737000
100.050000
99.937000
99.587000
100.850000
84.320000
95.187000
101.820000
82.230000
98.623000
89.763000
94.683000
88.223000
85.157000
101.640000
95.147000
101.567000
95.933000
93.900000
98.773000
101.147000
98.830000
97.517000
99.947000
100.207000
100.903000
98.857000
84.237000
95.387000
82.567000
101.040000
85.953000
98.967000
82.737000
96.440000
97.773000
99.230000
95.880000
94.563000
99.147000
98.173000
95.923000
99.857000
97.597000
100.887000
99.367000
98.127000
95.980000
100.333000
100.210000
99.227000
102.423000
102.347000
97.230000
99.593000
97.787000
98.123000
102.217000
97.460000
98.533000
99.197000
98.780000
102.437000
99.780000
100.670000
100.940000
90.400000
97.003000
98.420000
98.467000
97.467000
96.697000
78.720000
102.393000
100.250000
101.893000
101.393000
100.920000
100.603000
100.190000
99.903000
98.137000
100.100000
100.363000
99.740000
98.687000
99.150000
101.630000
85.157000
86.857000
97.017000
99.873000
96.083000
97.943000
101.803000
98.140000
96.513000
97.143000
98.163000
100.383000
97.130000
98.907000
89.447000
97.203000
103.287000
100.537000
101.420000
102.653000
82.490000
98.420000
99.037000
99.123000
98.117000
99.740000
101.290000
85.573000
93.727000
97.690000
98.300000
99.690000
100.997000
101.837000
95.887000
99.523000
86.560000
98.657000
97.837000
101.527000
95.907000
90.230000
102.037000
99.433000
96.790000
97.030000
98.320000
102.090000
100.910000
100.447000
98.247000
97.303000
99.567000
98.093000
97.943000
97.173000
81.957000
97.757000
101.753000
101.030000
98.960000
100.217000
99.150000
101.293000
100.477000
97.547000
97.313000
102.030000
97.903000
99.130000
98.247000
97.597000
98.473000
81.573000
100.083000
100.667000
100.453000
97.930000
99.100000
99.600000
102.067000
76.747000
100.747000
97.623000
100.200000
99.450000
94.033000
97.597000
98.403000
100.173000
101.613000
98.263000
93.843000
99.430000
103.603000
101.153000
94.557000
96.700000
99.307000
102.580000
99.533000
100.230000
98.013000
97.967000
98.093000
96.833000
98.263000
99.223000
100.577000
102.313000
99.620000
97.153000
99.713000
98.433000
100.703000
98.667000
98.740000
99.657000
100.043000
99.210000
100.987000
99.590000
99.627000
99.557000
86.920000
100.497000
97.150000
99.310000
98.897000
83.620000
99.453000
101.750000
100.567000
100.550000
101.673000
99.030000
98.550000
100.647000
97.907000
84.923000
100.327000
98.143000
103.950000
98.293000
95.017000
96.690000
102.260000
100.223000
96.360000
95.723000
97.857000
75.447000
98.997000
99.130000
101.837000
101.997000
98.480000
100.013000
102.370000
100.317000
100.153000
97.843000
96.743000
100.760000
98.637000
99.727000
98.800000
101.030000
96.710000
100.673000
98.157000
101.307000
97.147000
99.850000
100.913000
97.960000
99.253000
96.907000
98.593000
97.967000
96.340000
98.453000
101.770000
96.583000
97.297000
100.407000
100.453000
97.300000
97.330000
99.643000
99.980000
101.753000
101.610000
92.003000
87.863000
98.100000
100.030000
100.647000
99.037000
97.607000
99.943000
102.487000
99.453000
99.590000
100.053000
100.147000
97.520000
100.790000
99.907000
99.713000
99.233000
99.240000
87.623000
101.860000
99.917000
100.600000
97.367000
96.150000
99.690000
99.860000
95.527000
98.947000
99.030000
98.717000
101.323000
96.717000
98.557000
99.810000
99.737000
98.400000
96.943000
96.340000
97.290000
96.370000
93.653000
97.437000
100.633000
100.097000
100.223000
98.377000
99.433000
101.383000
100.147000
100.350000
97.203000
102.283000
100.890000
98.577000
99.320000
101.217000
100.360000
102.493000
93.913000
99.177000
100.223000
101.447000
99.203000
99.203000
100.607000
84.777000
89.117000
96.667000
97.633000
98.960000
99.667000
97.600000
99.217000
98.160000
98.370000
100.280000
97.737000
99.140000
96.740000
97.223000
97.547000
99.043000
98.893000
87.093000
98.043000
98.723000
98.860000
102.273000
96.127000
97.277000
99.437000
101.820000
98.967000
98.773000
99.297000
101.027000
98.387000
97.467000
97.810000
98.007000
101.233000
101.310000
100.513000
99.957000
98.840000
100.023000
102.910000
96.177000
99.330000
102.047000
98.320000
94.767000
80.857000
99.597000
101.233000
99.783000
101.727000
95.767000
97.407000
96.067000
97.427000
98.517000
97.363000
101.120000
99.183000
99.217000
94.517000
95.663000
100.083000
99.280000
98.670000
99.037000
99.077000
100.370000
101.310000
99.723000
96.477000
100.430000
100.637000
98.753000
100.727000
97.687000
96.567000
100.117000
100.317000
98.890000
102.920000
98.627000
100.583000
100.210000
102.297000
100.657000
97.593000
99.697000
101.277000
102.200000
98.187000
98.430000
100.463000
103.073000
80.567000
101.690000
97.410000
99.140000
99.137000
99.687000
85.687000
100.827000
98.890000
98.200000
101.257000
98.627000
99.620000
102.413000
97.783000
76.823000
97.787000
102.587000
101.407000
99.340000
100.333000
94.223000
97.797000
102.677000
97.897000
100.693000
99.877000
98.663000
97.007000
86.753000
101.420000
101.440000
96.587000
100.083000
100.283000
99.327000
99.070000
99.540000
100.957000
99.320000
99.517000
95.570000
103.070000
101.023000
100.333000
99.693000
81.453000
99.110000
100.170000
97.607000
100.983000
99.127000
100.007000
100.890000
97.733000
86.220000
96.703000
100.093000
99.500000
100.820000
100.207000
96.853000
98.987000
100.493000
97.243000
81.323000
98.887000
98.250000
100.070000
99.663000
98.820000
100.103000
100.013000
98.460000
103.253000
92.320000
100.340000
96.890000
96.907000
97.153000
101.187000
100.937000
102.183000
103.607000
100.247000
101.713000
98.383000
100.587000
99.537000
100.237000
99.240000
101.273000
98.233000
85.703000
100.793000
79.393000
100.840000
99.690000
89.333000
88.330000
99.213000
101.380000
100.197000
100.743000
100.423000
81.847000
99.483000
102.787000
100.270000
100.123000
100.587000
103.210000
97.197000
100.893000
100.437000
100.817000
98.700000
98.803000
102.223000
83.983000
97.153000
100.910000
93.807000
95.897000
95.730000
96.737000
101.370000
101.797000
99.693000
86.940000
96.673000
98.443000
100.407000
104.510000
103.323000
99.903000
98.423000
99.997000
97.050000
102.610000
96.783000
95.640000
100.293000
97.127000
96.297000
86.117000
98.460000
97.583000
102.200000
101.247000
94.157000
99.417000
98.893000
98.610000
81.570000
99.843000
101.530000
98.190000
98.193000
101.383000
99.670000
100.220000
98.143000
100.370000
100.567000
95.937000
99.287000
99.420000
99.130000
98.290000
99.020000
98.543000
101.383000
101.700000
97.360000
99.217000
98.297000
99.050000
99.323000
102.410000
102.857000
95.970000
99.730000
84.120000
96.917000
83.593000
97.210000
96.333000
100.253000
102.117000
96.393000
86.310000
101.813000
100.880000
98.127000
100.527000
100.320000
98.500000
97.643000
95.477000
97.457000
97.780000
89.150000
96.470000
98.543000
99.590000
100.283000
97.480000
97.297000
101.323000
99.433000
81.867000
100.070000
98.540000
99.750000
96.830000
98.680000
99.793000
100.070000
99.660000
95.330000
81.887000
99.260000
99.590000
96.700000
99.230000
96.643000
99.683000
99.480000
97.623000
96.930000
98.293000
84.177000
85.770000
101.220000
99.643000
94.497000
96.080000
98.973000
102.563000
97.193000
99.170000
100.670000
100.137000
88.210000
100.287000
97.963000
97.123000
100.783000
98.753000
98.377000
101.500000
98.830000
97.117000
98.947000
98.467000
99.060000
100.427000
99.077000
101.507000
96.403000
99.370000
99.497000
99.683000
96.177000
99.940000
83.197000
103.000000
99.993000
78.577000
96.230000
98.903000
99.520000
98.807000
100.720000
100.517000
97.173000
97.147000
95.817000
96.963000
98.187000
100.497000
101.100000
95.760000
102.027000
97.467000
102.410000
97.403000
100.730000
89.220000
97.717000
96.373000
100.287000
99.910000
92.710000
100.847000
81.813000
99.747000
99.187000
100.170000
99.823000
94.867000
100.097000
99.123000
99.323000
95.607000
95.903000
99.957000
100.287000
100.740000
94.650000
99.140000
100.963000
96.050000
89.840000
96.740000
100.617000
99.973000
96.953000
99.070000
98.960000
99.533000
95.583000
98.310000
83.450000
99.067000
99.860000
99.433000
98.193000
98.777000
97.800000
98.010000
99.660000
98.913000
101.213000
97.767000
85.973000
101.093000
98.320000
101.413000
94.513000
100.337000
93.107000
98.020000
99.153000
100.107000
98.893000
97.330000
86.070000
98.240000
102.983000
95.847000
98.653000
98.760000
99.583000
100.467000
97.720000
97.373000
97.263000
99.833000
95.980000
80.243000
100.380000
98.453000
100.913000
84.593000
100.760000
99.237000
97.230000
96.627000
99.183000
97.923000
96.053000
99.717000
101.133000
94.570000
97.847000
97.597000
100.513000
98.930000
100.187000
90.420000
98.473000
99.123000
98.653000
93.243000
100.183000
95.900000
98.780000
98.577000
98.647000
99.960000
98.940000
98.810000
100.227000
98.373000
100.873000
99.880000
87.710000
97.937000
77.857000
98.253000
100.477000
96.063000
95.460000
98.713000
101.423000
95.517000
101.813000
99.697000
98.697000
101.980000
100.390000
99.350000
96.640000
98.917000
97.533000
77.153000
99.347000
97.393000
98.193000
98.043000
98.690000
98.333000
98.157000
98.833000
98.373000
98.923000
99.923000
96.963000
88.460000
99.293000
80.673000
102.420000
98.423000
99.130000
97.983000
98.710000
100.073000
100.290000
96.523000
97.463000
100.600000
100.443000
96.673000
83.907000
97.703000
95.663000
101.060000
75.283000
100.920000
99.980000
97.363000
99.320000
99.360000
99.043000
96.707000
101.597000
98.480000
100.517000
95.487000
82.950000
98.013000
98.833000
98.060000
99.523000
101.973000
102.923000
96.233000
95.420000
101.620000
98.290000
98.963000
97.453000
98.700000
97.903000
99.957000
97.170000
95.787000
97.493000
99.227000
98.347000
99.737000
98.917000
100.337000
97.520000
99.830000
101.783000
97.940000
97.303000
79.857000
97.547000
100.417000
98.513000
95.210000
100.330000
87.177000
99.173000
100.613000
97.777000
97.503000
98.247000
99.173000
90.927000
101.233000
97.680000
100.480000
101.750000
100.817000
100.840000
97.480000
98.597000
98.837000
99.187000
98.380000
98.613000
98.310000
99.213000
101.820000
100.830000
95.547000
98.227000
99.277000
100.530000
97.750000
103.113000
101.593000
99.260000
100.943000
104.240000
99.903000
98.577000
98.173000
99.760000
97.330000
100.187000
99.513000
98.583000
98.387000
99.277000
99.353000
97.400000
101.383000
98.243000
95.583000
98.370000
97.527000
99.907000
101.400000
91.383000
95.893000
99.433000
99.167000
102.163000
97.283000
97.260000
87.957000
98.430000
100.637000
101.597000
98.393000
100.147000
101.680000
99.340000
97.503000
101.610000
97.013000
98.853000
100.883000
98.947000
96.500000
98.607000
100.010000
100.407000
97.150000
97.517000
98.080000
98.873000
95.503000
100.033000
99.377000
99.720000
98.827000
96.027000
98.920000
86.033000
98.733000
97.103000
99.967000
96.877000
101.957000
99.323000
96.970000
100.413000
101.850000
80.593000
95.840000
98.227000
98.150000
99.130000
96.677000
98.033000
97.783000
98.290000
101.293000
99.113000
100.133000
99.887000
85.273000
99.987000
96.407000
98.267000
103.633000
101.237000
98.673000
97.663000
95.423000
99.810000
100.357000
97.173000
85.410000
103.387000
100.097000
99.783000
102.060000
97.987000
97.540000
102.260000
100.897000
84.320000
99.180000
98.270000
99.373000
99.383000
97.587000
97.930000
98.770000
91.800000
98.540000
99.537000
99.123000
102.103000
95.930000
100.910000
99.027000
101.840000
98.750000
99.157000
97.207000
100.110000
77.910000
97.830000
97.673000
96.950000
96.463000
97.120000
83.660000
99.903000
99.050000
100.833000
99.890000
95.927000
100.810000
91.323000
96.787000
86.853000
99.900000
99.230000
100.300000
98.263000
102.307000
98.690000
96.597000
99.783000
97.237000
99.700000
99.040000
103.890000
100.747000
98.040000
97.150000
101.860000
99.680000
99.683000
101.277000
99.533000
98.577000
100.103000
101.287000
99.703000
102.367000
84.877000
97.107000
98.633000
94.877000
101.180000
101.983000
100.133000
100.560000
98.727000
101.930000
99.547000
96.523000
99.433000
101.953000
101.653000
96.207000
99.583000
99.977000
99.550000
99.560000
98.957000
98.680000
98.627000
93.743000
95.400000
97.623000
97.413000
98.247000
99.973000
88.293000
97.527000
98.627000
101.967000
98.850000
95.043000
101.360000
100.473000
99.717000
97.527000
97.840000
100.670000
99.583000
99.970000
94.173000
97.913000
98.777000
98.887000
91.100000
97.537000
99.253000
103.060000
99.990000
97.993000
98.963000
96.967000
96.153000
97.237000
97.640000
101.110000
98.457000
97.863000
97.177000
99.227000
90.693000
95.793000
100.940000
99.070000
100.357000
98.520000
100.053000
101.030000
100.377000
97.690000
84.493000
101.527000
97.843000
101.780000
99.437000
97.440000
99.037000
98.220000
100.510000
98.213000
98.793000
98.283000
104.483000
101.253000
98.327000
96.890000
83.547000
100.173000
99.003000
99.557000
98.173000
96.513000
102.890000
98.810000
99.043000
98.690000
82.483000
95.360000
99.590000
96.097000
99.347000
99.283000
99.793000
97.730000
98.143000
97.267000
99.653000
99.223000
99.433000
84.927000
101.790000
96.983000
82.233000
102.137000
100.483000
102.103000
103.530000
96.593000
101.593000
96.680000
80.313000
97.413000
100.247000
101.817000
95.693000
98.263000
97.610000
100.480000
99.467000
97.263000
95.777000
81.823000
97.727000
101.367000
101.610000
96.813000
98.017000
96.747000
98.363000
97.750000
100.350000
99.573000
98.090000
100.060000
99.877000
94.540000
97.107000
97.990000
101.183000
100.817000
97.743000
99.073000
99.763000
101.193000
94.567000
100.333000
95.823000
98.127000
100.657000
99.907000
99.370000
99.007000
81.270000
97.157000
99.667000
97.190000
99.473000
98.163000
98.897000
101.127000
97.757000
96.857000
98.957000
98.503000
95.163000
89.610000
83.080000
100.713000
97.817000
101.787000
99.247000
82.513000
100.777000
97.723000
86.810000
101.723000
100.637000
102.123000
95.617000
98.860000
101.327000
84.150000
97.820000
98.747000
97.813000
95.250000
94.120000
100.993000
98.130000
97.833000
97.850000
97.743000
98.620000
97.227000
97.893000
99.473000
95.707000
84.057000
99.807000
100.170000
99.407000
98.007000
99.050000
97.370000
99.123000
100.647000
97.893000
100.200000
99.153000
98.243000
98.407000
100.173000
99.093000
99.993000
99.927000
95.137000
102.053000
103.230000
98.203000
101.287000
97.850000
95.347000
99.070000
97.827000
101.477000
98.997000
100.177000
98.080000
90.893000
97.510000
100.750000
100.687000
96.453000
94.443000
98.980000
101.447000
99.420000
99.267000
96.223000
99.243000
99.747000
78.607000
95.733000
98.200000
100.213000
101.360000
97.963000
100.183000
99.393000
97.120000
100.983000
98.907000
101.550000
100.130000
102.977000
101.527000
99.387000
101.390000
99.613000
98.413000
81.893000
98.447000
98.880000
76.677000
99.010000
100.340000
100.393000
97.970000
96.073000
97.253000
98.233000
98.130000
99.150000
100.360000
101.283000
98.900000
100.453000
86.430000
99.470000
100.257000
100.777000
96.323000
90.150000
97.153000
100.377000
98.187000
94.313000
98.573000
98.860000
98.873000
98.503000
99.407000
78.523000
95.093000
97.630000
97.910000
98.277000
99.783000
99.540000
97.057000
99.033000
100.500000
96.043000
98.887000
98.587000
97.110000
96.017000
101.290000
96.727000
101.040000
97.557000
78.203000
99.330000
99.930000
98.187000
97.787000
96.517000
98.303000
99.993000
96.720000
100.200000
98.823000
95.003000
97.330000
96.347000
96.167000
90.467000
100.433000
98.393000
97.847000
96.370000
100.210000
99.750000
97.403000
99.743000
97.043000
84.080000
96.027000
100.020000
98.977000
96.990000
101.067000
98.257000
94.650000
100.077000
98.270000
98.080000
97.897000
76.623000
94.273000
95.480000
96.757000
100.433000
97.873000
96.757000
98.100000
97.643000
98.763000
96.300000
97.947000
97.607000
97.930000
100.567000
99.043000
96.940000
91.203000
94.937000
95.767000
100.020000
97.510000
98.430000
101.080000
96.653000
99.103000
98.593000
99.613000
98.453000
98.887000
100.187000
97.060000
97.043000
96.263000
97.193000
97.040000
95.007000
93.737000
97.980000
96.327000
101.123000
97.920000
97.463000
94.967000
95.573000
96.987000
95.350000
101.183000
97.603000
95.060000
96.510000
97.070000
98.123000
99.330000
95.557000
97.813000
94.540000
87.350000
98.520000
102.567000
96.637000
100.023000
98.290000
100.103000
95.737000
96.223000
97.890000
98.570000
86.047000
97.313000
99.020000
96.950000
95.567000
97.233000
96.467000
98.630000
100.240000
96.763000
98.940000
97.077000
94.000000
97.113000
99.860000
99.083000
98.347000
96.223000
95.827000
100.527000
98.500000
96.503000
99.800000
100.197000
98.603000
79.447000
98.033000
95.183000
96.157000
96.793000
95.453000
95.930000
98.563000
95.707000
94.480000
98.660000
97.593000
97.703000
100.513000
99.723000
95.593000
95.680000
98.000000
98.067000
96.153000
95.623000
97.817000
84.353000
94.980000
98.567000
97.743000
81.067000
97.993000
96.297000
75.457000
94.227000
98.527000
97.227000
98.827000
83.460000
97.120000
98.143000
96.583000
93.770000
100.450000
99.290000
81.193000
97.807000
95.167000
96.707000
97.687000
99.693000
94.937000
97.370000
99.313000
101.630000
93.883000
96.613000
95.213000
97.550000
98.917000
99.420000
98.367000
96.057000
97.663000
98.280000
95.260000
98.567000
98.810000
97.167000
98.850000
93.503000
94.910000
98.853000
95.017000
95.230000
92.950000
95.660000
96.663000
96.607000
96.047000
95.003000
98.433000
94.857000
100.603000
98.553000
97.877000
95.263000
95.000000
97.490000
98.943000
95.340000
97.937000
99.443000
98.077000
95.920000
98.450000
98.940000
94.657000
87.340000
97.437000
98.123000
96.853000
99.597000
95.663000
96.430000
100.467000
99.597000
97.057000
88.690000
98.303000
96.733000
96.317000
100.030000
96.483000
98.087000
97.787000
95.887000
97.540000
79.273000
95.590000
98.200000
97.807000
98.067000
93.997000
96.820000
98.547000
96.153000
98.487000
97.407000
101.143000
96.617000
99.590000
98.467000
94.673000
97.233000
96.663000
96.620000
95.207000
98.490000
97.647000
87.200000
95.953000
96.237000
96.683000
96.690000
95.957000
94.830000
97.120000
97.520000
83.830000
93.287000
95.313000
97.180000
98.460000
96.670000
99.040000
95.077000
96.410000
99.610000
98.177000
95.923000
99.740000
97.767000
97.060000
100.117000
95.527000
97.497000
95.160000
96.060000
79.420000
92.663000
97.657000
100.123000
96.693000
90.367000
97.473000
98.543000
99.627000
96.050000
96.683000
97.310000
97.997000
94.913000
97.760000
99.473000
95.160000
97.180000
99.147000
98.693000
97.387000
95.740000
96.937000
97.193000
99.243000
96.697000
96.763000
97.173000
98.043000
83.490000
96.330000
85.207000
100.850000
99.247000
97.587000
99.260000
99.113000
96.547000
80.243000
96.947000
96.470000
95.033000
98.123000
99.083000
96.910000
99.207000
98.230000
98.153000
94.870000
97.027000
99.357000
98.813000
94.823000
96.130000
95.860000
98.263000
95.843000
101.707000
93.770000
87.097000
95.810000
99.460000
98.447000
96.477000
97.130000
96.730000
83.553000
95.037000
98.160000
98.800000
97.427000
93.763000
98.650000
99.580000
97.283000
94.573000
96.353000
98.253000
98.393000
96.907000
81.273000
95.620000
95.827000
100.343000
95.827000
95.090000
97.940000
97.087000
