64.053000
57.093000
64.103000
59.153000
62.783000
66.723000
63.247000
63.520000
61.957000
62.757000
57.447000
65.350000
65.283000
55.547000
53.373000
66.820000
56.330000
63.867000
53.623000
62.600000
62.653000
66.230000
58.670000
62.390000
59.067000
60.613000
65.200000
60.433000
63.367000
55.217000
59.287000
63.007000
65.180000
59.973000
57.237000
63.587000
65.780000
60.070000
54.543000
61.923000
62.013000
65.180000
66.440000
67.100000
61.843000
66.200000
63.340000
62.393000
56.373000
60.427000
61.037000
61.617000
58.060000
60.030000
62.103000
67.287000
67.423000
65.147000
57.047000
66.480000
59.320000
60.357000
56.753000
63.970000
57.720000
63.863000
52.647000
63.377000
63.383000
50.893000
57.387000
63.710000
61.597000
60.227000
58.547000
68.090000
65.987000
61.973000
57.423000
58.387000
53.777000
58.833000
59.863000
66.937000
57.737000
58.463000
56.740000
65.100000
66.173000
62.653000
66.517000
63.993000
63.430000
53.217000
60.453000
62.930000
58.877000
65.257000
56.893000
60.917000
61.107000
65.403000
54.250000
64.397000
58.210000
66.203000
57.743000
67.370000
67.853000
63.833000
61.097000
57.617000
65.647000
51.090000
60.647000
57.357000
65.070000
65.380000
65.403000
61.463000
66.490000
54.573000
64.280000
61.167000
65.653000
56.627000
58.113000
62.633000
64.737000
65.570000
61.883000
59.300000
57.347000
60.730000
58.800000
63.543000
65.557000
61.497000
68.640000
65.520000
61.507000
66.127000
64.930000
53.940000
65.027000
71.053000
62.317000
61.660000
57.953000
64.733000
53.470000
64.977000
62.027000
64.860000
61.910000
56.263000
57.940000
63.317000
63.667000
61.400000
55.660000
56.710000
60.207000
61.540000
62.550000
57.683000
56.427000
57.653000
65.117000
64.943000
59.863000
56.640000
60.047000
65.930000
64.190000
58.150000
53.437000
54.953000
60.490000
68.640000
64.690000
54.070000
57.793000
57.047000
64.450000
63.150000
57.653000
65.040000
57.797000
66.620000
61.440000
66.320000
54.557000
67.580000
64.493000
60.400000
54.093000
53.867000
54.577000
52.980000
65.740000
67.167000
63.847000
55.047000
65.953000
62.720000
59.720000
60.373000
64.057000
55.010000
60.030000
61.290000
65.243000
60.703000
60.540000
55.087000
56.947000
54.590000
62.780000
61.703000
64.373000
64.320000
66.893000
62.680000
65.110000
64.560000
52.757000
63.857000
64.367000
64.160000
63.700000
59.043000
63.943000
58.997000
55.940000
60.763000
55.817000
64.103000
58.473000
57.150000
55.903000
62.937000
60.030000
57.433000
63.723000
59.760000
56.997000
64.100000
65.957000
55.023000
67.347000
64.083000
57.260000
57.103000
53.247000
63.263000
66.887000
55.910000
60.587000
64.137000
57.337000
64.860000
62.673000
58.587000
64.477000
61.490000
58.280000
63.880000
62.677000
65.337000
67.397000
63.070000
58.117000
61.270000
64.337000
57.223000
63.553000
56.990000
66.950000
64.010000
61.097000
65.000000
65.890000
56.527000
59.487000
58.333000
66.943000
66.310000
61.000000
63.357000
54.003000
62.750000
55.530000
66.997000
64.983000
58.840000
63.593000
60.067000
67.730000
60.057000
58.820000
56.327000
67.537000
65.940000
63.027000
64.920000
58.320000
62.550000
66.090000
63.527000
55.357000
58.133000
62.750000
64.197000
60.190000
53.353000
59.913000
53.857000
62.870000
59.213000
67.403000
63.627000
56.300000
60.200000
61.237000
54.917000
64.517000
62.147000
63.770000
60.653000
61.047000
64.300000
67.480000
64.633000
66.267000
62.140000
58.440000
56.283000
59.693000
67.803000
64.100000
67.380000
63.597000
65.540000
64.383000
60.950000
63.847000
59.807000
55.800000
65.517000
61.663000
64.103000
60.247000
61.253000
57.533000
62.513000
63.137000
59.367000
56.990000
60.340000
56.483000
59.687000
61.630000
64.887000
55.873000
57.720000
67.353000
64.260000
65.340000
62.350000
65.710000
62.247000
61.157000
64.563000
65.240000
57.477000
61.197000
64.963000
57.540000
65.103000
54.717000
54.193000
61.890000
66.017000
61.567000
58.267000
67.637000
66.000000
58.910000
55.823000
56.100000
65.110000
55.380000
65.117000
54.400000
62.050000
59.380000
62.183000
65.453000
54.623000
58.950000
67.740000
57.320000
67.360000
59.277000
61.987000
65.143000
59.320000
65.040000
61.297000
64.117000
65.337000
52.710000
63.713000
66.587000
56.383000
63.947000
62.313000
57.497000
57.950000
63.990000
61.640000
60.640000
65.643000
53.140000
64.590000
57.377000
65.647000
63.223000
61.627000
62.117000
62.983000
61.603000
60.333000
69.273000
64.873000
64.427000
41.133000
64.587000
56.910000
67.860000
53.947000
66.067000
63.217000
59.777000
63.153000
57.930000
64.550000
55.853000
67.613000
63.977000
61.390000
53.607000
56.390000
63.840000
68.260000
64.067000
63.650000
66.460000
62.947000
55.127000
64.627000
60.833000
65.907000
59.700000
62.687000
68.063000
66.330000
61.773000
58.043000
61.887000
62.397000
69.740000
65.087000
68.323000
63.027000
66.170000
68.290000
60.600000
66.677000
62.023000
63.883000
58.380000
55.307000
64.057000
60.880000
65.077000
65.567000
54.687000
67.493000
64.523000
63.830000
65.257000
63.370000
63.003000
63.987000
58.910000
64.760000
52.363000
67.403000
58.140000
66.253000
59.827000
59.267000
62.797000
61.680000
64.217000
54.147000
58.057000
58.653000
62.707000
65.273000
60.773000
65.820000
60.740000
61.543000
64.070000
63.107000
65.637000
67.283000
67.387000
57.857000
63.767000
58.543000
55.690000
66.547000
69.333000
66.943000
55.400000
59.717000
66.790000
68.070000
65.973000
60.520000
58.627000
62.000000
58.627000
62.820000
63.670000
63.833000
61.413000
61.710000
64.447000
58.527000
57.250000
65.323000
65.003000
65.490000
60.303000
63.780000
63.250000
63.587000
63.487000
59.460000
62.973000
65.177000
61.737000
64.643000
62.250000
63.157000
59.440000
62.850000
62.850000
60.347000
59.287000
62.767000
66.687000
59.530000
53.257000
53.377000
55.510000
62.380000
58.947000
61.453000
62.320000
65.653000
54.583000
57.350000
64.550000
52.317000
61.893000
61.933000
59.967000
58.597000
67.307000
67.530000
64.860000
60.190000
60.500000
55.737000
60.893000
55.100000
61.443000
62.707000
54.463000
56.367000
62.270000
62.690000
64.563000
55.133000
57.683000
57.713000
64.667000
58.837000
61.383000
65.280000
54.607000
58.000000
55.373000
66.297000
54.817000
51.567000
62.980000
64.377000
58.003000
57.040000
55.773000
62.990000
66.167000
61.390000
56.370000
63.687000
53.943000
64.317000
55.787000
62.370000
56.650000
59.963000
63.640000
62.590000
64.093000
63.800000
64.363000
64.503000
63.090000
62.873000
59.443000
56.117000
63.363000
56.437000
61.027000
59.297000
63.263000
64.467000
55.017000
52.743000
64.140000
62.200000
57.393000
67.243000
65.557000
68.683000
64.423000
58.150000
67.553000
62.137000
64.873000
58.773000
64.107000
63.630000
63.477000
68.780000
58.693000
61.343000
61.403000
59.837000
60.273000
58.640000
57.307000
67.617000
62.233000
65.633000
58.780000
54.860000
61.637000
55.760000
63.367000
65.033000
64.673000
63.480000
57.947000
57.263000
56.757000
64.570000
62.243000
56.553000
64.477000
63.703000
57.087000
58.243000
63.357000
65.033000
62.740000
64.300000
67.787000
66.710000
63.450000
63.497000
56.877000
61.363000
55.857000
64.730000
67.137000
56.887000
59.210000
61.527000
66.827000
59.457000
62.893000
64.443000
54.123000
54.423000
56.867000
60.783000
57.027000
66.097000
58.053000
59.710000
56.990000
65.787000
55.493000
63.590000
65.777000
66.143000
68.280000
62.963000
67.207000
54.697000
65.477000
57.797000
63.697000
55.907000
54.967000
60.320000
62.920000
57.303000
64.870000
54.823000
61.583000
61.140000
67.643000
63.527000
59.517000
66.873000
68.037000
63.907000
66.580000
63.933000
61.723000
62.477000
58.203000
58.943000
61.043000
55.750000
55.053000
65.690000
57.957000
67.513000
62.643000
64.733000
67.973000
58.193000
65.620000
65.457000
68.457000
62.697000
67.753000
55.090000
60.137000
59.367000
56.810000
65.260000
58.440000
65.003000
61.780000
61.173000
57.040000
56.977000
64.813000
68.547000
66.223000
62.443000
66.530000
56.857000
60.247000
55.207000
66.530000
63.313000
59.903000
64.287000
54.217000
63.000000
61.083000
62.687000
58.963000
61.467000
58.510000
57.507000
64.400000
67.987000
66.853000
58.013000
64.047000
56.870000
57.130000
66.400000
58.673000
66.727000
62.343000
55.090000
58.943000
65.957000
60.307000
64.397000
68.080000
55.170000
68.047000
66.043000
60.057000
58.567000
61.017000
62.493000
58.310000
55.980000
54.627000
57.037000
60.057000
62.200000
60.057000
68.090000
56.227000
64.420000
64.310000
62.697000
64.717000
65.630000
56.483000
64.983000
65.840000
56.567000
65.503000
60.897000
59.137000
61.977000
57.090000
64.427000
58.630000
60.070000
63.297000
64.460000
65.593000
56.017000
66.753000
64.190000
67.077000
56.280000
65.597000
65.130000
59.137000
58.087000
60.947000
65.767000
66.777000
56.847000
59.347000
63.683000
56.093000
55.050000
62.707000
62.077000
66.570000
60.387000
66.290000
58.470000
67.070000
65.763000
68.277000
55.527000
55.343000
57.907000
66.083000
65.247000
60.857000
55.720000
59.810000
66.547000
63.663000
60.413000
54.993000
66.420000
62.433000
60.177000
69.617000
65.290000
65.143000
57.753000
64.043000
62.763000
60.680000
65.657000
56.150000
57.610000
64.693000
64.827000
66.077000
55.517000
68.360000
63.510000
59.157000
67.463000
59.150000
60.643000
62.553000
66.467000
55.580000
57.530000
58.557000
63.900000
62.627000
64.070000
63.623000
66.893000
62.540000
65.933000
54.363000
66.967000
55.343000
54.717000
55.303000
59.423000
54.850000
66.357000
67.960000
66.340000
65.130000
51.733000
59.267000
64.027000
64.657000
54.800000
63.930000
58.103000
67.110000
66.600000
60.017000
65.563000
64.490000
61.303000
54.633000
65.330000
56.083000
64.007000
62.133000
60.880000
58.567000
66.443000
56.740000
67.307000
67.983000
62.273000
64.013000
62.510000
66.100000
55.937000
56.350000
56.053000
57.667000
67.803000
58.057000
56.417000
60.163000
68.167000
60.653000
68.283000
65.067000
64.580000
64.040000
69.013000
64.853000
61.823000
59.147000
59.967000
65.647000
54.593000
55.347000
54.367000
64.973000
68.077000
64.200000
58.960000
66.990000
63.373000
62.880000
66.400000
55.997000
59.727000
59.767000
63.670000
58.873000
58.640000
58.530000
67.350000
62.663000
64.403000
57.360000
65.567000
64.437000
63.177000
58.497000
66.143000
63.930000
57.560000
57.100000
64.703000
61.433000
54.957000
66.170000
67.330000
63.140000
62.330000
57.260000
57.270000
58.767000
63.497000
65.500000
63.113000
64.497000
55.910000
67.633000
67.257000
56.353000
65.190000
63.233000
54.940000
51.903000
67.893000
55.423000
60.257000
61.987000
60.703000
65.507000
63.407000
67.880000
64.087000
65.967000
57.383000
67.380000
65.753000
59.993000
62.987000
67.623000
61.013000
65.983000
64.337000
64.950000
60.923000
64.873000
63.837000
60.307000
57.050000
62.450000
55.897000
67.530000
65.420000
63.687000
64.660000
58.200000
56.500000
68.223000
54.917000
66.007000
58.700000
62.277000
57.557000
61.570000
65.337000
61.653000
65.420000
57.783000
53.373000
58.017000
65.363000
60.873000
53.337000
62.187000
63.460000
61.960000
57.717000
65.500000
65.813000
66.817000
60.520000
62.620000
61.807000
65.887000
58.883000
65.873000
65.380000
58.840000
60.063000
65.377000
64.057000
57.110000
66.367000
62.850000
55.950000
58.893000
64.753000
64.033000
60.230000
55.847000
58.240000
57.873000
60.997000
56.910000
55.640000
56.103000
64.483000
54.993000
64.520000
63.637000
64.570000
64.637000
61.630000
63.713000
65.380000
59.290000
54.170000
62.630000
55.327000
53.990000
63.727000
69.387000
53.983000
64.330000
58.043000
63.743000
58.647000
64.870000
66.167000
62.450000
57.897000
54.870000
60.633000
55.507000
57.297000
65.397000
60.253000
68.027000
60.920000
57.307000
60.317000
65.603000
61.323000
61.710000
63.610000
62.033000
62.007000
63.610000
63.143000
66.287000
63.223000
67.867000
66.190000
56.510000
67.257000
52.960000
64.237000
62.027000
65.650000
66.860000
57.640000
65.513000
61.160000
55.827000
54.930000
65.800000
64.333000
67.250000
61.610000
56.723000
59.570000
66.220000
59.980000
55.170000
54.087000
60.000000
57.127000
58.283000
61.217000
68.167000
61.240000
67.313000
62.930000
66.100000
58.400000
59.387000
54.557000
60.547000
63.187000
63.407000
51.637000
61.080000
61.947000
66.730000
51.290000
59.503000
56.887000
57.537000
64.180000
62.817000
64.647000
61.257000
69.120000
64.257000
62.183000
66.387000
62.360000
65.013000
63.780000
62.050000
61.277000
64.320000
68.357000
65.980000
60.357000
52.630000
55.620000
66.260000
57.420000
67.790000
63.127000
67.573000
69.607000
67.453000
57.897000
64.180000
70.757000
65.840000
66.370000
59.640000
63.100000
62.377000
58.200000
61.700000
61.430000
62.360000
55.270000
55.200000
58.377000
67.033000
67.967000
65.787000
66.030000
62.963000
62.513000
62.313000
54.623000
67.043000
65.897000
60.030000
65.610000
63.990000
56.453000
67.053000
58.027000
57.970000
62.380000
66.037000
57.330000
59.527000
57.973000
66.040000
65.947000
55.843000
67.740000
57.190000
67.157000
62.920000
52.170000
61.450000
61.817000
64.047000
54.243000
66.317000
58.990000
64.383000
64.640000
66.273000
62.363000
63.550000
65.710000
64.093000
65.803000
62.797000
65.833000
59.377000
54.883000
65.283000
59.213000
55.697000
64.793000
54.590000
55.537000
67.123000
58.537000
65.420000
56.240000
60.040000
56.093000
55.370000
60.110000
64.337000
67.083000
60.217000
62.413000
59.313000
63.217000
58.273000
56.683000
64.887000
62.940000
58.620000
60.583000
66.580000
57.283000
54.983000
58.710000
64.800000
64.727000
68.197000
64.413000
66.153000
62.527000
60.850000
67.443000
63.407000
58.030000
58.070000
65.947000
61.587000
64.593000
63.680000
67.140000
64.033000
66.807000
66.440000
62.703000
65.437000
65.117000
63.237000
65.667000
58.520000
64.070000
66.233000
63.923000
56.407000
56.477000
60.803000
68.890000
64.787000
68.993000
63.633000
60.497000
63.517000
65.387000
57.010000
60.327000
66.213000
62.120000
55.207000
62.080000
61.433000
63.113000
68.177000
63.903000
54.520000
61.410000
60.843000
54.827000
55.927000
56.153000
52.937000
51.263000
65.830000
55.737000
64.697000
60.833000
66.627000
63.870000
64.980000
55.343000
66.380000
53.107000
60.657000
53.690000
65.470000
55.770000
64.510000
61.157000
57.923000
52.937000
67.613000
53.307000
53.303000
64.017000
60.610000
65.467000
66.110000
60.077000
61.273000
64.360000
52.357000
64.133000
67.000000
60.730000
67.377000
63.007000
63.753000
62.813000
63.797000
65.700000
62.700000
62.007000
57.393000
60.653000
60.937000
61.047000
66.773000
63.037000
56.130000
69.893000
61.927000
64.483000
59.963000
64.810000
63.067000
60.843000
57.570000
58.540000
61.450000
66.903000
61.993000
67.193000
55.967000
58.840000
59.480000
62.150000
58.233000
62.470000
62.943000
64.517000
62.907000
65.227000
56.943000
64.863000
63.013000
59.270000
57.700000
65.123000
63.860000
66.280000
66.130000
64.430000
55.883000
66.643000
65.870000
59.430000
60.480000
66.513000
58.130000
67.237000
66.153000
66.330000
65.690000
67.897000
66.347000
59.890000
58.923000
61.140000
67.247000
56.810000
68.723000
66.577000
61.020000
62.673000
60.697000
62.170000
62.867000
62.930000
64.583000
65.870000
52.843000
59.050000
62.450000
56.507000
60.993000
63.850000
58.080000
64.020000
61.580000
62.973000
66.913000
61.873000
61.793000
64.317000
54.750000
64.687000
66.183000
60.313000
59.177000
62.370000
66.123000
62.377000
57.623000
63.980000
56.533000
58.377000
67.747000
66.443000
56.053000
64.403000
60.637000
66.427000
57.613000
59.687000
59.847000
64.340000
56.703000
66.007000
55.790000
67.683000
56.127000
67.460000
65.303000
56.350000
56.587000
60.567000
58.650000
53.553000
64.143000
66.290000
65.800000
64.073000
69.453000
64.070000
59.833000
67.863000
65.450000
48.290000
64.860000
52.920000
64.523000
53.243000
63.063000
58.390000
54.923000
68.050000
66.263000
56.370000
58.553000
59.857000
65.597000
55.303000
64.830000
63.753000
64.260000
60.147000
60.890000
65.450000
65.140000
58.323000
61.487000
65.300000
59.937000
67.200000
61.493000
58.457000
64.613000
57.500000
59.910000
64.217000
56.797000
64.880000
58.407000
63.647000
63.637000
62.043000
63.290000
63.437000
60.697000
55.977000
57.670000
64.510000
66.243000
58.223000
66.120000
63.660000
58.463000
58.583000
65.220000
58.723000
63.480000
63.963000
67.550000
56.880000
61.130000
57.980000
63.587000
65.610000
58.553000
64.913000
60.247000
61.770000
61.587000
61.973000
63.810000
58.300000
60.857000
66.460000
62.697000
59.607000
61.900000
64.910000
58.417000
66.997000
51.583000
63.453000
63.217000
58.190000
62.280000
67.920000
65.317000
64.600000
63.487000
67.833000
67.413000
65.183000
66.090000
63.397000
65.677000
55.593000
67.243000
59.773000
59.187000
59.393000
66.607000
57.093000
63.517000
56.990000
67.287000
63.860000
59.447000
64.583000
65.457000
61.843000
65.740000
61.630000
61.577000
63.223000
55.167000
64.040000
53.570000
66.130000
56.167000
56.170000
61.867000
55.030000
66.517000
54.110000
52.933000
61.300000
65.890000
62.277000
65.087000
52.683000
63.863000
60.897000
67.060000
65.410000
57.827000
58.913000
64.347000
68.460000
67.773000
63.647000
67.807000
64.833000
67.197000
66.630000
58.573000
59.660000
64.597000
55.327000
66.787000
60.297000
65.303000
55.637000
62.457000
61.267000
59.380000
63.123000
60.463000
65.427000
60.640000
63.557000
62.660000
64.330000
59.947000
64.230000
59.893000
58.400000
61.497000
55.730000
64.377000
53.663000
65.200000
61.923000
66.817000
67.920000
58.293000
55.143000
67.327000
61.780000
57.037000
55.837000
65.223000
67.960000
63.967000
63.360000
66.373000
58.150000
61.890000
68.050000
58.083000
55.183000
62.990000
57.227000
65.893000
62.587000
51.850000
54.973000
60.320000
65.130000
52.793000
66.137000
60.157000
56.973000
61.283000
64.840000
68.993000
70.070000
66.703000
52.993000
55.243000
61.093000
61.643000
63.743000
54.343000
62.603000
53.967000
61.973000
62.003000
64.807000
65.830000
51.760000
58.680000
58.467000
59.193000
60.163000
61.907000
63.493000
59.063000
65.933000
55.450000
65.440000
60.110000
65.943000
59.223000
57.343000
62.470000
60.430000
59.100000
57.720000
66.747000
61.637000
61.947000
60.183000
61.623000
53.273000
64.677000
59.183000
61.347000
59.890000
65.767000
62.617000
66.647000
62.700000
65.427000
63.840000
63.563000
66.897000
63.553000
60.280000
64.500000
56.590000
65.383000
64.287000
65.870000
59.680000
58.000000
61.917000
59.957000
63.453000
61.123000
59.240000
56.737000
56.287000
64.470000
60.140000
64.317000
55.523000
66.313000
66.223000
58.380000
61.727000
65.327000
64.140000
57.927000
58.923000
60.090000
65.820000
65.513000
60.683000
57.627000
58.537000
58.160000
60.653000
64.657000
60.183000
51.470000
61.880000
63.533000
55.007000
60.110000
60.667000
63.837000
63.643000
65.313000
63.117000
55.840000
64.213000
61.677000
59.383000
66.747000
59.933000
64.010000
61.470000
55.767000
61.013000
61.697000
66.123000
67.790000
59.027000
69.003000
64.130000
65.633000
57.117000
65.903000
57.167000
60.113000
59.523000
61.440000
67.187000
62.087000
61.977000
57.040000
57.540000
67.680000
58.553000
59.997000
57.023000
66.110000
68.203000
57.160000
63.930000
60.113000
63.400000
65.420000
56.703000
66.083000
64.057000
59.767000
58.600000
58.217000
58.493000
63.703000
65.103000
61.457000
58.277000
59.913000
64.193000
60.540000
70.150000
68.363000
55.003000
62.860000
58.683000
64.737000
67.133000
64.540000
65.740000
56.913000
66.720000
60.447000
67.417000
63.137000
65.857000
64.283000
66.293000
63.113000
60.823000
60.250000
62.470000
68.263000
56.500000
66.533000
63.023000
65.123000
60.040000
68.293000
65.590000
65.647000
66.680000
64.967000
64.953000
62.703000
64.240000
56.010000
61.680000
57.667000
54.620000
66.910000
59.673000
58.220000
66.557000
64.510000
55.490000
55.897000
63.183000
60.417000
56.830000
65.740000
63.693000
56.850000
66.003000
64.313000
55.543000
57.403000
65.500000
65.507000
57.100000
61.030000
60.237000
64.193000
55.843000
67.517000
66.913000
61.870000
61.467000
62.583000
63.560000
67.560000
60.210000
57.720000
57.537000
61.253000
65.297000
60.353000
65.617000
62.823000
60.480000
59.230000
56.690000
67.850000
56.070000
65.020000
55.477000
58.440000
57.403000
60.753000
54.647000
61.123000
57.677000
60.567000
65.327000
64.320000
53.943000
60.930000
62.900000
66.367000
63.470000
58.630000
64.890000
64.323000
63.680000
55.477000
56.263000
62.720000
63.470000
65.960000
58.210000
55.730000
63.743000
55.463000
64.537000
63.683000
57.730000
67.573000
58.113000
63.623000
66.070000
59.690000
56.460000
63.667000
66.147000
64.680000
61.453000
62.807000
55.717000
54.627000
56.797000
62.803000
62.883000
63.407000
64.197000
66.330000
68.857000
64.527000
60.380000
63.990000
59.907000
59.147000
64.300000
67.157000
63.590000
62.770000
62.860000
67.267000
66.667000
58.463000
65.890000
54.990000
63.187000
63.470000
61.127000
59.460000
54.000000
59.473000
54.870000
67.000000
66.020000
50.880000
64.617000
55.273000
58.437000
56.333000
65.707000
67.783000
59.007000
65.520000
61.783000
57.817000
67.527000
65.623000
65.850000
58.307000
63.787000
69.197000
64.747000
63.617000
59.883000
55.653000
65.003000
63.190000
66.163000
54.530000
63.463000
64.133000
52.493000
62.887000
62.933000
64.887000
63.743000
63.200000
65.213000
66.290000
54.703000
60.133000
68.080000
66.870000
59.823000
56.650000
63.983000
58.927000
66.937000
63.467000
61.287000
66.443000
61.243000
64.140000
64.853000
54.010000
55.347000
57.443000
64.723000
64.843000
61.277000
56.947000
63.840000
66.620000
62.290000
55.200000
65.770000
57.417000
52.720000
68.360000
66.430000
65.097000
52.633000
56.447000
66.840000
67.563000
58.753000
62.513000
56.400000
53.760000
61.077000
63.323000
60.197000
63.863000
58.100000
63.153000
53.973000
64.913000
63.417000
59.720000
62.060000
65.493000
64.380000
57.723000
59.237000
63.147000
65.427000
56.847000
63.690000
57.593000
66.407000
62.403000
57.010000
65.540000
59.617000
61.857000
65.253000
64.927000
52.577000
62.807000
64.180000
56.473000
55.773000
66.090000
60.473000
65.543000
58.503000
59.750000
64.070000
61.953000
60.173000
60.537000
64.103000
63.600000
59.513000
63.750000
61.643000
59.283000
64.593000
61.487000
64.077000
65.373000
60.550000
57.383000
63.640000
63.143000
60.540000
54.837000
56.237000
65.197000
54.627000
63.460000
63.660000
67.003000
56.003000
64.630000
64.227000
68.133000
65.183000
67.290000
67.613000
59.543000
62.947000
68.007000
53.083000
60.930000
68.223000
67.037000
62.103000
61.303000
66.513000
59.333000
64.837000
64.153000
53.497000
55.380000
67.220000
66.607000
63.460000
55.680000
63.260000
60.493000
64.320000
58.157000
58.963000
62.947000
65.780000
64.487000
58.907000
60.810000
60.963000
58.050000
61.700000
67.397000
64.257000
64.480000
62.313000
61.517000
63.703000
66.897000
59.770000
60.983000
55.887000
57.020000
54.673000
56.160000
66.077000
58.133000
61.233000
65.603000
65.480000
64.887000
66.487000
64.890000
66.003000
68.897000
58.977000
62.747000
60.257000
54.040000
66.490000
62.453000
61.203000
60.480000
65.403000
52.867000
63.867000
65.300000
60.323000
61.410000
58.017000
59.420000
53.277000
69.270000
65.083000
56.910000
60.883000
64.233000
64.830000
50.443000
62.027000
55.687000
63.543000
56.300000
59.517000
65.323000
65.913000
56.097000
65.933000
64.237000
59.063000
60.653000
62.530000
64.463000
69.347000
54.523000
53.977000
68.313000
60.480000
61.610000
63.657000
58.663000
59.697000
62.607000
67.830000
62.590000
60.660000
68.237000
66.963000
55.627000
56.540000
66.327000
59.580000
63.550000
63.460000
59.327000
60.643000
61.623000
66.680000
62.823000
59.630000
57.357000
63.393000
65.167000
67.330000
65.243000
60.060000
62.477000
63.237000
53.927000
57.223000
59.177000
66.583000
56.773000
63.797000
66.130000
61.707000
65.923000
57.633000
69.387000
60.317000
63.400000
56.183000
63.167000
55.357000
64.843000
59.933000
56.513000
54.443000
63.830000
67.103000
55.847000
66.097000
63.347000
63.270000
62.753000
65.870000
63.593000
61.010000
55.867000
62.577000
64.923000
61.210000
61.223000
66.180000
58.447000
54.403000
63.563000
63.047000
66.037000
63.087000
55.263000
66.473000
58.623000
65.467000
57.017000
64.757000
54.450000
63.367000
66.993000
61.967000
63.257000
64.703000
58.420000
58.110000
59.117000
59.817000
67.010000
60.823000
63.217000
65.987000
69.050000
63.540000
66.367000
61.260000
56.263000
57.447000
64.747000
59.683000
52.503000
57.773000
67.223000
62.633000
66.337000
58.267000
60.417000
67.900000
65.183000
64.237000
63.560000
67.620000
56.853000
64.233000
64.917000
59.957000
56.427000
60.147000
63.503000
59.653000
67.917000
63.970000
64.937000
66.987000
63.170000
65.103000
58.890000
54.227000
58.017000
62.473000
64.613000
64.933000
61.630000
63.623000
62.507000
56.837000
55.767000
64.910000
56.907000
66.733000
61.743000
60.797000
67.773000
53.497000
62.460000
58.803000
64.510000
61.547000
65.920000
62.467000
60.127000
59.590000
62.440000
61.643000
58.737000
52.427000
67.310000
63.667000
68.447000
59.783000
63.430000
57.257000
55.590000
64.897000
61.033000
65.800000
57.750000
63.910000
55.613000
63.753000
67.280000
55.997000
63.000000
64.097000
51.790000
54.860000
60.730000
66.247000
65.697000
63.657000
62.393000
66.177000
66.880000
58.627000
66.847000
54.610000
68.643000
58.290000
65.310000
66.770000
62.280000
66.313000
62.430000
66.213000
59.897000
54.150000
62.907000
69.293000
63.893000
57.813000
65.970000
64.087000
67.990000
54.593000
57.877000
64.550000
60.557000
63.750000
63.793000
62.057000
66.637000
61.370000
56.633000
59.087000
59.727000
68.277000
55.373000
57.817000
66.780000
51.300000
64.507000
65.713000
65.597000
62.140000
66.240000
58.650000
62.387000
54.243000
58.267000
58.857000
57.347000
64.650000
61.670000
59.007000
59.267000
65.983000
56.933000
58.403000
67.513000
67.767000
59.480000
64.533000
56.660000
60.560000
66.037000
63.210000
64.467000
63.137000
61.367000
65.373000
57.203000
56.210000
63.520000
66.033000
65.703000
65.453000
63.863000
60.183000
62.627000
64.343000
59.923000
60.087000
57.517000
66.120000
66.210000
61.403000
66.903000
55.607000
58.930000
65.250000
55.100000
63.923000
61.133000
62.393000
66.197000
61.593000
59.720000
67.037000
61.217000
64.923000
67.443000
67.000000
61.510000
64.680000
66.333000
65.977000
62.930000
56.997000
65.390000
59.950000
55.627000
66.993000
67.480000
66.200000
61.030000
61.880000
59.870000
57.330000
64.870000
58.387000
59.907000
61.850000
65.777000
58.153000
65.053000
69.067000
52.600000
64.390000
67.403000
56.750000
65.653000
63.710000
55.237000
63.737000
66.577000
55.607000
56.947000
65.457000
59.737000
55.330000
67.290000
57.917000
56.787000
65.767000
62.070000
65.157000
63.127000
64.437000
59.423000
60.273000
55.997000
54.663000
57.393000
60.117000
55.703000
59.033000
60.543000
61.227000
63.097000
67.773000
62.493000
61.680000
66.100000
64.777000
63.610000
66.470000
64.153000
60.887000
61.897000
64.477000
62.017000
61.937000
64.463000
65.833000
66.903000
65.173000
64.340000
67.687000
61.607000
52.877000
65.140000
61.103000
62.760000
64.007000
66.953000
63.723000
58.063000
65.533000
66.920000
67.227000
62.587000
61.730000
65.083000
61.540000
62.933000
67.090000
64.767000
58.987000
58.200000
59.117000
66.043000
65.557000
64.400000
55.367000
64.363000
63.110000
64.690000
67.180000
66.423000
60.383000
64.320000
57.840000
65.297000
62.003000
65.493000
55.347000
64.637000
63.127000
57.957000
58.610000
64.677000
66.713000
60.780000
66.203000
67.600000
57.783000
59.100000
66.410000
58.110000
62.010000
58.157000
66.390000
67.100000
64.450000
66.830000
64.673000
60.487000
66.410000
63.500000
63.137000
57.810000
64.630000
52.620000
55.747000
61.067000
58.497000
55.477000
67.633000
64.620000
62.323000
65.677000
65.903000
62.347000
54.737000
65.523000
59.763000
66.237000
56.367000
66.780000
64.137000
60.277000
63.717000
64.783000
54.080000
64.413000
66.213000
65.533000
54.437000
55.093000
55.683000
57.027000
60.950000
63.173000
66.383000
62.247000
64.250000
66.347000
67.997000
65.160000
58.753000
59.213000
59.580000
63.750000
60.293000
67.210000
68.500000
62.207000
64.780000
54.357000
63.427000
65.907000
60.140000
59.393000
63.043000
55.660000
62.273000
66.570000
63.767000
63.763000
54.867000
59.877000
54.737000
66.480000
60.300000
56.733000
68.307000
63.127000
65.210000
62.470000
55.393000
63.033000
67.520000
52.610000
55.573000
58.817000
65.397000
58.660000
65.203000
59.000000
57.440000
65.310000
64.050000
62.267000
63.627000
63.980000
63.893000
55.453000
64.590000
66.997000
56.250000
62.490000
63.797000
67.223000
60.637000
62.873000
65.797000
64.877000
58.620000
56.503000
58.073000
66.470000
60.187000
65.847000
55.853000
58.740000
59.300000
58.060000
61.247000
66.223000
57.067000
59.360000
63.563000
66.370000
61.420000
63.970000
60.033000
61.190000
55.323000
67.010000
57.050000
58.247000
64.283000
66.533000
67.633000
53.700000
63.627000
55.917000
66.190000
56.847000
58.183000
64.647000
53.990000
67.600000
64.097000
67.747000
59.680000
61.547000
56.193000
66.183000
63.223000
55.470000
63.017000
58.550000
60.783000
66.183000
60.930000
53.460000
58.630000
56.693000
61.967000
68.620000
59.113000
68.047000
63.380000
64.667000
65.507000
57.630000
63.130000
54.737000
64.677000
58.980000
65.097000
64.910000
61.360000
64.297000
67.940000
65.507000
63.113000
66.977000
67.523000
64.250000
67.203000
65.773000
64.487000
61.940000
63.737000
64.013000
58.813000
86.097000
66.560000
62.460000
57.780000
58.570000
67.737000
61.827000
56.687000
55.573000
65.097000
57.860000
54.990000
64.143000
58.690000
63.507000
58.817000
65.367000
65.937000
67.397000
66.157000
66.697000
64.197000
60.803000
55.737000
57.437000
59.203000
57.043000
57.937000
63.820000
54.463000
57.430000
64.533000
59.760000
51.603000
66.493000
58.227000
60.653000
58.453000
64.000000
65.600000
56.377000
65.910000
64.560000
59.317000
64.060000
57.680000
60.103000
66.087000
63.923000
65.553000
62.823000
58.123000
56.180000
66.823000
60.653000
52.033000
59.173000
63.143000
61.050000
63.343000
53.633000
63.587000
58.507000
58.240000
60.510000
56.783000
64.833000
52.377000
61.923000
63.517000
64.263000
63.223000
54.920000
53.977000
65.907000
55.240000
57.600000
68.943000
57.643000
64.320000
57.270000
59.077000
68.137000
59.643000
55.440000
58.060000
55.920000
59.187000
54.323000
53.423000
59.423000
59.930000
69.277000
59.170000
63.467000
68.667000
63.093000
57.687000
60.120000
61.263000
56.933000
63.487000
62.650000
56.360000
64.187000
66.927000
58.117000
58.713000
57.773000
56.110000
63.603000
68.460000
64.883000
60.993000
57.797000
65.163000
67.310000
64.007000
57.887000
56.807000
64.163000
64.867000
66.260000
67.080000
63.500000
66.653000
65.917000
64.637000
58.307000
61.070000
55.590000
67.293000
60.020000
65.510000
63.280000
51.643000
63.510000
63.367000
65.523000
63.777000
63.253000
65.000000
60.043000
61.320000
66.083000
60.210000
61.230000
64.740000
67.940000
55.500000
50.510000
65.090000
66.593000
55.183000
60.820000
65.720000
62.307000
55.170000
59.453000
59.777000
57.750000
63.153000
56.527000
56.507000
57.583000
65.637000
64.083000
64.613000
63.100000
55.620000
62.153000
58.220000
66.533000
56.473000
57.480000
66.510000
53.287000
65.877000
54.683000
56.167000
63.377000
57.373000
55.420000
64.077000
65.583000
59.540000
64.347000
67.247000
61.453000
62.067000
65.267000
66.450000
56.933000
65.000000
52.603000
63.987000
63.933000
66.620000
65.897000
58.250000
66.080000
57.883000
65.913000
60.277000
61.160000
66.360000
62.570000
64.677000
63.940000
63.273000
57.140000
61.880000
65.560000
68.857000
63.353000
58.027000
65.983000
59.423000
64.163000
56.467000
65.843000
66.813000
67.730000
66.427000
56.643000
68.083000
66.870000
64.990000
56.763000
55.277000
63.757000
62.800000
67.437000
60.130000
55.203000
66.653000
57.077000
60.500000
65.987000
63.747000
62.963000
57.967000
62.733000
55.443000
63.967000
65.623000
56.143000
64.680000
67.340000
61.593000
63.593000
58.003000
61.143000
53.000000
60.330000
68.890000
66.130000
53.610000
64.697000
56.057000
64.493000
56.023000
64.990000
58.673000
64.467000
62.650000
68.757000
60.500000
63.877000
66.453000
54.733000
63.770000
57.220000
58.980000
55.030000
65.607000
61.080000
62.770000
55.610000
62.740000
61.970000
63.210000
60.860000
61.963000
55.760000
64.567000
58.863000
69.533000
62.277000
64.320000
62.297000
62.403000
59.250000
55.597000
55.240000
64.810000
66.640000
62.640000
68.483000
60.437000
61.607000
62.737000
66.957000
65.310000
54.933000
66.593000
63.163000
64.753000
68.350000
60.457000
65.577000
68.403000
54.580000
64.673000
59.340000
67.707000
59.460000
63.377000
57.217000
63.300000
62.777000
55.950000
67.743000
60.170000
62.450000
63.083000
64.700000
57.693000
63.773000
55.943000
62.150000
60.153000
63.727000
60.913000
67.260000
64.910000
66.880000
59.673000
65.310000
58.647000
62.853000
62.433000
53.447000
54.970000
58.827000
60.907000
62.567000
66.163000
64.060000
59.043000
53.407000
65.080000
66.753000
64.240000
65.053000
62.170000
65.640000
57.893000
62.850000
67.607000
59.387000
52.947000
57.107000
61.370000
61.507000
54.693000
63.440000
59.237000
64.490000
58.570000
59.083000
62.220000
64.053000
56.533000
64.270000
59.013000
56.650000
66.367000
64.537000
66.340000
55.047000
61.637000
57.800000
59.030000
59.940000
62.697000
53.367000
63.253000
63.447000
57.800000
65.040000
56.110000
63.597000
55.440000
60.003000
62.293000
65.883000
62.407000
62.710000
60.963000
66.527000
58.853000
58.423000
58.410000
64.937000
57.367000
57.693000
60.263000
62.837000
56.897000
66.030000
57.300000
62.567000
65.147000
65.847000
67.503000
61.197000
62.710000
60.167000
61.927000
59.447000
63.887000
64.910000
58.777000
59.720000
65.103000
66.540000
60.697000
64.403000
63.207000
59.717000
57.043000
61.437000
59.757000
55.323000
57.833000
57.540000
53.597000
60.380000
58.457000
65.857000
58.030000
58.847000
60.193000
57.577000
64.117000
65.027000
54.813000
61.240000
53.937000
64.073000
74.657000
58.860000
60.323000
56.007000
60.327000
58.320000
58.250000
59.700000
63.733000
65.697000
66.460000
63.263000
63.443000
59.707000
52.530000
59.597000
54.663000
66.563000
60.403000
58.347000
65.797000
61.220000
53.890000
66.453000
64.680000
59.707000
64.243000
66.517000
59.327000
65.533000
57.483000
54.023000
54.620000
50.733000
55.723000
64.410000
66.030000
67.507000
65.283000
66.257000
54.703000
60.093000
57.580000
59.460000
60.533000
62.890000
65.807000
56.263000
59.573000
55.640000
59.780000
58.043000
64.523000
64.493000
62.267000
55.270000
61.730000
66.530000
61.447000
65.637000
63.767000
56.297000
62.237000
60.603000
61.847000
58.167000
56.847000
63.560000
60.103000
65.460000
62.533000
58.750000
69.180000
58.240000
60.867000
64.143000
51.650000
65.830000
66.300000
65.160000
63.973000
61.413000
65.303000
61.973000
66.147000
66.970000
62.500000
60.057000
64.853000
61.183000
54.727000
65.033000
64.043000
58.323000
59.233000
55.047000
63.373000
60.073000
64.457000
65.733000
61.533000
66.893000
66.423000
63.653000
63.773000
65.540000
53.580000
55.470000
60.040000
64.690000
65.413000
54.493000
58.733000
66.417000
58.713000
66.790000
62.883000
67.150000
66.857000
58.213000
62.823000
65.553000
57.570000
67.210000
65.080000
52.123000
61.107000
63.780000
55.760000
67.757000
58.117000
58.000000
61.900000
66.207000
51.127000
63.610000
64.047000
61.227000
64.033000
55.293000
64.310000
64.230000
66.583000
57.793000
62.573000
65.730000
57.893000
60.327000
60.907000
59.497000
55.760000
67.160000
65.783000
65.633000
64.417000
59.550000
54.337000
63.300000
66.533000
57.243000
59.207000
64.583000
58.997000
65.463000
62.067000
57.277000
67.723000
65.340000
65.470000
64.097000
58.007000
53.363000
63.887000
65.937000
61.020000
68.710000
65.780000
65.627000
60.437000
61.777000
63.960000
55.607000
59.377000
64.710000
57.793000
62.683000
52.920000
66.323000
64.133000
64.993000
67.250000
55.650000
61.277000
65.070000
59.353000
57.043000
64.077000
65.113000
59.750000
60.763000
69.123000
60.370000
57.047000
54.867000
64.403000
60.347000
63.733000
61.760000
65.367000
64.490000
67.707000
60.237000
62.607000
65.977000
67.393000
64.863000
68.537000
60.803000
56.530000
61.120000
53.597000
64.467000
63.743000
66.820000
55.300000
64.830000
59.787000
65.110000
61.880000
64.357000
60.143000
67.920000
56.410000
63.427000
65.507000
60.463000
57.623000
64.640000
62.850000
65.113000
61.490000
60.117000
61.683000
60.920000
63.363000
63.427000
62.453000
63.690000
66.440000
60.750000
62.667000
65.493000
67.140000
64.130000
65.203000
64.440000
64.663000
66.397000
66.697000
66.067000
58.760000
64.607000
63.397000
55.823000
65.053000
57.783000
63.867000
58.150000
62.670000
68.083000
65.720000
58.343000
65.847000
61.227000
63.483000
57.947000
61.500000
58.413000
63.993000
54.543000
64.103000
64.370000
52.847000
62.670000
59.573000
58.693000
66.697000
53.363000
56.483000
58.917000
63.683000
63.977000
64.713000
66.343000
64.513000
63.197000
64.953000
65.787000
61.707000
64.980000
61.877000
67.723000
56.227000
64.270000
64.017000
60.817000
62.873000
60.497000
65.543000
61.503000
59.367000
61.967000
66.450000
59.897000
64.693000
52.787000
59.140000
57.800000
60.830000
65.503000
64.513000
53.150000
64.950000
60.260000
62.583000
64.117000
65.647000
67.807000
63.583000
67.357000
59.743000
64.870000
54.943000
66.257000
55.270000
62.567000
66.293000
65.540000
54.820000
57.913000
71.177000
64.980000
59.120000
67.433000
62.420000
61.810000
65.560000
57.947000
64.950000
66.777000
56.057000
57.660000
65.613000
65.253000
55.807000
65.700000
64.270000
55.060000
61.453000
66.563000
59.793000
64.997000
59.577000
60.747000
55.207000
62.527000
66.933000
65.413000
65.620000
56.057000
59.190000
60.750000
57.850000
66.137000
61.757000
66.593000
64.127000
65.333000
63.137000
63.160000
55.177000
59.560000
61.740000
67.367000
63.407000
68.423000
63.143000
59.550000
62.667000
59.050000
66.780000
66.397000
65.167000
64.730000
60.333000
64.653000
50.703000
58.780000
59.380000
67.360000
58.827000
63.207000
63.673000
63.963000
61.830000
57.667000
56.240000
55.413000
58.363000
56.663000
64.123000
67.127000
57.320000
64.887000
66.743000
57.877000
61.027000
60.553000
65.657000
54.583000
64.103000
59.653000
66.997000
62.897000
53.260000
63.090000
63.653000
62.810000
65.423000
62.550000
67.043000
64.283000
53.180000
55.960000
54.643000
62.747000
63.400000
63.493000
54.087000
50.770000
65.427000
66.600000
53.093000
67.693000
64.280000
61.613000
61.377000
60.513000
61.087000
65.687000
54.540000
55.877000
68.117000
64.973000
58.280000
55.297000
65.443000
68.340000
60.480000
63.257000
63.960000
54.557000
52.090000
58.477000
65.377000
55.360000
63.227000
58.323000
59.030000
55.823000
54.080000
65.820000
48.453000
60.897000
64.777000
61.600000
66.200000
65.910000
60.023000
68.093000
58.023000
56.123000
65.450000
63.107000
69.407000
65.093000
67.950000
63.880000
60.423000
55.890000
63.027000
55.457000
54.450000
62.567000
55.937000
64.237000
60.937000
64.730000
62.927000
64.330000
64.240000
66.300000
66.120000
55.060000
63.267000
66.333000
54.317000
63.687000
65.343000
60.147000
56.697000
57.090000
64.417000
61.440000
59.423000
57.937000
56.487000
61.433000
64.497000
65.723000
67.223000
55.320000
57.747000
56.580000
57.057000
53.410000
61.783000
65.857000
66.640000
52.723000
62.100000
61.513000
65.750000
61.227000
57.227000
65.797000
65.817000
63.750000
64.933000
62.853000
54.873000
58.423000
67.747000
66.683000
63.607000
56.920000
67.710000
66.167000
65.900000
60.290000
65.633000
63.080000
61.270000
66.170000
62.513000
66.567000
63.183000
66.940000
71.127000
61.613000
59.857000
60.423000
54.410000
55.063000
61.013000
55.493000
57.197000
67.717000
63.733000
64.747000
59.527000
56.673000
60.307000
52.357000
65.080000
59.157000
57.760000
64.533000
67.350000
62.833000
58.897000
67.420000
62.407000
63.410000
68.020000
61.153000
64.623000
68.440000
61.380000
53.960000
66.183000
60.623000
67.663000
66.453000
66.777000
62.280000
64.550000
65.030000
65.747000
63.010000
62.980000
62.857000
59.677000
57.657000
65.603000
64.813000
61.350000
65.123000
55.380000
65.793000
61.180000
59.860000
62.307000
59.680000
66.340000
67.440000
59.277000
52.823000
65.527000
63.353000
66.150000
59.707000
53.227000
61.503000
66.140000
67.300000
56.177000
64.963000
60.743000
60.490000
63.053000
59.157000
63.580000
63.047000
66.263000
59.867000
62.440000
68.513000
65.137000
59.477000
65.947000
65.643000
61.383000
61.203000
63.653000
63.590000
65.550000
62.543000
59.830000
55.023000
66.660000
63.083000
63.110000
58.847000
64.007000
65.353000
64.157000
66.177000
62.007000
57.247000
60.840000
67.777000
64.433000
65.703000
68.163000
64.177000
61.737000
69.033000
63.420000
67.590000
63.600000
62.563000
62.343000
58.843000
67.047000
71.110000
65.590000
60.280000
62.563000
62.377000
66.683000
68.067000
62.743000
55.027000
68.797000
63.810000
61.213000
56.580000
65.073000
64.480000
62.377000
56.540000
66.367000
61.943000
63.827000
66.257000
66.743000
64.783000
50.793000
64.837000
62.630000
64.110000
59.560000
61.800000
59.163000
68.270000
67.400000
60.073000
55.917000
68.433000
62.223000
63.713000
63.653000
65.320000
58.363000
62.330000
67.193000
58.560000
66.390000
58.730000
64.010000
56.243000
54.340000
66.133000
52.760000
64.140000
67.153000
57.873000
53.900000
58.700000
55.103000
57.663000
61.150000
62.083000
57.983000
62.207000
59.850000
62.773000
57.840000
61.827000
62.937000
65.610000
53.487000
61.990000
63.313000
61.227000
56.457000
65.510000
60.480000
67.657000
65.690000
64.520000
57.740000
58.150000
58.860000
57.940000
62.933000
65.147000
56.633000
62.637000
65.700000
64.323000
60.637000
65.313000
59.503000
59.140000
62.957000
66.767000
65.497000
63.280000
64.830000
64.790000
62.203000
65.557000
66.510000
59.793000
64.840000
66.167000
54.740000
60.877000
64.910000
58.117000
53.523000
55.310000
54.430000
64.763000
62.817000
61.827000
67.370000
62.680000
63.470000
63.777000
59.983000
64.597000
56.280000
65.250000
57.757000
56.777000
63.847000
63.437000
62.327000
64.913000
61.547000
63.533000
66.100000
66.347000
58.810000
54.520000
67.160000
63.513000
60.687000
65.000000
64.573000
62.267000
67.533000
61.663000
65.513000
56.340000
58.600000
65.243000
67.510000
62.073000
61.107000
64.930000
66.020000
56.903000
65.853000
63.310000
68.420000
64.790000
65.277000
66.960000
63.047000
64.513000
64.237000
62.950000
63.667000
65.053000
68.513000
63.063000
65.260000
60.757000
65.140000
62.017000
65.247000
66.740000
63.610000
65.773000
63.883000
61.303000
62.827000
57.590000
60.063000
60.620000
55.400000
57.633000
65.470000
64.810000
63.840000
65.840000
64.950000
67.130000
61.673000
59.700000
57.230000
57.893000
63.997000
66.963000
61.663000
66.083000
63.330000
66.540000
63.587000
52.493000
66.783000
63.880000
52.507000
65.340000
65.950000
57.147000
64.023000
63.533000
55.413000
58.593000
64.800000
69.033000
58.313000
58.760000
59.373000
61.650000
62.283000
65.440000
58.460000
57.053000
59.373000
66.033000
61.537000
61.527000
67.467000
62.843000
63.730000
64.473000
54.603000
56.610000
57.140000
64.253000
61.867000
59.780000
59.133000
60.837000
53.340000
65.393000
66.017000
57.343000
56.153000
59.013000
55.857000
60.160000
53.193000
54.353000
62.033000
63.383000
56.587000
58.713000
59.573000
61.880000
56.213000
69.313000
66.390000
65.440000
59.863000
57.707000
60.923000
66.073000
55.893000
61.737000
60.070000
54.450000
61.287000
61.797000
63.827000
63.340000
58.020000
64.643000
64.380000
63.493000
64.503000
56.903000
64.980000
58.503000
63.577000
68.610000
58.537000
65.183000
65.373000
62.533000
63.453000
58.153000
58.867000
60.667000
64.160000
67.070000
55.203000
63.530000
63.953000
66.707000
60.637000
64.413000
53.740000
64.827000
57.800000
66.907000
59.807000
57.133000
62.317000
58.323000
64.093000
65.307000
57.987000
66.480000
61.313000
58.920000
65.660000
62.090000
56.887000
65.190000
57.963000
62.733000
65.377000
64.627000
53.207000
66.410000
63.357000
68.283000
60.753000
58.193000
65.790000
83.687000
56.457000
58.297000
67.923000
66.667000
55.613000
64.373000
56.333000
55.780000
56.057000
63.983000
66.697000
54.797000
56.490000
65.030000
56.493000
55.847000
68.600000
62.080000
60.270000
62.500000
61.307000
67.270000
64.640000
61.507000
57.457000
62.420000
65.877000
62.893000
59.800000
63.663000
64.280000
57.457000
55.257000
59.567000
58.143000
62.197000
63.260000
66.537000
55.400000
55.150000
58.303000
59.987000
65.287000
62.603000
63.847000
59.397000
54.830000
59.343000
66.237000
60.343000
62.670000
58.817000
55.717000
60.143000
64.357000
58.523000
65.753000
63.513000
65.557000
66.333000
55.213000
62.807000
64.217000
64.247000
66.330000
58.337000
56.490000
53.510000
62.817000
65.613000
65.373000
56.317000
65.493000
58.337000
64.423000
64.650000
61.553000
65.437000
64.507000
61.327000
64.747000
63.020000
57.507000
53.857000
65.503000
67.113000
59.853000
66.643000
60.530000
58.057000
64.050000
66.193000
66.753000
58.870000
53.827000
56.033000
52.813000
57.073000
65.760000
67.800000
64.023000
65.197000
62.543000
62.330000
65.090000
66.980000
65.130000
58.660000
58.250000
56.060000
63.617000
55.620000
64.910000
58.247000
65.493000
58.850000
62.383000
64.427000
66.177000
55.343000
55.457000
62.170000
63.043000
61.483000
56.387000
65.970000
65.650000
57.570000
63.053000
65.673000
55.460000
63.247000
66.060000
64.013000
65.647000
55.493000
59.673000
66.487000
66.507000
66.287000
62.290000
63.623000
60.127000
63.730000
65.587000
62.530000
60.430000
63.957000
60.067000
62.830000
59.083000
60.203000
61.833000
63.063000
58.493000
54.887000
65.773000
58.127000
61.380000
57.447000
53.340000
53.927000
54.447000
64.987000
66.060000
58.523000
59.023000
64.877000
58.270000
55.377000
68.833000
57.017000
62.367000
67.860000
58.310000
58.553000
58.193000
60.013000
62.533000
60.113000
62.543000
61.063000
55.763000
65.160000
66.750000
57.020000
65.433000
67.437000
62.227000
59.740000
61.737000
57.120000
58.873000
64.407000
62.043000
62.957000
60.170000
61.403000
55.597000
65.873000
54.913000
53.353000
58.340000
58.250000
65.887000
67.523000
59.900000
51.993000
58.927000
58.150000
68.380000
62.727000
65.387000
65.067000
53.543000
61.050000
56.057000
65.433000
64.007000
60.603000
59.623000
59.930000
65.330000
58.773000
58.597000
59.233000
63.157000
63.760000
62.313000
65.937000
64.860000
56.773000
57.337000
57.177000
55.827000
59.993000
57.893000
57.747000
55.597000
65.240000
67.170000
67.010000
57.863000
59.973000
66.847000
59.360000
63.430000
58.093000
60.927000
64.680000
65.730000
69.843000
61.160000
63.010000
63.333000
63.657000
63.550000
63.900000
65.533000
62.440000
64.020000
59.467000
54.597000
63.447000
59.693000
59.280000
63.877000
54.410000
68.303000
68.023000
67.877000
60.770000
68.843000
57.710000
56.823000
62.787000
66.420000
60.727000
62.747000
61.713000
66.473000
58.160000
63.880000
61.830000
61.170000
62.270000
62.947000
66.713000
63.690000
62.237000
60.147000
64.233000
57.623000
65.220000
62.027000
65.417000
66.027000
63.530000
56.413000
55.440000
68.423000
63.337000
58.077000
53.940000
57.657000
55.067000
60.537000
62.240000
69.337000
56.470000
56.380000
61.007000
57.827000
66.027000
55.857000
60.683000
64.827000
63.020000
60.607000
65.947000
52.080000
63.087000
64.100000
62.347000
59.220000
66.293000
58.883000
63.480000
61.443000
57.877000
52.883000
63.833000
66.783000
62.137000
61.023000
58.057000
66.613000
62.293000
67.307000
60.837000
64.473000
55.557000
67.457000
62.103000
60.030000
66.153000
54.897000
62.203000
63.907000
63.923000
58.340000
52.667000
67.773000
59.387000
70.387000
66.353000
62.910000
63.350000
67.660000
65.093000
62.270000
65.433000
64.103000
63.210000
64.180000
67.497000
54.263000
62.727000
64.327000
65.580000
62.907000
66.097000
60.483000
62.190000
66.343000
57.203000
65.547000
57.147000
65.870000
57.980000
62.913000
65.203000
64.820000
61.713000
63.010000
65.603000
57.070000
58.600000
63.853000
66.170000
61.410000
55.467000
58.243000
61.223000
54.590000
63.663000
65.607000
55.703000
61.687000
66.833000
56.607000
66.327000
61.957000
60.767000
64.723000
64.760000
67.270000
63.653000
64.607000
66.807000
61.677000
62.467000
62.197000
64.030000
57.247000
65.653000
67.637000
65.417000
62.853000
56.697000
63.447000
63.120000
58.317000
58.020000
58.393000
59.163000
64.957000
56.180000
61.167000
63.003000
55.497000
60.373000
60.537000
53.163000
66.543000
64.923000
57.393000
63.097000
54.667000
55.303000
63.057000
66.713000
60.420000
64.877000
66.890000
54.790000
61.010000
56.953000
66.163000
63.603000
60.450000
61.803000
63.453000
65.477000
64.637000
55.467000
67.013000
60.917000
64.630000
62.870000
57.823000
54.687000
68.980000
66.217000
60.403000
58.543000
57.777000
65.307000
63.150000
55.663000
63.303000
63.337000
68.883000
60.777000
62.323000
55.127000
65.030000
53.530000
63.827000
63.790000
65.263000
64.987000
69.210000
65.293000
55.063000
65.220000
68.113000
55.123000
55.570000
56.467000
68.207000
53.523000
64.100000
65.163000
56.027000
62.150000
67.017000
64.873000
56.990000
60.290000
56.993000
65.773000
55.963000
63.837000
65.707000
61.060000
66.370000
64.710000
56.960000
57.670000
53.660000
69.360000
64.837000
63.600000
67.523000
65.357000
63.207000
64.310000
62.690000
67.440000
61.197000
63.940000
64.153000
65.610000
55.257000
64.647000
57.713000
65.110000
61.973000
50.633000
59.873000
63.933000
60.810000
63.230000
66.047000
55.337000
62.793000
66.030000
59.960000
66.823000
56.417000
53.347000
62.227000
67.610000
61.127000
62.197000
59.067000
58.560000
58.563000
65.783000
58.757000
57.600000
66.380000
67.550000
61.130000
62.570000
57.900000
65.900000
68.327000
56.443000
65.487000
66.213000
63.153000
58.553000
64.183000
68.213000
54.557000
64.553000
65.703000
62.533000
67.553000
66.420000
56.603000
62.063000
62.353000
54.337000
56.420000
55.617000
65.767000
54.497000
57.960000
67.743000
66.563000
63.150000
64.990000
67.687000
64.157000
65.683000
61.490000
61.727000
57.937000
61.600000
61.020000
66.383000
54.380000
57.333000
65.330000
58.173000
56.263000
63.850000
66.557000
59.793000
56.763000
56.827000
60.083000
58.477000
52.620000
67.583000
66.893000
61.550000
63.737000
66.530000
56.440000
67.703000
67.647000
68.513000
64.390000
64.860000
59.743000
66.083000
65.347000
60.107000
64.247000
55.207000
65.380000
59.903000
64.190000
64.817000
60.700000
59.880000
64.067000
64.337000
55.763000
65.223000
66.367000
62.920000
58.820000
65.093000
61.377000
55.543000
63.897000
63.400000
62.297000
58.243000
67.633000
64.730000
59.973000
62.857000
57.300000
57.383000
57.393000
60.747000
66.310000
68.547000
62.970000
67.770000
65.600000
64.447000
67.677000
69.653000
55.880000
61.063000
63.913000
65.070000
58.747000
62.710000
65.463000
65.350000
60.370000
58.007000
54.323000
59.743000
67.387000
64.923000
63.777000
57.067000
63.963000
59.123000
53.377000
64.160000
66.553000
66.960000
56.097000
64.373000
62.507000
58.197000
61.583000
66.283000
63.620000
65.720000
61.860000
64.773000
66.120000
61.380000
63.453000
63.147000
64.353000
58.780000
57.293000
67.743000
55.350000
58.510000
68.050000
61.203000
55.827000
58.437000
64.123000
63.693000
58.993000
58.000000
65.867000
66.843000
54.860000
65.767000
52.213000
63.453000
63.180000
67.510000
54.610000
62.883000
59.863000
53.933000
59.473000
59.553000
58.013000
53.817000
64.753000
65.460000
59.857000
63.453000
65.423000
67.197000
68.793000
57.810000
66.867000
63.987000
64.037000
63.107000
55.977000
62.233000
56.447000
67.177000
60.323000
65.133000
59.077000
63.423000
60.527000
55.887000
64.050000
51.020000
64.760000
61.573000
53.823000
56.863000
59.707000
61.703000
56.233000
59.577000
67.223000
60.730000
63.873000
65.380000
53.560000
68.540000
65.903000
65.707000
56.193000
61.803000
67.220000
64.767000
55.503000
65.197000
58.357000
65.193000
62.780000
64.397000
70.657000
55.463000
60.193000
65.250000
60.827000
61.747000
64.757000
57.747000
61.243000
62.310000
63.977000
67.230000
59.427000
61.583000
65.530000
64.917000
56.233000
64.607000
60.977000
65.900000
64.967000
61.847000
59.320000
68.157000
65.343000
55.940000
59.107000
58.273000
63.823000
64.097000
62.023000
52.860000
65.007000
58.480000
65.257000
65.780000
54.890000
58.327000
63.307000
66.687000
67.427000
55.540000
68.307000
61.470000
65.990000
61.590000
64.937000
55.573000
63.527000
59.480000
66.210000
68.730000
59.747000
56.970000
64.560000
63.750000
63.177000
59.583000
56.800000
63.120000
59.630000
63.040000
61.487000
63.177000
56.063000
67.353000
58.240000
55.087000
65.023000
65.850000
63.833000
64.787000
65.303000
63.713000
65.793000
61.053000
62.250000
66.037000
59.650000
61.520000
61.630000
60.050000
59.440000
54.143000
62.127000
65.640000
53.473000
61.110000
66.063000
63.207000
64.773000
69.437000
54.567000
57.057000
56.777000
64.323000
61.770000
57.707000
64.270000
59.827000
64.850000
65.407000
56.867000
64.613000
67.857000
59.367000
56.960000
53.980000
65.080000
65.630000
59.147000
65.437000
58.353000
64.517000
62.593000
58.127000
64.840000
62.553000
66.450000
58.773000
58.877000
55.607000
64.653000
57.287000
60.737000
65.387000
68.887000
69.027000
57.200000
55.303000
53.093000
63.250000
56.540000
65.233000
60.633000
54.687000
57.643000
55.710000
62.753000
67.130000
65.033000
63.337000
61.723000
65.307000
58.793000
63.420000
64.020000
58.037000
53.943000
60.777000
61.443000
61.560000
55.700000
59.910000
66.440000
67.007000
64.510000
66.237000
66.743000
54.450000
58.267000
58.187000
62.817000
66.977000
65.067000
59.657000
56.853000
60.303000
61.390000
66.537000
59.320000
65.040000
65.287000
66.340000
58.750000
60.040000
63.463000
67.967000
60.510000
61.493000
64.687000
62.767000
67.480000
67.567000
59.373000
60.510000
56.730000
64.317000
66.300000
61.680000
64.287000
65.767000
54.057000
63.577000
66.503000
63.247000
61.710000
63.640000
66.213000
66.293000
61.430000
58.240000
67.563000
57.767000
64.943000
56.117000
61.120000
67.643000
65.597000
66.670000
62.570000
64.927000
61.390000
63.403000
66.550000
56.747000
63.493000
62.580000
60.330000
64.263000
66.183000
68.163000
62.907000
67.713000
60.723000
66.647000
58.537000
62.313000
62.233000
59.903000
56.940000
55.147000
69.307000
54.957000
55.413000
62.177000
64.543000
56.810000
64.233000
62.477000
63.290000
67.400000
62.597000
57.947000
58.807000
60.700000
59.353000
66.840000
66.860000
63.687000
56.567000
55.797000
61.643000
64.040000
53.930000
65.123000
64.683000
65.443000
65.577000
57.993000
62.967000
61.703000
65.980000
65.367000
64.277000
59.743000
65.133000
66.663000
69.113000
63.350000
57.140000
66.577000
59.793000
55.130000
58.620000
66.247000
61.183000
64.197000
56.807000
55.723000
60.813000
65.967000
61.370000
63.973000
59.487000
60.820000
56.397000
66.277000
68.113000
56.080000
55.150000
66.780000
65.120000
64.850000
67.170000
64.633000
62.067000
65.733000
68.317000
64.500000
66.693000
60.043000
58.177000
64.680000
67.377000
67.683000
57.157000
58.513000
66.733000
61.573000
65.827000
65.310000
61.827000
62.930000
65.117000
55.423000
51.837000
63.747000
68.823000
65.473000
65.287000
61.673000
64.090000
67.177000
60.637000
64.373000
65.223000
61.463000
61.007000
56.947000
63.067000
64.037000
63.403000
65.503000
64.637000
65.493000
57.237000
57.483000
66.540000
63.217000
63.753000
67.977000
59.023000
54.950000
65.217000
65.437000
59.860000
63.640000
65.347000
61.020000
63.013000
66.810000
67.953000
54.433000
64.637000
60.157000
64.527000
66.523000
63.337000
66.057000
55.183000
62.197000
58.700000
59.670000
60.937000
60.063000
64.190000
61.307000
65.560000
54.380000
64.803000
64.630000
67.297000
63.653000
57.583000
59.220000
62.323000
65.243000
60.733000
65.953000
54.490000
65.337000
62.233000
61.437000
62.307000
67.867000
65.557000
59.437000
61.507000
54.310000
55.707000
62.600000
58.763000
66.677000
64.220000
62.017000
60.460000
61.107000
64.327000
52.407000
61.697000
60.537000
51.103000
60.983000
54.260000
64.120000
64.397000
58.697000
60.993000
67.470000
63.157000
62.780000
57.697000
65.010000
67.743000
53.663000
62.533000
65.943000
58.657000
58.420000
66.010000
68.263000
57.443000
57.197000
54.510000
63.773000
56.350000
62.483000
56.947000
57.877000
62.897000
56.697000
58.310000
63.970000
62.673000
62.563000
60.493000
63.893000
54.473000
61.717000
65.430000
66.203000
61.263000
62.247000
55.740000
65.867000
50.387000
60.913000
67.510000
63.560000
63.667000
58.893000
67.107000
64.943000
67.680000
57.110000
55.670000
55.463000
64.273000
67.570000
61.617000
62.587000
57.793000
60.727000
54.467000
65.003000
66.437000
69.393000
59.617000
57.977000
67.387000
61.523000
63.677000
62.190000
54.217000
63.957000
61.100000
61.907000
70.627000
58.150000
56.940000
64.213000
68.007000
66.873000
55.483000
64.570000
57.957000
60.890000
54.580000
65.623000
64.190000
58.897000
62.260000
66.117000
56.220000
67.583000
66.880000
67.427000
60.803000
55.453000
59.227000
59.273000
63.030000
65.007000
60.547000
58.940000
55.550000
58.403000
62.967000
63.097000
57.043000
59.460000
65.517000
54.370000
58.227000
66.690000
59.300000
62.970000
55.873000
67.237000
66.833000
55.433000
58.763000
62.307000
64.520000
58.027000
62.463000
56.887000
63.207000
58.143000
55.797000
53.487000
64.013000
56.927000
65.267000
64.777000
65.310000
62.763000
63.800000
65.020000
62.287000
59.203000
65.683000
56.983000
64.517000
59.290000
60.200000
65.633000
64.333000
66.640000
59.883000
56.517000
65.893000
60.230000
55.950000
65.723000
57.433000
65.990000
64.130000
67.293000
64.363000
65.720000
66.250000
56.423000
57.813000
61.797000
59.733000
64.400000
66.660000
63.250000
67.160000
68.000000
62.043000
64.643000
66.647000
63.637000
66.360000
60.823000
66.460000
56.507000
63.897000
66.663000
62.247000
63.477000
56.830000
58.270000
66.660000
63.807000
62.777000
67.113000
56.447000
65.170000
65.113000
65.220000
63.443000
66.547000
59.570000
63.500000
64.473000
59.737000
61.920000
60.227000
67.033000
54.967000
65.950000
65.740000
59.480000
65.457000
66.353000
59.123000
55.960000
62.380000
68.020000
61.320000
56.347000
65.193000
66.067000
57.297000
64.567000
57.653000
65.733000
67.170000
64.330000
65.087000
64.590000
59.487000
55.033000
66.600000
62.493000
54.747000
63.337000
66.273000
64.490000
63.670000
63.137000
67.850000
63.060000
63.453000
57.393000
65.823000
61.440000
57.663000
57.090000
55.230000
51.963000
63.740000
64.540000
57.120000
67.543000
58.027000
67.637000
54.323000
57.227000
56.343000
66.933000
62.850000
59.513000
59.173000
54.350000
62.830000
63.763000
67.620000
61.730000
67.927000
64.523000
56.307000
66.317000
66.523000
64.890000
62.040000
56.797000
61.953000
63.190000
64.150000
60.630000
65.950000
64.587000
56.980000
64.133000
67.023000
63.953000
63.873000
66.120000
61.400000
52.537000
56.200000
59.313000
65.210000
56.003000
66.893000
62.530000
64.613000
66.097000
60.457000
63.450000
59.050000
56.883000
53.620000
55.930000
58.160000
59.920000
59.500000
65.657000
67.377000
63.493000
54.143000
64.807000
65.330000
63.033000
65.227000
64.017000
66.813000
63.683000
58.317000
65.613000
65.467000
58.250000
57.770000
62.713000
65.263000
61.823000
53.343000
55.897000
59.907000
60.213000
65.220000
59.257000
65.287000
57.397000
60.703000
59.087000
63.813000
60.683000
65.663000
64.620000
53.410000
61.430000
59.270000
55.520000
56.537000
61.643000
56.850000
58.733000
67.650000
60.530000
62.650000
62.743000
59.803000
62.227000
62.167000
65.010000
57.233000
56.710000
56.333000
58.507000
56.150000
60.583000
60.690000
54.867000
54.327000
65.830000
66.433000
59.507000
63.863000
66.570000
65.243000
59.927000
63.427000
65.133000
59.157000
64.197000
63.637000
67.127000
56.640000
61.510000
60.570000
57.357000
57.253000
64.053000
62.270000
57.093000
64.513000
64.103000
60.990000
59.153000
64.387000
62.783000
60.713000
66.723000
64.047000
63.247000
59.873000
63.520000
56.637000
61.957000
61.247000
62.757000
64.747000
57.447000
56.990000
65.350000
66.997000
65.283000
63.077000
55.547000
59.007000
53.373000
64.927000
66.820000
58.350000
56.330000
56.250000
63.867000
61.323000
53.623000
55.777000
62.600000
63.547000
62.653000
54.620000
66.230000
63.057000
58.670000
54.920000
62.390000
63.390000
59.067000
61.020000
60.613000
57.387000
65.200000
64.723000
60.433000
65.200000
63.367000
63.297000
55.217000
61.973000
59.287000
60.460000
63.007000
64.447000
65.180000
60.943000
59.973000
56.083000
57.237000
60.387000
63.587000
64.090000
65.780000
61.567000
60.070000
67.257000
54.543000
60.917000
61.923000
58.813000
62.013000
64.300000
65.180000
63.943000
66.440000
58.340000
67.100000
66.000000
61.843000
48.220000
66.200000
60.020000
63.340000
55.330000
62.393000
60.187000
56.373000
60.230000
60.427000
67.533000
61.037000
65.727000
61.617000
71.313000
58.060000
66.780000
60.030000
64.803000
62.103000
63.743000
67.287000
63.833000
67.423000
68.347000
65.147000
66.543000
57.047000
65.757000
66.480000
62.957000
59.320000
66.340000
60.357000
59.977000
56.753000
67.857000
63.970000
60.867000
57.720000
62.360000
63.863000
64.647000
52.647000
63.243000
63.377000
64.503000
63.383000
59.980000
50.893000
63.613000
57.387000
69.250000
63.710000
54.227000
61.597000
61.873000
60.227000
53.110000
58.547000
58.477000
68.090000
63.770000
65.987000
63.520000
61.973000
60.773000
57.423000
66.503000
58.387000
59.680000
53.777000
62.997000
58.833000
67.873000
59.863000
61.910000
66.937000
65.513000
57.737000
64.937000
58.463000
59.953000
56.740000
55.910000
65.100000
53.973000
66.173000
66.590000
62.653000
50.917000
66.517000
55.693000
63.993000
66.597000
63.430000
62.247000
53.217000
66.890000
60.453000
67.133000
62.930000
66.490000
58.877000
55.220000
65.257000
60.370000
56.893000
55.203000
60.917000
54.903000
61.107000
61.857000
65.403000
57.173000
54.250000
59.070000
64.397000
55.390000
58.210000
58.173000
66.203000
63.563000
57.743000
65.663000
67.370000
56.860000
67.853000
61.927000
63.833000
64.487000
61.097000
58.207000
57.617000
64.457000
65.647000
62.400000
51.090000
62.647000
60.647000
58.310000
57.357000
65.220000
65.070000
67.593000
65.380000
62.603000
65.403000
57.360000
61.463000
61.807000
66.490000
60.010000
54.573000
62.317000
64.280000
64.827000
61.167000
50.480000
65.653000
56.067000
56.627000
57.437000
58.113000
62.910000
62.633000
61.190000
64.737000
63.677000
65.570000
55.697000
61.883000
54.343000
59.300000
64.910000
57.347000
55.897000
60.730000
62.970000
58.800000
54.213000
63.543000
57.050000
65.557000
55.977000
61.497000
60.517000
68.640000
59.397000
65.520000
58.627000
61.507000
69.453000
66.127000
62.830000
64.930000
66.213000
53.940000
69.017000
65.027000
56.713000
71.053000
58.873000
62.317000
63.263000
61.660000
57.827000
57.953000
57.473000
64.733000
58.980000
53.470000
64.020000
64.977000
65.207000
62.027000
56.713000
64.860000
57.913000
61.910000
65.340000
56.263000
63.533000
57.940000
62.477000
63.317000
61.683000
63.667000
66.400000
61.400000
59.237000
55.660000
62.230000
56.710000
66.497000
60.207000
60.053000
61.540000
54.963000
62.550000
64.243000
57.683000
67.103000
56.427000
54.817000
57.653000
65.703000
65.117000
63.750000
64.943000
66.927000
59.863000
56.847000
56.640000
64.573000
60.047000
55.223000
65.930000
60.833000
64.190000
62.920000
58.150000
52.540000
53.437000
58.187000
54.953000
65.020000
60.490000
62.657000
68.640000
65.313000
64.690000
65.817000
54.070000
64.140000
57.793000
65.663000
57.047000
61.207000
64.450000
65.597000
63.150000
59.870000
57.653000
67.093000
65.040000
59.537000
57.797000
63.073000
66.620000
55.280000
61.440000
61.237000
66.320000
63.877000
54.557000
64.330000
67.580000
58.500000
64.493000
65.667000
60.400000
61.373000
54.093000
58.580000
53.867000
64.683000
54.577000
69.217000
52.980000
56.793000
65.740000
58.060000
67.167000
60.797000
63.847000
63.833000
55.047000
66.333000
65.953000
58.977000
62.720000
64.213000
59.720000
59.837000
60.373000
62.727000
64.057000
67.077000
55.010000
61.033000
60.030000
62.523000
61.290000
65.017000
65.243000
60.300000
60.703000
64.250000
60.540000
61.897000
55.087000
62.710000
56.947000
65.727000
54.590000
54.307000
62.780000
64.100000
61.703000
63.810000
64.373000
62.723000
64.320000
64.613000
66.893000
62.550000
62.680000
56.840000
65.110000
56.080000
64.560000
66.447000
52.757000
57.640000
63.857000
65.197000
64.367000
62.160000
64.160000
65.067000
63.700000
63.900000
59.043000
64.813000
63.943000
54.117000
58.997000
58.687000
55.940000
65.630000
60.763000
60.540000
55.817000
67.267000
64.103000
62.113000
58.473000
65.380000
57.150000
62.490000
55.903000
69.037000
62.937000
57.297000
60.030000
56.570000
57.433000
59.543000
63.723000
58.910000
59.760000
61.830000
56.997000
62.207000
64.100000
60.750000
65.957000
62.980000
55.023000
61.870000
67.347000
59.883000
64.083000
66.387000
57.260000
67.260000
57.103000
66.397000
53.247000
62.427000
63.263000
59.587000
66.887000
60.727000
55.910000
57.927000
60.587000
66.397000
64.137000
64.957000
57.337000
56.473000
64.860000
62.053000
62.673000
63.893000
58.587000
57.043000
64.477000
59.363000
61.490000
56.657000
58.280000
55.223000
63.880000
56.063000
62.677000
66.167000
65.337000
62.917000
67.397000
61.557000
63.070000
56.390000
58.117000
66.213000
61.270000
58.677000
64.337000
64.093000
57.223000
57.043000
63.553000
64.480000
56.990000
59.187000
66.950000
59.973000
64.010000
59.950000
61.097000
64.520000
65.000000
59.210000
65.890000
59.303000
56.527000
65.010000
59.487000
60.617000
58.333000
64.980000
66.943000
59.637000
66.310000
60.097000
61.000000
55.193000
63.357000
63.337000
54.003000
60.693000
62.750000
62.030000
55.530000
66.443000
66.997000
54.923000
64.983000
67.560000
58.840000
63.623000
63.593000
65.523000
60.067000
66.770000
67.730000
58.567000
60.057000
65.403000
58.820000
59.740000
56.327000
53.373000
67.537000
66.490000
65.940000
65.243000
63.027000
60.813000
64.920000
62.210000
58.320000
62.913000
62.550000
61.877000
66.090000
66.870000
63.527000
63.520000
55.357000
64.470000
58.133000
53.180000
62.750000
65.973000
64.197000
54.237000
60.190000
62.710000
53.353000
68.213000
59.913000
60.093000
53.857000
59.530000
62.870000
58.287000
59.213000
62.097000
67.403000
62.303000
63.627000
60.220000
56.300000
56.127000
60.200000
53.283000
61.237000
67.517000
54.917000
56.557000
64.517000
63.370000
62.147000
65.697000
63.770000
61.453000
60.653000
65.833000
61.047000
58.043000
64.300000
58.870000
67.480000
60.347000
64.633000
64.270000
66.267000
67.040000
62.140000
57.143000
58.440000
65.430000
56.283000
56.873000
59.693000
58.767000
67.803000
61.093000
64.100000
63.903000
67.380000
59.273000
63.597000
61.437000
65.540000
59.930000
64.383000
67.393000
60.950000
62.200000
63.847000
59.190000
59.807000
56.900000
55.800000
54.567000
65.517000
56.210000
61.663000
61.433000
64.103000
57.807000
60.247000
63.040000
61.253000
64.043000
57.533000
59.203000
62.513000
56.640000
63.137000
66.753000
59.367000
66.977000
56.990000
64.027000
60.340000
54.637000
56.483000
65.587000
59.687000
67.817000
61.630000
65.010000
64.887000
62.857000
55.873000
64.980000
57.720000
52.547000
67.353000
58.910000
64.260000
64.200000
65.340000
67.010000
62.350000
65.487000
65.710000
63.607000
62.247000
58.257000
61.157000
62.673000
64.563000
63.907000
65.240000
57.030000
57.477000
61.927000
61.197000
61.910000
64.963000
60.897000
57.540000
61.177000
65.103000
56.520000
54.717000
63.667000
54.193000
63.353000
61.890000
61.013000
66.017000
62.180000
61.567000
64.313000
58.267000
55.353000
67.637000
61.637000
66.000000
66.653000
58.910000
59.323000
55.823000
65.237000
56.100000
64.040000
65.110000
67.473000
55.380000
62.943000
65.117000
65.190000
54.400000
58.943000
62.050000
58.763000
59.380000
64.967000
62.183000
66.250000
65.453000
56.107000
54.623000
66.823000
58.950000
56.147000
67.740000
57.820000
57.320000
59.857000
67.360000
62.937000
59.277000
65.273000
61.987000
61.233000
65.143000
62.073000
59.320000
62.053000
65.040000
65.130000
61.297000
56.960000
64.117000
57.250000
65.337000
58.113000
52.710000
55.930000
63.713000
56.347000
66.587000
52.180000
56.383000
64.083000
63.947000
57.617000
62.313000
63.827000
57.497000
65.913000
57.950000
54.657000
63.990000
63.157000
61.640000
67.407000
60.640000
55.863000
65.643000
57.887000
53.140000
62.397000
64.590000
60.020000
57.377000
63.903000
65.647000
61.210000
63.223000
66.817000
61.627000
61.150000
62.117000
58.020000
62.983000
64.767000
61.603000
65.553000
60.333000
65.463000
69.273000
62.813000
64.873000
60.617000
64.427000
60.003000
41.133000
62.093000
64.587000
58.690000
56.910000
58.667000
67.860000
61.960000
53.947000
63.343000
66.067000
60.927000
63.217000
53.070000
59.777000
62.553000
63.153000
62.537000
57.930000
64.353000
64.550000
63.503000
55.853000
57.290000
67.613000
62.600000
63.977000
63.670000
61.390000
61.097000
53.607000
65.463000
56.390000
61.313000
63.840000
66.047000
68.260000
55.407000
64.067000
63.733000
63.650000
61.133000
66.460000
57.757000
62.947000
64.250000
55.127000
61.453000
64.627000
66.703000
60.833000
69.877000
65.907000
63.870000
59.700000
60.870000
62.687000
66.473000
68.063000
62.447000
66.330000
67.527000
61.773000
65.133000
58.043000
66.740000
61.887000
57.120000
62.397000
66.960000
69.740000
63.087000
65.087000
67.543000
68.323000
63.617000
63.027000
66.387000
66.170000
56.163000
68.290000
68.357000
60.600000
62.980000
66.677000
66.947000
62.023000
64.910000
63.883000
54.313000
58.380000
65.063000
55.307000
56.647000
64.057000
63.597000
60.880000
66.490000
65.077000
65.113000
65.567000
58.920000
54.687000
66.430000
67.493000
56.287000
64.523000
62.610000
63.830000
67.363000
65.257000
64.617000
63.370000
58.667000
63.003000
64.980000
63.987000
63.283000
58.910000
64.357000
64.760000
59.943000
52.363000
54.570000
67.403000
65.173000
58.140000
64.390000
66.253000
67.753000
59.827000
66.690000
59.267000
62.607000
62.797000
62.337000
61.680000
55.170000
64.217000
64.977000
54.147000
58.823000
58.057000
63.610000
58.653000
51.833000
62.707000
63.680000
65.273000
61.727000
60.773000
60.457000
65.820000
58.957000
60.740000
59.313000
61.543000
59.713000
64.070000
59.323000
63.107000
60.203000
65.637000
67.003000
67.283000
64.813000
67.387000
69.197000
57.857000
57.810000
63.767000
57.177000
58.543000
55.173000
55.690000
56.970000
66.547000
60.580000
69.333000
60.457000
66.943000
59.777000
55.400000
56.827000
59.717000
68.370000
66.790000
57.750000
68.070000
64.420000
65.973000
66.507000
60.520000
64.713000
58.627000
55.437000
62.000000
48.300000
58.627000
63.557000
62.820000
59.257000
63.670000
64.023000
63.833000
59.417000
61.413000
67.227000
61.710000
61.607000
64.447000
66.607000
58.527000
58.487000
57.250000
61.680000
65.323000
58.280000
65.003000
65.580000
65.490000
62.857000
60.303000
59.183000
63.780000
56.983000
63.250000
66.207000
63.587000
63.767000
63.487000
56.340000
59.460000
58.347000
62.973000
65.483000
65.177000
61.923000
61.737000
53.997000
64.643000
59.003000
62.250000
56.300000
63.157000
64.970000
59.440000
60.663000
62.850000
61.817000
62.850000
65.280000
60.347000
64.143000
59.287000
64.957000
62.767000
62.503000
66.687000
62.000000
59.530000
64.400000
53.257000
58.833000
53.377000
66.427000
55.510000
54.723000
62.380000
65.880000
58.947000
61.073000
61.453000
58.353000
62.320000
57.093000
65.653000
52.527000
54.583000
62.567000
57.350000
65.647000
64.550000
50.143000
52.317000
65.243000
61.893000
61.717000
61.933000
65.140000
59.967000
58.670000
58.597000
68.240000
67.307000
62.740000
67.530000
58.827000
64.860000
66.480000
60.190000
56.243000
60.500000
56.143000
55.737000
68.297000
60.893000
54.967000
55.100000
63.110000
61.443000
56.700000
62.707000
51.323000
54.463000
55.943000
56.367000
60.177000
62.270000
50.293000
62.690000
54.823000
64.563000
59.187000
55.133000
63.447000
57.683000
60.373000
57.713000
58.570000
64.667000
59.137000
58.837000
60.160000
61.383000
60.810000
65.280000
60.060000
54.607000
64.673000
58.000000
64.330000
55.373000
63.040000
66.297000
57.867000
54.817000
70.543000
51.567000
62.090000
62.980000
65.793000
64.377000
53.870000
58.003000
53.857000
57.040000
64.960000
55.773000
61.203000
62.990000
58.517000
66.167000
59.053000
61.390000
63.473000
56.370000
63.067000
63.687000
54.580000
53.943000
64.747000
64.317000
57.693000
55.787000
56.453000
62.370000
58.783000
56.650000
64.760000
59.963000
56.657000
63.640000
62.657000
62.590000
63.553000
64.093000
63.840000
63.800000
65.277000
64.363000
52.893000
64.503000
57.643000
63.090000
57.253000
62.873000
66.087000
59.443000
56.417000
56.117000
57.230000
63.363000
65.197000
56.437000
56.323000
61.027000
63.960000
59.297000
66.250000
63.263000
58.533000
64.467000
60.393000
55.017000
60.163000
52.743000
62.117000
64.140000
55.537000
62.200000
66.483000
57.393000
64.690000
67.243000
65.900000
65.557000
62.590000
68.683000
54.503000
64.423000
66.313000
58.150000
57.793000
67.553000
59.860000
62.137000
61.433000
64.873000
64.753000
58.773000
53.003000
64.107000
64.033000
63.630000
56.613000
63.477000
65.593000
68.780000
53.117000
58.693000
63.397000
61.343000
58.763000
61.403000
64.223000
59.837000
61.150000
60.273000
57.290000
58.640000
67.423000
57.307000
65.587000
67.617000
60.667000
62.233000
59.980000
65.633000
66.277000
58.780000
64.953000
54.860000
66.397000
61.637000
62.983000
55.760000
66.427000
63.367000
67.373000
65.033000
65.137000
64.673000
66.230000
63.480000
56.293000
57.947000
57.373000
57.263000
62.150000
56.757000
65.593000
64.570000
61.167000
62.243000
62.873000
56.553000
62.727000
64.477000
65.647000
63.703000
59.700000
57.087000
65.027000
58.243000
68.460000
63.357000
64.770000
65.033000
62.053000
62.740000
60.743000
64.300000
60.830000
67.787000
63.097000
66.710000
66.390000
63.450000
60.827000
63.497000
62.013000
56.877000
59.697000
61.363000
64.270000
55.857000
66.473000
64.730000
66.160000
67.137000
56.330000
56.887000
63.750000
59.210000
65.477000
61.527000
63.523000
66.827000
55.557000
59.457000
63.033000
62.893000
62.880000
64.443000
67.807000
54.123000
64.420000
62.430000
54.423000
58.420000
56.867000
63.033000
60.783000
67.937000
57.027000
62.747000
66.097000
57.093000
58.053000
66.657000
59.710000
61.533000
56.990000
65.123000
65.787000
54.200000
55.493000
53.703000
63.590000
60.610000
65.777000
55.877000
66.143000
63.227000
68.280000
62.563000
62.963000
53.070000
67.207000
59.270000
54.697000
59.540000
65.477000
62.267000
57.797000
67.717000
63.697000
54.270000
55.907000
64.390000
54.967000
63.350000
60.320000
59.197000
62.920000
67.257000
57.303000
55.897000
64.870000
63.653000
54.823000
67.207000
61.583000
57.600000
61.140000
57.693000
67.643000
65.073000
63.527000
67.003000
59.517000
62.580000
66.873000
56.243000
68.037000
62.407000
63.907000
67.790000
66.580000
66.673000
63.933000
65.670000
61.723000
64.260000
62.477000
57.713000
58.203000
61.370000
58.943000
68.047000
61.043000
57.290000
55.750000
64.693000
55.053000
56.427000
65.690000
60.007000
57.957000
63.977000
67.513000
69.973000
62.643000
56.233000
64.733000
67.390000
67.973000
56.767000
58.193000
66.743000
65.620000
62.700000
65.457000
60.213000
68.457000
53.100000
62.697000
67.547000
67.753000
62.043000
55.090000
56.477000
60.137000
63.487000
59.367000
64.880000
56.810000
58.773000
65.260000
66.223000
58.440000
64.413000
65.003000
55.267000
61.780000
58.287000
61.173000
62.327000
57.040000
63.953000
56.977000
65.467000
64.813000
63.343000
68.547000
63.243000
66.223000
66.650000
62.443000
65.463000
66.530000
64.310000
56.857000
65.650000
60.247000
68.483000
55.207000
65.207000
66.530000
63.683000
63.313000
63.210000
59.903000
62.937000
64.287000
59.800000
54.217000
53.840000
63.000000
61.400000
61.083000
65.350000
62.687000
65.903000
58.963000
61.740000
61.467000
64.027000
58.510000
65.597000
57.507000
66.687000
64.400000
62.983000
67.987000
65.243000
66.853000
66.187000
58.013000
55.683000
64.047000
67.563000
56.870000
62.090000
57.130000
62.060000
66.400000
60.020000
58.673000
60.037000
66.727000
60.747000
62.343000
53.940000
55.090000
57.977000
58.943000
57.440000
65.957000
65.633000
60.307000
61.843000
64.397000
65.943000
68.080000
61.073000
55.170000
62.513000
68.047000
61.817000
66.043000
66.560000
60.057000
64.357000
58.567000
66.427000
61.017000
54.760000
62.493000
61.697000
58.310000
61.193000
55.980000
65.750000
54.627000
56.470000
57.037000
57.923000
60.057000
62.240000
62.200000
65.707000
60.057000
65.273000
68.090000
65.430000
56.227000
64.223000
64.420000
63.193000
64.310000
58.483000
62.697000
62.560000
64.717000
69.237000
65.630000
68.943000
56.483000
64.567000
64.983000
59.803000
65.840000
59.767000
56.567000
64.917000
65.503000
66.020000
60.897000
62.853000
59.137000
64.623000
61.977000
65.780000
57.090000
66.980000
64.427000
58.980000
58.630000
59.750000
60.070000
59.463000
63.297000
66.687000
64.460000
55.470000
65.593000
60.943000
56.017000
67.393000
66.753000
55.550000
64.190000
65.973000
67.077000
66.700000
56.280000
56.920000
65.597000
61.377000
65.130000
63.500000
59.137000
60.813000
58.087000
59.187000
60.947000
62.350000
65.767000
66.010000
66.777000
64.050000
56.847000
66.043000
59.347000
60.667000
63.683000
59.787000
56.093000
61.943000
55.050000
53.513000
62.707000
65.720000
62.077000
56.070000
66.570000
59.933000
60.387000
60.893000
66.290000
56.887000
58.470000
57.247000
67.070000
55.300000
65.763000
63.260000
68.277000
56.367000
55.527000
64.560000
55.343000
62.720000
57.907000
59.523000
66.083000
65.720000
65.247000
65.730000
60.857000
61.543000
55.720000
58.730000
59.810000
64.217000
66.547000
60.627000
63.663000
65.407000
60.413000
59.297000
54.993000
65.103000
66.420000
61.060000
62.433000
64.967000
60.177000
63.367000
69.617000
65.707000
65.290000
69.420000
65.143000
63.683000
57.753000
64.113000
64.043000
66.960000
62.763000
58.070000
60.680000
67.550000
65.657000
56.620000
56.150000
67.893000
57.610000
62.220000
64.693000
58.817000
64.827000
56.300000
66.077000
62.010000
55.517000
64.627000
68.360000
54.937000
63.510000
67.880000
59.157000
66.343000
67.463000
67.860000
59.150000
62.430000
60.643000
63.630000
62.553000
63.200000
66.467000
62.480000
55.580000
59.917000
57.530000
62.447000
58.557000
53.187000
63.900000
58.313000
62.627000
60.197000
64.070000
58.607000
63.623000
66.843000
66.893000
58.287000
62.540000
64.320000
65.933000
67.583000
54.363000
56.337000
66.967000
59.303000
55.343000
64.670000
54.717000
53.857000
55.303000
60.497000
59.423000
60.107000
54.850000
67.010000
66.357000
54.587000
67.960000
64.483000
66.340000
56.893000
65.130000
62.190000
51.733000
63.117000
59.267000
56.477000
64.027000
66.810000
64.657000
64.200000
54.800000
58.603000
63.930000
65.933000
58.103000
63.170000
67.110000
60.263000
66.600000
66.777000
60.017000
65.933000
65.563000
55.893000
64.490000
58.793000
61.303000
56.580000
54.633000
63.797000
65.330000
64.600000
56.083000
65.660000
64.007000
61.580000
62.133000
63.617000
60.880000
55.140000
58.567000
59.077000
66.443000
60.410000
56.740000
56.797000
67.307000
61.640000
67.983000
68.867000
62.273000
64.417000
64.013000
65.593000
62.510000
62.813000
66.100000
65.083000
55.937000
62.943000
56.350000
67.233000
56.053000
60.167000
57.667000
64.650000
67.803000
64.370000
58.057000
67.043000
56.417000
62.700000
60.163000
59.890000
68.167000
60.130000
60.653000
65.720000
68.283000
60.657000
65.067000
64.933000
64.580000
60.607000
64.040000
66.703000
69.013000
62.530000
64.853000
65.493000
61.823000
61.580000
59.147000
56.157000
59.967000
63.527000
65.647000
63.650000
54.593000
65.420000
55.347000
59.630000
54.367000
61.710000
64.973000
65.140000
68.077000
67.897000
64.200000
64.353000
58.960000
65.473000
66.990000
62.043000
63.373000
66.970000
62.880000
62.220000
66.400000
64.423000
55.997000
63.427000
59.727000
60.253000
59.767000
68.007000
63.670000
66.920000
58.873000
62.567000
58.640000
59.757000
58.530000
54.777000
67.350000
59.377000
62.663000
58.647000
64.403000
61.737000
57.360000
66.603000
65.567000
68.177000
64.437000
57.973000
63.177000
54.620000
58.497000
65.000000
66.143000
63.003000
63.930000
56.830000
57.560000
58.527000
57.100000
63.130000
64.703000
59.900000
61.433000
55.227000
54.957000
66.710000
66.170000
65.787000
67.330000
62.603000
63.140000
53.100000
62.330000
62.713000
57.260000
64.590000
57.270000
61.343000
58.767000
58.473000
63.497000
65.247000
65.500000
53.947000
63.113000
63.230000
64.497000
60.427000
55.910000
66.773000
67.633000
57.830000
67.257000
56.320000
56.353000
61.640000
65.190000
55.780000
63.233000
67.773000
54.940000
56.900000
51.903000
65.327000
67.893000
56.717000
55.423000
65.813000
60.257000
59.243000
61.987000
65.073000
60.703000
57.003000
65.507000
67.983000
63.407000
67.913000
67.880000
60.790000
64.087000
65.160000
65.967000
56.590000
57.383000
68.783000
67.380000
60.733000
65.753000
62.433000
59.993000
63.467000
62.987000
62.590000
67.623000
63.860000
61.013000
59.477000
65.983000
56.570000
64.337000
65.250000
64.950000
52.720000
60.923000
59.853000
64.873000
67.650000
63.837000
54.770000
60.307000
58.723000
57.050000
65.953000
62.450000
63.943000
55.897000
56.447000
67.530000
61.687000
65.420000
52.440000
63.687000
67.623000
64.660000
58.060000
58.200000
59.130000
56.500000
66.237000
68.223000
66.820000
54.917000
66.643000
66.007000
64.690000
58.700000
60.170000
62.277000
62.330000
57.557000
66.360000
61.570000
65.597000
65.337000
68.043000
61.653000
63.120000
65.420000
60.087000
57.783000
61.553000
53.373000
57.913000
58.017000
56.563000
65.363000
65.413000
60.873000
54.630000
53.337000
65.550000
62.187000
65.597000
63.460000
57.773000
61.960000
63.730000
57.717000
64.827000
65.500000
64.533000
65.813000
57.673000
66.817000
64.253000
60.520000
61.230000
62.620000
66.937000
61.807000
56.313000
65.887000
66.190000
58.883000
60.533000
65.873000
65.597000
65.380000
57.343000
58.840000
66.363000
60.063000
61.467000
65.377000
58.370000
64.057000
58.587000
57.110000
63.767000
66.367000
57.933000
62.850000
67.073000
55.950000
66.847000
58.893000
65.573000
64.753000
66.040000
64.033000
63.123000
60.230000
61.940000
55.847000
57.283000
58.240000
61.887000
57.873000
58.037000
60.997000
63.240000
56.910000
60.390000
55.640000
64.997000
56.103000
67.147000
64.483000
67.420000
54.993000
66.257000
64.520000
60.280000
63.637000
64.353000
64.570000
62.317000
64.637000
63.463000
61.630000
66.323000
63.713000
64.657000
65.380000
61.043000
59.290000
59.010000
54.170000
63.230000
62.630000
57.050000
55.327000
62.770000
53.990000
62.703000
63.727000
58.057000
69.387000
64.690000
53.983000
55.003000
64.330000
61.140000
58.043000
54.950000
63.743000
66.150000
58.647000
61.637000
64.870000
57.290000
66.167000
63.590000
62.450000
62.950000
57.897000
66.823000
54.870000
66.567000
60.633000
55.413000
55.507000
68.253000
57.297000
51.510000
65.397000
61.340000
60.253000
57.460000
68.027000
65.830000
60.920000
66.560000
57.307000
59.123000
60.317000
62.447000
65.603000
58.490000
61.323000
55.017000
61.710000
62.180000
63.610000
63.010000
62.033000
61.050000
62.007000
57.903000
63.610000
58.690000
63.143000
61.280000
66.287000
60.743000
63.223000
58.123000
67.867000
53.153000
66.190000
56.503000
56.510000
64.247000
67.257000
56.227000
52.960000
57.940000
64.237000
64.420000
62.027000
64.637000
65.650000
67.527000
66.860000
65.910000
57.640000
61.843000
65.513000
59.157000
61.160000
62.557000
55.827000
65.877000
54.930000
63.670000
65.800000
56.827000
64.333000
62.517000
67.250000
58.830000
61.610000
66.303000
56.723000
63.070000
59.570000
66.320000
66.220000
55.557000
59.980000
66.213000
55.170000
58.567000
54.087000
63.387000
60.000000
61.363000
57.127000
58.507000
58.283000
57.983000
61.217000
51.847000
68.167000
65.793000
61.240000
59.517000
67.313000
66.950000
62.930000
65.667000
66.100000
55.420000
58.400000
67.433000
59.387000
63.193000
54.557000
65.620000
60.547000
55.943000
63.187000
60.793000
63.407000
53.637000
51.637000
65.560000
61.080000
64.540000
61.947000
61.473000
66.730000
54.853000
51.290000
60.883000
59.503000
53.540000
56.887000
56.210000
57.537000
64.597000
64.180000
58.913000
62.817000
65.690000
64.647000
62.300000
61.257000
54.507000
69.120000
65.743000
64.257000
64.363000
62.183000
58.943000
66.387000
56.303000
62.360000
54.513000
65.013000
63.977000
63.780000
67.603000
62.050000
58.003000
61.277000
64.677000
64.320000
66.863000
68.357000
64.563000
65.980000
65.973000
60.357000
58.380000
52.630000
63.100000
55.620000
65.300000
66.260000
63.090000
57.420000
51.920000
67.790000
60.460000
63.127000
63.953000
67.573000
55.920000
69.607000
67.030000
67.453000
55.910000
57.897000
64.937000
64.180000
55.373000
70.757000
65.267000
65.840000
69.980000
66.370000
62.993000
59.640000
57.610000
63.100000
58.503000
62.377000
60.253000
58.200000
59.333000
61.700000
59.603000
61.430000
65.173000
62.360000
62.497000
55.270000
67.680000
55.200000
64.447000
58.377000
67.673000
67.033000
65.347000
67.967000
58.960000
65.787000
62.977000
66.030000
63.360000
62.963000
57.207000
62.513000
65.577000
62.313000
66.290000
54.623000
61.870000
67.043000
67.110000
65.897000
67.180000
60.030000
63.677000
65.610000
52.807000
63.990000
62.277000
56.453000
64.457000
67.053000
64.123000
58.027000
63.837000
57.970000
61.593000
62.380000
64.850000
66.037000
54.687000
57.330000
63.563000
59.527000
64.637000
57.973000
59.077000
66.040000
63.150000
65.947000
66.293000
55.843000
64.747000
67.740000
59.877000
57.190000
57.500000
67.157000
55.733000
62.920000
63.783000
52.170000
66.550000
61.450000
58.240000
61.817000
62.313000
64.047000
57.530000
54.243000
59.217000
66.317000
65.407000
58.990000
63.183000
64.383000
59.933000
64.640000
60.110000
66.273000
61.827000
62.363000
67.890000
63.550000
65.793000
65.710000
61.663000
64.093000
65.853000
65.803000
52.343000
62.797000
62.270000
65.833000
62.093000
59.377000
64.317000
54.883000
59.437000
65.283000
60.300000
59.213000
56.060000
55.697000
58.653000
64.793000
59.460000
54.590000
61.730000
55.537000
65.640000
67.123000
63.560000
58.537000
65.280000
65.420000
61.540000
56.240000
64.637000
60.040000
63.417000
56.093000
63.433000
55.370000
63.653000
60.110000
54.960000
64.337000
59.967000
67.083000
63.073000
60.217000
61.460000
62.413000
57.970000
59.313000
59.460000
63.217000
56.040000
58.273000
64.760000
56.683000
57.903000
64.887000
55.973000
62.940000
64.297000
58.620000
64.550000
60.583000
54.447000
66.580000
55.490000
57.283000
65.720000
54.983000
57.360000
58.710000
56.150000
64.800000
59.300000
64.727000
67.600000
68.197000
69.583000
64.413000
56.997000
66.153000
58.007000
62.527000
59.810000
60.850000
57.333000
67.443000
67.350000
63.407000
62.923000
58.030000
56.523000
58.070000
59.753000
65.947000
57.210000
61.587000
56.673000
64.593000
58.700000
63.680000
65.260000
67.140000
55.417000
64.033000
55.557000
66.807000
63.500000
66.440000
67.617000
62.703000
65.170000
65.437000
62.913000
65.117000
61.897000
63.237000
56.753000
65.667000
56.053000
58.520000
65.767000
64.070000
63.867000
66.233000
59.647000
63.923000
67.473000
56.407000
65.533000
56.477000
56.123000
60.803000
63.283000
68.890000
52.167000
64.787000
64.303000
68.993000
69.077000
63.633000
61.567000
60.497000
60.093000
63.517000
54.543000
65.387000
66.960000
57.010000
56.650000
60.327000
64.120000
66.213000
66.590000
62.120000
63.670000
55.207000
63.993000
62.080000
61.493000
61.433000
58.257000
63.113000
58.010000
68.177000
67.003000
63.903000
65.930000
54.520000
61.390000
61.410000
61.970000
60.843000
57.817000
54.827000
58.243000
55.927000
64.443000
56.153000
65.280000
52.937000
63.817000
51.263000
61.777000
65.830000
60.067000
55.737000
66.207000
64.697000
59.753000
60.833000
56.837000
66.627000
68.023000
63.870000
57.340000
64.980000
60.963000
55.343000
62.990000
66.380000
68.823000
53.107000
56.580000
60.657000
59.250000
53.690000
63.033000
65.470000
56.217000
55.770000
