88.060000
63.257000
85.753000
71.777000
75.540000
88.817000
88.777000
85.523000
69.657000
88.057000
90.293000
87.423000
89.550000
69.540000
76.267000
73.827000
66.630000
75.990000
88.827000
79.473000
73.560000
75.097000
75.660000
72.493000
88.880000
76.557000
88.533000
88.143000
85.160000
76.543000
88.690000
88.667000
78.950000
72.843000
70.567000
85.030000
91.040000
84.943000
68.230000
89.477000
75.717000
89.607000
82.637000
88.557000
89.240000
78.410000
85.697000
87.043000
71.513000
91.167000
82.353000
74.117000
69.233000
61.697000
89.673000
87.327000
86.497000
89.727000
85.737000
88.807000
70.753000
87.533000
88.763000
89.710000
77.960000
69.023000
84.340000
89.157000
78.900000
74.850000
70.567000
77.723000
60.717000
77.043000
77.283000
78.487000
86.850000
86.607000
88.540000
86.660000
85.913000
72.150000
88.193000
85.013000
77.277000
87.303000
73.377000
73.350000
74.980000
73.937000
86.343000
87.983000
85.253000
76.900000
78.113000
86.877000
68.353000
85.150000
73.283000
67.003000
88.233000
88.597000
77.223000
85.110000
89.443000
68.653000
84.977000
85.713000
87.720000
86.413000
74.930000
89.830000
87.920000
79.807000
88.213000
87.680000
87.810000
74.113000
77.820000
88.140000
71.767000
73.473000
87.007000
86.930000
89.930000
90.250000
89.740000
76.407000
65.783000
85.427000
88.883000
88.903000
71.187000
91.097000
87.237000
79.710000
89.433000
85.537000
90.510000
72.233000
87.447000
87.113000
78.110000
88.337000
76.080000
74.980000
88.567000
74.957000
75.893000
85.210000
68.750000
88.733000
84.553000
74.737000
75.023000
88.013000
90.687000
69.993000
74.407000
87.593000
89.277000
85.353000
90.723000
73.310000
89.453000
71.300000
90.820000
76.197000
86.937000
89.453000
88.270000
78.100000
69.250000
69.810000
88.133000
85.883000
86.887000
88.320000
86.767000
88.880000
69.867000
88.410000
85.360000
89.310000
86.900000
86.180000
85.253000
89.477000
70.713000
88.170000
87.983000
89.083000
70.120000
89.880000
74.077000
70.963000
75.310000
87.010000
69.177000
89.927000
74.947000
88.673000
86.247000
90.213000
80.063000
72.660000
88.493000
78.867000
85.417000
76.383000
86.470000
87.573000
91.247000
88.853000
90.820000
85.793000
72.637000
85.943000
88.223000
85.827000
76.497000
65.260000
87.770000
74.760000
75.680000
75.510000
87.550000
89.917000
66.280000
74.490000
89.593000
74.253000
86.573000
88.643000
81.570000
87.750000
89.097000
86.687000
84.623000
86.577000
68.520000
73.287000
86.210000
74.390000
90.630000
69.123000
76.867000
87.133000
85.143000
63.173000
87.693000
86.930000
88.663000
84.210000
76.010000
68.030000
70.867000
74.900000
87.433000
76.040000
69.523000
68.497000
63.283000
69.957000
88.353000
87.823000
84.933000
78.287000
68.427000
72.253000
85.000000
90.977000
89.200000
66.343000
91.993000
67.590000
71.317000
76.760000
79.883000
88.463000
76.883000
86.123000
92.170000
88.567000
73.203000
66.987000
83.600000
77.850000
72.930000
88.293000
85.090000
88.663000
85.540000
89.443000
88.357000
87.157000
92.000000
79.383000
88.270000
88.523000
85.740000
87.003000
68.543000
76.813000
88.640000
81.397000
66.257000
72.940000
85.907000
90.030000
86.100000
88.997000
63.017000
67.147000
73.760000
67.350000
76.017000
87.853000
87.013000
85.530000
67.987000
61.573000
69.090000
85.923000
86.117000
89.960000
87.153000
88.740000
68.630000
73.120000
87.910000
73.340000
77.797000
71.503000
90.720000
74.553000
64.057000
68.690000
66.947000
74.200000
89.147000
67.203000
71.780000
77.023000
88.147000
73.493000
87.813000
85.473000
76.480000
87.097000
66.233000
59.863000
90.040000
88.510000
72.777000
74.803000
87.030000
75.133000
86.253000
90.727000
78.890000
76.237000
73.753000
86.827000
87.710000
88.357000
82.443000
72.903000
73.210000
84.287000
72.110000
62.457000
84.873000
84.540000
86.910000
88.173000
69.993000
88.797000
74.427000
87.203000
78.053000
75.433000
72.537000
78.713000
74.623000
91.037000
87.120000
87.407000
85.973000
73.857000
73.953000
72.963000
85.647000
78.563000
71.587000
73.800000
87.583000
71.377000
86.440000
68.767000
73.117000
87.563000
66.577000
74.063000
67.487000
89.353000
60.190000
77.700000
89.023000
76.300000
85.893000
88.810000
85.307000
88.613000
87.180000
87.213000
76.120000
88.533000
87.093000
67.690000
68.300000
89.717000
85.490000
88.253000
86.303000
88.727000
71.833000
74.017000
75.960000
87.303000
89.847000
85.020000
87.370000
67.583000
86.513000
86.053000
86.363000
72.557000
90.033000
88.183000
66.333000
89.503000
76.123000
72.253000
78.277000
75.667000
74.183000
88.550000
73.787000
90.263000
74.973000
77.707000
75.110000
90.870000
88.203000
65.260000
74.037000
79.147000
76.603000
77.450000
87.227000
92.663000
79.370000
79.253000
78.403000
74.100000
90.473000
61.640000
91.517000
68.747000
90.163000
89.890000
82.563000
89.647000
88.797000
75.770000
77.007000
87.550000
70.593000
86.443000
89.927000
76.650000
86.017000
73.573000
69.020000
87.717000
64.013000
73.590000
72.770000
75.467000
91.253000
88.560000
73.383000
69.823000
76.277000
79.157000
86.297000
88.220000
81.553000
67.440000
70.510000
66.037000
75.403000
88.533000
89.720000
79.103000
90.927000
91.680000
73.217000
75.977000
68.260000
89.280000
92.923000
73.370000
77.370000
70.920000
89.643000
89.243000
87.923000
86.487000
85.477000
76.693000
71.960000
87.493000
78.727000
91.140000
88.253000
89.703000
67.750000
74.197000
79.303000
90.100000
86.047000
72.833000
82.550000
76.247000
86.803000
71.647000
86.147000
90.263000
64.060000
87.043000
89.587000
89.667000
89.997000
88.343000
71.743000
88.790000
88.577000
75.230000
89.140000
67.913000
70.683000
93.150000
87.930000
75.320000
62.430000
72.963000
89.743000
78.160000
89.053000
78.267000
85.087000
73.940000
87.423000
90.250000
62.833000
87.433000
88.613000
86.320000
85.640000
85.770000
90.073000
85.843000
74.710000
86.613000
72.490000
65.740000
90.730000
88.913000
86.163000
70.960000
79.923000
65.513000
66.307000
85.353000
77.910000
83.970000
69.937000
89.653000
90.037000
85.357000
70.217000
91.490000
65.723000
75.267000
89.477000
72.780000
88.377000
70.547000
88.500000
88.173000
75.830000
90.237000
85.720000
67.453000
71.977000
89.280000
88.680000
87.110000
75.423000
62.887000
67.373000
77.310000
88.980000
76.400000
86.980000
74.897000
87.060000
68.403000
85.677000
91.873000
64.213000
59.390000
86.500000
88.883000
86.083000
68.487000
77.210000
75.913000
86.490000
90.343000
86.447000
78.000000
88.090000
87.633000
87.667000
90.563000
73.793000
88.690000
87.767000
74.370000
76.420000
89.630000
87.297000
76.667000
68.470000
89.760000
91.003000
89.740000
88.540000
86.877000
87.197000
86.990000
88.197000
78.110000
75.087000
75.707000
89.710000
84.963000
89.283000
82.967000
74.033000
74.423000
74.547000
73.037000
74.730000
86.717000
86.363000
86.590000
74.033000
89.370000
75.580000
89.773000
88.493000
87.130000
73.177000
85.287000
89.793000
76.357000
87.023000
86.583000
82.370000
91.340000
88.307000
72.503000
87.123000
88.337000
86.433000
78.207000
77.823000
90.613000
76.347000
88.277000
90.997000
72.063000
90.627000
69.113000
88.030000
65.650000
88.437000
81.407000
88.607000
88.143000
75.793000
89.027000
71.590000
73.520000
87.147000
71.857000
84.820000
87.520000
88.357000
88.667000
85.580000
85.587000
78.853000
74.963000
78.083000
78.450000
80.523000
69.477000
78.053000
87.397000
71.423000
74.190000
87.737000
87.593000
68.160000
89.947000
88.853000
85.450000
78.643000
84.503000
76.270000
87.433000
87.640000
89.567000
72.380000
73.257000
71.740000
70.077000
74.107000
64.750000
74.070000
62.083000
88.177000
75.517000
71.940000
86.373000
70.053000
78.377000
91.377000
71.613000
72.193000
91.070000
91.320000
89.650000
89.840000
73.190000
90.250000
88.623000
77.373000
74.183000
88.027000
78.217000
88.123000
69.143000
87.740000
75.620000
91.557000
90.103000
89.987000
85.743000
90.130000
70.793000
88.900000
88.537000
92.317000
85.800000
87.750000
88.170000
87.140000
88.150000
74.340000
73.723000
87.380000
89.480000
79.467000
88.950000
87.773000
86.810000
75.337000
86.073000
90.993000
72.103000
79.230000
74.320000
88.890000
68.597000
89.310000
89.657000
87.377000
72.143000
87.283000
83.990000
85.810000
89.560000
89.083000
70.233000
85.157000
73.570000
88.863000
74.740000
88.477000
70.937000
68.377000
88.833000
90.077000
85.387000
75.633000
87.080000
88.863000
89.170000
73.170000
74.997000
87.190000
87.290000
87.307000
90.577000
73.110000
89.730000
65.600000
89.143000
69.930000
72.720000
64.560000
90.183000
89.793000
72.490000
88.607000
72.043000
89.143000
73.847000
85.127000
87.777000
87.553000
88.627000
75.680000
88.640000
89.293000
72.343000
78.577000
85.183000
72.683000
84.427000
89.660000
79.273000
90.083000
76.260000
80.400000
90.203000
70.387000
86.497000
87.330000
89.020000
90.297000
65.120000
86.703000
89.833000
78.340000
75.097000
68.977000
73.030000
74.793000
89.393000
77.280000
88.610000
78.967000
87.600000
88.293000
86.167000
66.380000
76.673000
87.253000
73.127000
84.250000
85.240000
87.007000
63.223000
74.497000
86.693000
76.877000
76.767000
75.840000
87.863000
88.110000
90.240000
90.630000
87.760000
80.927000
86.840000
87.610000
88.093000
77.853000
76.543000
73.823000
89.443000
73.727000
88.770000
85.440000
71.563000
85.693000
75.933000
89.883000
84.100000
87.180000
85.900000
75.870000
79.423000
86.320000
75.190000
88.380000
88.887000
88.660000
86.190000
89.087000
64.160000
68.500000
75.087000
75.977000
81.720000
70.210000
73.283000
90.660000
88.210000
88.990000
83.937000
88.313000
86.240000
84.890000
89.883000
89.097000
75.820000
87.143000
78.560000
85.020000
88.370000
80.830000
86.057000
69.230000
87.857000
74.867000
79.243000
85.027000
87.700000
75.213000
74.017000
88.533000
89.747000
88.950000
87.767000
87.207000
92.090000
86.117000
88.830000
85.467000
90.487000
84.350000
89.610000
86.537000
88.003000
88.537000
87.227000
87.907000
72.760000
77.843000
75.273000
77.010000
71.593000
73.407000
86.780000
89.187000
87.283000
89.137000
89.013000
73.080000
77.153000
88.250000
85.377000
75.783000
86.743000
88.387000
87.683000
73.417000
79.350000
87.660000
88.733000
73.137000
89.440000
77.667000
66.723000
73.877000
67.997000
79.573000
88.010000
74.293000
74.253000
89.247000
86.690000
89.170000
76.133000
89.253000
89.140000
88.830000
86.983000
70.440000
74.183000
74.653000
71.207000
87.877000
86.890000
88.233000
65.293000
87.840000
76.580000
86.513000
85.563000
85.593000
85.507000
84.797000
89.957000
86.430000
88.607000
80.130000
79.370000
86.647000
67.260000
75.167000
85.893000
77.133000
86.237000
73.947000
86.517000
71.037000
86.490000
88.813000
75.910000
74.993000
72.317000
88.960000
66.620000
89.923000
76.463000
86.870000
66.390000
87.983000
87.903000
87.847000
80.320000
87.860000
87.567000
91.753000
89.080000
87.870000
87.067000
76.850000
84.277000
85.813000
72.923000
86.037000
87.733000
85.703000
86.940000
86.280000
88.393000
88.297000
76.070000
87.440000
89.160000
71.290000
88.557000
74.493000
90.837000
85.713000
74.370000
90.047000
75.500000
69.627000
90.737000
79.717000
89.527000
86.973000
86.267000
87.947000
64.597000
64.973000
68.820000
89.770000
73.247000
75.223000
76.827000
75.547000
71.717000
88.857000
84.023000
87.753000
69.417000
87.760000
74.940000
90.060000
77.140000
71.107000
62.670000
85.967000
86.830000
75.433000
84.260000
86.780000
70.773000
89.853000
77.033000
87.683000
89.113000
73.627000
88.900000
72.947000
88.080000
87.157000
75.723000
88.840000
66.450000
74.000000
88.450000
75.073000
87.670000
75.913000
87.167000
88.613000
89.533000
89.177000
80.013000
65.227000
90.997000
89.927000
89.970000
73.887000
79.347000
90.123000
68.470000
87.637000
73.987000
92.543000
76.190000
89.897000
79.960000
88.223000
72.020000
80.787000
79.733000
89.597000
77.927000
79.070000
68.943000
72.880000
85.690000
88.623000
92.150000
74.750000
80.257000
66.750000
72.997000
89.723000
75.987000
71.957000
91.093000
75.183000
72.240000
89.883000
72.737000
91.213000
67.350000
80.510000
77.730000
66.627000
89.043000
72.007000
70.553000
86.600000
88.877000
87.557000
87.200000
72.650000
90.937000
71.800000
92.173000
64.507000
72.933000
78.133000
76.440000
78.273000
92.557000
71.243000
73.483000
88.770000
88.180000
88.247000
78.697000
73.180000
68.417000
74.733000
75.490000
71.760000
87.530000
88.910000
88.920000
71.223000
91.000000
80.570000
76.813000
62.473000
91.080000
74.410000
74.177000
91.207000
71.830000
64.193000
74.890000
86.640000
92.777000
78.167000
90.760000
76.587000
94.203000
69.603000
90.670000
74.993000
94.293000
90.033000
63.450000
74.033000
90.830000
63.650000
91.007000
90.767000
71.493000
75.997000
89.130000
75.370000
76.313000
75.987000
77.950000
91.067000
79.257000
66.027000
75.487000
89.603000
75.233000
77.533000
87.993000
79.323000
71.693000
89.817000
77.873000
67.433000
78.217000
91.527000
87.880000
75.207000
75.883000
88.513000
67.500000
74.900000
74.077000
89.883000
81.153000
64.550000
88.967000
78.310000
77.030000
77.920000
75.937000
70.240000
77.940000
77.303000
73.543000
90.427000
74.650000
89.637000
73.533000
76.527000
88.920000
76.510000
75.393000
79.077000
78.277000
77.973000
72.573000
88.967000
65.353000
78.160000
77.970000
81.677000
76.520000
77.787000
78.460000
79.507000
88.543000
90.883000
82.840000
86.333000
74.830000
77.137000
90.770000
76.347000
91.267000
89.267000
90.987000
72.300000
76.167000
90.380000
84.320000
90.103000
86.627000
90.797000
74.143000
88.517000
87.767000
75.703000
90.143000
73.033000
80.197000
80.220000
89.383000
91.067000
75.170000
75.870000
76.967000
91.593000
73.443000
76.500000
76.517000
69.070000
89.077000
78.683000
89.203000
89.140000
75.080000
68.063000
89.310000
88.920000
73.793000
86.313000
75.067000
81.147000
89.807000
88.090000
88.603000
91.380000
90.283000
78.180000
75.823000
70.860000
91.510000
70.667000
73.870000
72.260000
80.977000
87.837000
93.277000
70.693000
79.550000
77.910000
78.733000
64.697000
75.270000
72.120000
90.850000
89.797000
73.787000
90.277000
79.693000
88.827000
74.810000
75.993000
67.423000
74.820000
75.090000
89.220000
81.067000
75.660000
76.640000
75.470000
68.773000
67.110000
72.303000
75.903000
77.470000
76.830000
89.300000
77.490000
75.573000
68.050000
78.150000
68.597000
73.080000
69.640000
70.057000
69.773000
68.117000
89.127000
74.340000
73.260000
75.040000
89.133000
82.017000
77.320000
72.930000
74.940000
73.740000
86.460000
78.800000
88.263000
77.007000
88.017000
74.007000
77.073000
86.730000
78.247000
87.730000
75.753000
77.260000
77.420000
62.280000
77.423000
76.713000
81.807000
88.417000
86.993000
90.020000
91.073000
81.420000
66.010000
85.050000
92.450000
78.937000
68.690000
72.867000
72.680000
92.050000
90.797000
74.540000
85.897000
77.487000
87.690000
69.477000
76.980000
76.307000
89.347000
78.443000
73.857000
90.797000
73.903000
82.850000
69.883000
86.820000
91.100000
74.063000
87.807000
65.587000
87.663000
72.267000
90.627000
79.847000
76.347000
86.470000
66.327000
77.600000
77.677000
77.940000
79.530000
80.903000
92.590000
77.890000
69.530000
81.883000
86.767000
78.083000
88.720000
87.960000
71.387000
89.653000
87.973000
82.760000
86.867000
74.287000
86.667000
89.040000
77.677000
75.393000
86.570000
89.217000
71.533000
77.677000
59.017000
62.793000
88.973000
78.097000
71.657000
75.290000
79.060000
66.643000
89.493000
76.393000
72.940000
75.370000
75.750000
67.913000
79.670000
71.470000
80.583000
69.347000
89.130000
92.080000
89.067000
90.620000
70.217000
90.870000
89.030000
90.323000
71.960000
77.967000
79.890000
85.570000
77.187000
87.757000
77.603000
72.177000
89.627000
89.240000
78.557000
79.280000
88.290000
79.087000
87.740000
76.280000
91.480000
87.527000
81.380000
74.783000
75.053000
66.513000
72.560000
66.940000
75.130000
91.720000
76.323000
87.897000
92.107000
92.140000
72.980000
81.870000
71.893000
68.373000
87.907000
68.417000
89.447000
71.557000
90.203000
90.973000
67.500000
89.163000
80.093000
63.163000
70.123000
89.733000
75.877000
75.823000
93.717000
90.913000
86.707000
88.090000
72.620000
89.363000
91.763000
81.140000
74.193000
71.363000
88.077000
91.657000
83.233000
80.090000
88.477000
77.033000
90.380000
74.387000
88.867000
73.327000
87.567000
79.563000
90.033000
61.827000
72.813000
92.387000
65.570000
70.030000
91.037000
76.340000
75.997000
90.153000
73.800000
92.433000
87.447000
70.880000
91.143000
76.807000
62.580000
73.620000
86.630000
72.573000
89.773000
75.283000
78.727000
79.320000
90.587000
74.840000
90.120000
68.583000
89.957000
69.807000
78.747000
70.253000
81.953000
75.707000
90.763000
87.120000
76.997000
77.907000
89.703000
65.733000
73.180000
78.877000
71.907000
80.943000
85.153000
74.143000
89.643000
74.423000
72.390000
70.007000
87.643000
89.967000
76.990000
88.977000
76.283000
72.960000
77.830000
90.330000
90.107000
75.713000
89.757000
88.127000
75.973000
90.060000
76.830000
73.733000
74.487000
89.647000
69.247000
73.217000
75.707000
75.740000
70.417000
79.010000
90.117000
76.400000
85.953000
77.663000
73.497000
75.970000
76.333000
89.400000
60.587000
76.043000
66.937000
88.400000
88.983000
77.457000
72.820000
75.113000
75.213000
72.417000
91.167000
73.213000
62.180000
89.243000
82.153000
73.570000
87.380000
67.693000
73.300000
88.317000
74.253000
92.173000
90.700000
77.730000
60.933000
77.780000
67.123000
83.250000
75.820000
68.640000
74.027000
77.470000
88.627000
90.373000
84.327000
73.203000
73.320000
74.133000
89.707000
71.017000
73.293000
80.537000
75.023000
82.887000
74.420000
80.330000
74.953000
90.963000
63.367000
74.070000
78.053000
92.333000
77.853000
75.507000
77.803000
72.587000
89.393000
75.520000
73.580000
80.773000
71.183000
88.717000
72.253000
78.700000
72.163000
63.483000
88.977000
76.573000
89.327000
75.833000
80.357000
74.523000
89.437000
90.257000
88.443000
89.250000
75.757000
78.903000
90.263000
76.183000
67.657000
89.540000
73.250000
81.263000
90.077000
75.573000
81.927000
69.980000
91.140000
89.477000
65.097000
87.620000
81.450000
73.887000
89.190000
75.803000
77.173000
73.853000
80.453000
75.243000
77.160000
69.880000
89.423000
70.777000
88.497000
77.500000
90.860000
62.343000
81.900000
69.290000
73.247000
78.083000
89.833000
72.923000
74.100000
86.513000
89.537000
77.383000
90.323000
75.930000
88.793000
89.637000
72.663000
78.233000
76.433000
77.243000
87.330000
90.310000
85.373000
76.663000
77.937000
75.283000
86.943000
74.227000
89.137000
92.000000
91.547000
70.743000
75.477000
90.493000
89.750000
76.807000
75.143000
71.837000
89.903000
76.943000
87.073000
76.837000
71.780000
86.673000
80.353000
73.010000
91.453000
76.103000
72.353000
69.883000
89.010000
86.640000
76.730000
79.023000
87.627000
75.393000
87.273000
79.420000
73.683000
87.190000
71.937000
91.583000
72.233000
90.770000
74.787000
89.323000
78.700000
87.503000
67.607000
73.297000
89.923000
70.917000
77.297000
90.270000
75.163000
92.303000
74.057000
90.047000
73.470000
87.570000
69.660000
89.307000
72.817000
90.043000
90.357000
78.787000
71.857000
65.597000
72.073000
64.263000
72.803000
79.897000
72.910000
73.313000
90.597000
75.217000
85.620000
89.297000
78.043000
90.090000
89.540000
71.183000
90.773000
69.337000
76.653000
76.417000
86.997000
76.710000
75.037000
76.313000
67.933000
77.540000
88.523000
82.233000
87.353000
82.643000
87.667000
76.957000
74.993000
91.463000
75.410000
74.333000
74.073000
89.440000
73.620000
75.230000
74.157000
67.657000
75.167000
79.390000
88.380000
75.120000
78.367000
63.900000
90.980000
75.707000
90.127000
87.110000
76.550000
75.267000
75.437000
69.407000
88.567000
79.197000
74.500000
76.467000
78.473000
91.110000
76.083000
74.463000
71.923000
74.970000
76.377000
67.193000
91.073000
73.570000
74.803000
77.797000
91.747000
87.607000
69.303000
67.013000
72.680000
66.623000
78.507000
78.960000
87.573000
75.400000
74.583000
78.447000
71.147000
76.937000
69.587000
91.603000
90.263000
71.307000
75.993000
91.347000
88.837000
81.207000
90.350000
67.153000
78.693000
78.863000
87.637000
73.697000
75.840000
89.810000
74.947000
88.530000
76.573000
91.597000
74.410000
74.240000
74.907000
76.140000
73.653000
64.653000
75.627000
68.320000
68.517000
77.590000
67.830000
78.527000
72.437000
79.133000
74.687000
90.727000
85.893000
69.210000
73.363000
87.367000
66.833000
75.477000
88.720000
89.683000
88.453000
92.877000
76.447000
68.117000
91.190000
91.700000
77.480000
92.053000
73.497000
91.710000
73.837000
72.910000
88.313000
89.057000
87.840000
90.367000
80.133000
76.580000
63.383000
77.997000
86.563000
88.217000
71.677000
76.053000
86.067000
89.140000
73.303000
76.493000
78.783000
76.197000
64.033000
87.963000
72.093000
68.923000
73.640000
62.067000
75.240000
76.463000
78.617000
76.333000
77.110000
64.500000
88.420000
76.070000
91.613000
77.503000
73.187000
72.470000
91.060000
74.840000
66.610000
81.433000
89.063000
89.803000
90.317000
77.823000
74.847000
93.417000
75.010000
71.103000
88.743000
76.883000
88.630000
90.927000
80.203000
90.487000
87.733000
72.667000
75.913000
72.303000
77.370000
73.193000
89.347000
92.367000
68.170000
88.390000
88.773000
76.720000
77.557000
88.887000
75.673000
72.293000
74.713000
90.730000
87.700000
68.953000
66.577000
71.173000
87.627000
76.533000
70.053000
90.250000
73.300000
89.137000
75.810000
79.567000
71.133000
73.597000
75.747000
89.027000
75.973000
70.733000
74.773000
92.417000
88.717000
84.913000
75.423000
76.933000
71.307000
61.760000
91.130000
81.103000
77.277000
91.623000
67.547000
79.063000
82.290000
90.473000
90.733000
77.637000
88.740000
72.250000
78.350000
76.507000
76.503000
91.350000
77.687000
89.847000
73.160000
91.540000
70.723000
85.637000
69.957000
90.597000
89.970000
70.337000
72.397000
90.613000
76.733000
75.260000
64.543000
73.020000
78.733000
64.120000
85.383000
73.397000
87.720000
79.550000
75.263000
91.567000
88.990000
64.317000
70.130000
92.807000
74.907000
87.990000
77.473000
62.357000
91.793000
77.007000
88.390000
88.020000
93.150000
82.003000
63.393000
75.727000
91.993000
77.260000
75.497000
75.363000
90.757000
72.933000
87.627000
90.867000
70.407000
70.703000
74.300000
87.913000
77.963000
77.293000
79.387000
80.600000
88.517000
86.613000
79.903000
90.240000
89.607000
84.120000
76.697000
76.090000
74.647000
75.580000
90.563000
92.147000
87.860000
90.047000
90.733000
78.763000
75.323000
73.760000
75.007000
69.957000
76.270000
89.733000
78.933000
91.683000
91.153000
89.210000
79.290000
89.473000
78.010000
79.200000
92.127000
78.290000
73.533000
77.363000
89.507000
75.780000
85.430000
75.613000
68.243000
87.180000
83.000000
76.240000
72.997000
90.053000
75.780000
85.953000
89.733000
88.733000
93.340000
69.893000
79.813000
77.693000
79.660000
72.577000
72.347000
73.793000
76.063000
90.000000
87.410000
71.927000
89.007000
91.190000
76.283000
87.177000
88.330000
78.697000
73.807000
70.247000
69.030000
81.410000
88.047000
86.003000
88.313000
79.363000
88.363000
63.277000
87.873000
75.727000
90.433000
74.267000
78.677000
89.143000
63.357000
78.177000
75.773000
87.440000
66.387000
85.930000
87.843000
89.977000
72.447000
71.397000
90.243000
89.797000
78.187000
71.750000
72.770000
89.060000
92.020000
74.877000
63.030000
88.277000
89.597000
89.253000
63.633000
76.937000
89.083000
88.227000
85.433000
71.770000
87.327000
87.563000
75.777000
72.163000
75.013000
76.980000
74.847000
90.857000
87.767000
89.063000
89.920000
75.873000
73.590000
88.103000
74.993000
74.793000
88.867000
90.277000
85.993000
90.613000
74.430000
89.593000
84.760000
65.557000
70.963000
65.327000
74.923000
70.663000
91.027000
89.357000
76.490000
74.897000
92.053000
75.770000
78.567000
84.723000
64.667000
67.063000
70.020000
88.697000
68.980000
67.837000
88.250000
67.620000
90.933000
79.080000
76.987000
69.917000
74.180000
70.297000
89.723000
75.443000
91.497000
75.903000
91.300000
70.793000
74.337000
77.820000
88.400000
65.853000
75.057000
74.227000
90.717000
71.607000
93.623000
76.690000
61.690000
87.133000
91.897000
80.253000
72.803000
67.583000
74.693000
77.873000
76.160000
72.950000
88.343000
73.590000
80.693000
77.890000
84.673000
79.393000
76.933000
73.847000
91.360000
87.787000
79.380000
86.887000
73.253000
91.133000
77.427000
76.890000
87.130000
81.270000
65.467000
90.050000
73.047000
68.727000
87.567000
89.263000
79.937000
77.147000
92.750000
77.137000
77.637000
78.337000
88.477000
89.033000
78.480000
73.293000
76.133000
89.110000
69.770000
76.307000
75.690000
90.340000
86.600000
78.277000
73.697000
83.140000
90.113000
73.640000
73.990000
68.673000
72.510000
71.150000
88.583000
89.253000
75.277000
89.533000
87.230000
80.537000
76.650000
61.310000
89.607000
76.250000
77.357000
74.157000
90.453000
76.817000
89.267000
74.497000
73.560000
78.410000
58.203000
76.010000
74.120000
88.840000
81.967000
76.070000
77.400000
90.743000
80.010000
85.943000
75.487000
88.517000
88.847000
80.790000
72.970000
82.833000
67.143000
90.760000
87.447000
74.740000
77.217000
61.563000
71.993000
63.723000
78.607000
72.400000
86.790000
75.250000
74.873000
87.460000
90.607000
90.487000
84.927000
70.030000
61.700000
74.747000
79.907000
76.217000
77.687000
74.810000
78.453000
65.607000
78.030000
66.013000
74.013000
91.467000
80.103000
69.600000
73.010000
91.333000
60.793000
79.507000
72.087000
74.520000
87.127000
90.617000
73.070000
71.053000
87.390000
90.903000
71.933000
73.910000
75.583000
91.990000
59.693000
65.380000
89.263000
65.607000
88.487000
70.963000
63.203000
77.870000
75.687000
76.813000
68.150000
74.160000
72.593000
76.033000
74.037000
78.053000
90.173000
74.873000
88.950000
73.193000
87.377000
89.377000
89.860000
74.590000
90.943000
75.587000
76.110000
73.573000
70.317000
89.137000
77.040000
76.563000
91.347000
69.227000
87.560000
73.260000
76.610000
79.267000
91.057000
66.897000
75.030000
74.220000
70.307000
87.060000
88.577000
76.377000
75.957000
89.517000
88.260000
78.287000
75.830000
74.830000
91.290000
87.877000
78.043000
74.853000
90.557000
74.267000
70.667000
62.253000
79.877000
89.047000
72.470000
79.987000
90.453000
74.877000
72.400000
74.290000
73.690000
91.923000
89.227000
71.700000
87.043000
76.317000
72.060000
65.343000
89.247000
77.077000
67.937000
89.513000
74.887000
67.730000
89.453000
75.437000
78.673000
89.380000
87.320000
68.317000
77.900000
85.990000
75.753000
75.623000
81.273000
91.447000
86.803000
90.793000
82.387000
59.657000
75.580000
79.777000
72.080000
86.737000
91.210000
72.830000
76.380000
79.973000
73.653000
78.290000
79.833000
72.227000
90.367000
91.680000
91.767000
78.350000
91.127000
91.847000
91.313000
74.807000
71.520000
73.033000
89.800000
79.437000
65.447000
88.173000
73.150000
72.077000
72.677000
90.737000
92.987000
75.163000
88.453000
87.970000
91.840000
70.610000
76.060000
75.827000
74.047000
88.413000
61.557000
87.927000
75.017000
79.013000
59.897000
89.077000
89.210000
69.223000
78.667000
78.310000
88.827000
89.003000
75.563000
90.920000
89.957000
78.400000
66.690000
75.233000
77.313000
74.397000
72.653000
74.847000
74.840000
73.477000
77.817000
88.797000
74.360000
76.967000
76.603000
88.707000
75.030000
87.850000
74.170000
78.603000
86.220000
76.257000
90.743000
68.423000
71.637000
89.470000
89.397000
67.720000
88.307000
81.313000
72.587000
73.640000
72.333000
71.380000
88.653000
91.253000
80.103000
89.237000
76.567000
92.313000
76.653000
75.317000
79.640000
78.120000
75.080000
76.467000
93.647000
77.420000
90.960000
89.373000
76.347000
88.540000
72.713000
73.110000
92.400000
73.413000
72.863000
69.387000
90.403000
81.737000
73.800000
64.073000
88.857000
91.257000
71.567000
88.493000
90.430000
76.093000
88.873000
91.670000
75.970000
89.860000
67.317000
90.567000
82.153000
68.870000
74.900000
72.777000
90.413000
78.223000
71.673000
74.573000
91.097000
67.830000
86.077000
87.027000
86.977000
72.680000
76.440000
77.393000
88.150000
89.970000
76.987000
76.043000
73.770000
69.890000
77.357000
85.817000
88.823000
92.657000
77.930000
75.287000
90.287000
89.100000
90.287000
67.380000
79.293000
89.203000
73.380000
77.613000
74.687000
73.377000
70.863000
78.037000
71.287000
79.237000
88.373000
76.027000
61.490000
80.270000
79.993000
89.800000
77.413000
87.133000
63.590000
87.457000
73.940000
87.530000
89.717000
69.593000
80.310000
88.463000
77.760000
92.457000
73.537000
70.343000
66.180000
78.397000
74.043000
78.997000
92.920000
71.900000
78.647000
76.673000
90.233000
89.477000
89.007000
89.323000
78.087000
87.077000
70.353000
90.907000
90.493000
91.937000
85.233000
81.413000
69.627000
76.037000
89.927000
73.823000
72.330000
89.387000
90.203000
77.130000
75.170000
89.417000
65.570000
90.917000
75.643000
87.193000
89.223000
74.357000
74.147000
89.270000
73.217000
71.723000
76.227000
92.163000
71.023000
78.680000
78.650000
88.343000
89.160000
89.177000
92.480000
71.120000
71.537000
66.780000
88.647000
66.497000
73.127000
78.883000
67.783000
88.560000
73.400000
72.050000
86.917000
87.357000
68.970000
79.663000
89.570000
65.510000
70.530000
73.173000
89.393000
89.287000
90.557000
69.027000
88.710000
75.740000
77.930000
87.580000
67.660000
88.727000
89.363000
67.853000
75.290000
70.853000
90.220000
89.873000
78.610000
78.777000
76.940000
78.787000
78.550000
66.410000
74.330000
66.367000
88.807000
91.553000
72.240000
89.617000
89.720000
75.973000
63.593000
73.677000
69.897000
70.570000
75.417000
79.307000
78.917000
91.690000
87.343000
75.390000
90.990000
69.437000
74.940000
73.057000
76.383000
90.917000
85.203000
89.520000
74.313000
87.507000
78.603000
88.713000
88.930000
68.840000
88.163000
89.673000
72.983000
90.120000
81.937000
74.977000
87.517000
87.880000
77.867000
79.930000
72.953000
77.970000
80.693000
90.490000
74.883000
89.220000
88.377000
74.343000
71.693000
74.843000
89.500000
65.747000
71.197000
76.173000
81.183000
69.333000
77.250000
71.000000
76.560000
78.390000
88.753000
74.803000
76.280000
90.630000
91.103000
73.510000
75.453000
75.713000
70.550000
74.170000
61.577000
78.277000
79.270000
86.117000
72.877000
91.173000
72.430000
75.140000
90.957000
72.170000
90.660000
92.857000
70.550000
90.370000
77.390000
89.500000
84.543000
79.450000
88.140000
79.550000
69.103000
70.997000
89.583000
80.077000
77.720000
86.947000
74.477000
76.537000
88.587000
76.557000
89.693000
73.670000
67.987000
88.563000
92.617000
76.727000
73.387000
89.770000
74.477000
78.107000
88.250000
76.557000
71.100000
61.917000
88.253000
91.853000
71.677000
81.987000
74.570000
92.240000
76.340000
85.890000
85.400000
89.697000
78.307000
88.113000
87.983000
75.840000
91.497000
68.720000
87.320000
75.450000
74.527000
89.067000
75.813000
88.117000
88.110000
90.363000
77.620000
73.100000
82.353000
77.353000
82.167000
70.373000
87.800000
78.200000
76.937000
72.987000
78.250000
90.133000
87.327000
75.413000
74.373000
79.370000
73.223000
76.817000
91.287000
90.743000
71.287000
73.957000
78.140000
76.123000
70.850000
72.853000
88.003000
72.530000
90.810000
70.937000
71.087000
87.953000
89.817000
75.343000
73.473000
75.750000
76.130000
91.563000
79.717000
66.733000
88.233000
80.410000
73.973000
71.963000
75.273000
78.177000
77.907000
78.227000
79.173000
67.610000
75.887000
77.243000
90.707000
76.533000
90.327000
87.660000
89.337000
75.693000
66.550000
79.393000
77.633000
73.903000
75.277000
71.363000
75.953000
75.213000
73.867000
70.663000
76.733000
86.863000
80.393000
73.973000
73.153000
88.827000
92.177000
91.577000
89.837000
87.453000
91.880000
68.427000
75.507000
72.633000
76.643000
73.930000
88.913000
76.023000
79.427000
80.660000
79.287000
88.653000
88.837000
60.733000
71.723000
89.823000
77.867000
85.497000
86.177000
92.077000
77.863000
89.277000
86.260000
87.610000
63.320000
88.293000
75.010000
69.923000
71.483000
75.280000
74.547000
89.813000
66.163000
86.777000
90.130000
76.277000
78.717000
66.400000
91.117000
75.197000
88.907000
86.873000
91.857000
69.017000
88.987000
89.653000
76.667000
91.150000
86.670000
90.450000
77.180000
62.317000
74.963000
66.933000
78.440000
77.913000
71.723000
77.703000
75.047000
80.883000
73.270000
89.810000
64.560000
78.390000
86.287000
75.703000
69.297000
91.253000
89.517000
76.137000
87.097000
73.273000
74.343000
90.980000
76.553000
91.847000
79.840000
91.410000
76.927000
90.337000
76.973000
74.413000
74.337000
79.503000
77.920000
91.157000
74.617000
84.487000
89.890000
61.753000
70.223000
89.673000
77.697000
88.830000
67.597000
76.933000
73.837000
63.310000
72.517000
88.827000
86.833000
88.347000
78.100000
76.753000
89.293000
70.643000
88.157000
78.410000
79.437000
73.200000
70.223000
69.143000
88.417000
81.310000
76.210000
73.560000
70.807000
73.010000
79.047000
88.700000
73.933000
76.563000
77.030000
93.940000
79.323000
72.287000
88.143000
75.923000
76.730000
65.253000
70.430000
92.023000
66.957000
71.390000
91.307000
87.780000
81.143000
71.833000
68.283000
71.933000
88.793000
90.073000
75.037000
90.483000
86.347000
72.457000
64.890000
69.760000
77.980000
72.403000
71.427000
88.470000
71.747000
71.880000
75.657000
61.677000
76.577000
90.013000
75.560000
71.300000
73.130000
77.080000
76.267000
76.163000
86.057000
66.723000
69.937000
90.583000
74.253000
88.080000
90.857000
90.710000
67.227000
74.970000
91.533000
91.090000
87.340000
77.080000
86.863000
87.690000
87.137000
73.567000
73.137000
89.990000
90.643000
76.647000
90.093000
69.027000
75.123000
77.087000
89.727000
90.573000
71.027000
71.257000
78.810000
79.727000
76.607000
80.053000
67.633000
89.080000
88.250000
88.887000
89.930000
80.000000
73.980000
87.927000
71.420000
89.100000
76.630000
72.450000
75.490000
90.747000
76.020000
75.113000
77.090000
75.553000
76.623000
90.997000
73.750000
74.730000
74.983000
64.410000
91.040000
89.567000
73.823000
72.943000
70.860000
81.130000
76.187000
76.307000
92.803000
72.610000
88.023000
91.597000
71.640000
88.487000
77.230000
79.090000
78.237000
62.253000
88.433000
58.487000
74.637000
74.590000
88.917000
77.823000
87.147000
69.447000
68.010000
77.773000
73.327000
73.147000
78.163000
88.633000
92.727000
76.253000
91.770000
70.137000
86.430000
60.133000
75.823000
76.553000
65.343000
87.743000
66.700000
78.980000
92.567000
89.727000
69.920000
74.037000
88.723000
87.907000
90.880000
72.270000
77.270000
87.147000
75.690000
64.160000
78.520000
70.767000
74.673000
89.303000
90.570000
79.957000
89.180000
89.580000
89.537000
90.840000
80.470000
76.260000
73.853000
74.400000
65.927000
72.483000
71.303000
88.760000
81.483000
79.033000
79.403000
63.980000
86.940000
89.323000
84.027000
72.887000
75.567000
87.370000
71.480000
70.543000
78.277000
89.563000
80.587000
85.580000
76.850000
91.497000
74.680000
77.947000
88.147000
89.550000
73.283000
76.143000
75.013000
81.227000
74.020000
74.960000
77.863000
74.843000
87.843000
80.203000
72.337000
89.667000
80.090000
76.230000
89.847000
74.673000
70.877000
70.470000
71.200000
68.963000
69.167000
78.557000
90.330000
76.290000
76.190000
71.053000
77.843000
74.887000
77.863000
87.887000
92.537000
76.367000
77.743000
65.183000
86.037000
65.203000
63.970000
90.460000
80.060000
84.327000
72.973000
88.690000
73.133000
72.053000
74.713000
88.813000
89.777000
77.243000
74.060000
71.487000
89.797000
88.383000
61.513000
76.923000
92.460000
70.467000
65.420000
76.217000
70.427000
72.497000
66.330000
79.877000
72.840000
74.083000
74.123000
65.320000
87.987000
90.453000
89.960000
76.267000
79.087000
90.927000
95.430000
91.950000
70.507000
92.030000
86.907000
88.133000
78.903000
80.000000
73.270000
74.563000
67.947000
88.593000
71.017000
75.777000
87.070000
89.920000
77.227000
65.580000
81.957000
70.977000
72.523000
87.903000
83.497000
83.080000
89.777000
70.903000
85.473000
75.870000
78.833000
65.523000
73.527000
88.687000
73.910000
79.767000
87.563000
72.803000
73.087000
91.073000
89.053000
91.590000
87.800000
74.867000
74.260000
70.777000
74.880000
90.967000
76.597000
81.793000
85.633000
89.527000
79.063000
88.333000
74.430000
70.380000
75.053000
91.160000
71.743000
63.523000
89.863000
90.973000
73.153000
63.690000
69.300000
77.873000
76.110000
78.023000
78.893000
75.237000
72.283000
74.700000
77.873000
79.200000
75.180000
86.680000
90.840000
77.667000
79.967000
77.127000
63.593000
71.523000
92.463000
87.337000
71.923000
88.870000
72.433000
85.613000
73.693000
71.397000
80.967000
87.100000
74.933000
64.253000
76.813000
81.463000
72.360000
74.350000
76.493000
89.730000
77.813000
88.693000
82.650000
90.010000
89.103000
71.467000
81.160000
66.887000
78.163000
75.793000
73.840000
90.800000
89.527000
74.617000
82.897000
73.677000
90.840000
71.993000
88.747000
75.227000
70.833000
76.963000
72.767000
86.507000
89.387000
91.007000
75.070000
87.223000
73.530000
77.867000
86.227000
76.427000
89.503000
63.740000
75.603000
70.950000
78.237000
91.397000
79.077000
89.500000
79.173000
78.333000
90.960000
86.127000
88.277000
87.937000
74.553000
89.647000
85.267000
74.853000
91.177000
78.610000
87.843000
87.120000
90.887000
90.680000
76.953000
67.590000
89.723000
87.297000
70.457000
75.053000
89.370000
72.907000
67.837000
86.227000
75.933000
92.147000
74.010000
88.753000
69.067000
76.257000
76.723000
91.367000
86.217000
87.360000
88.500000
75.467000
78.807000
81.320000
77.227000
89.917000
89.593000
88.577000
73.670000
89.543000
76.943000
87.643000
88.233000
74.413000
80.357000
87.247000
79.663000
75.377000
72.053000
91.503000
91.293000
92.487000
72.930000
88.770000
90.033000
64.653000
80.493000
80.613000
88.540000
80.387000
71.807000
89.107000
88.163000
79.387000
73.157000
75.503000
91.747000
91.617000
66.997000
70.757000
78.877000
91.593000
88.590000
75.067000
88.820000
72.583000
75.653000
73.413000
75.827000
92.117000
62.893000
77.110000
69.853000
73.807000
90.687000
87.890000
70.073000
65.533000
75.813000
90.557000
79.607000
81.073000
87.840000
77.110000
70.813000
71.843000
73.293000
73.663000
90.440000
77.420000
75.370000
91.000000
76.807000
89.800000
88.250000
68.297000
68.967000
72.803000
87.207000
87.790000
75.933000
74.083000
67.630000
80.680000
92.787000
76.913000
70.427000
74.683000
74.553000
74.047000
77.477000
71.647000
90.993000
88.110000
88.423000
77.923000
68.830000
88.310000
88.227000
88.620000
76.677000
89.370000
72.563000
68.677000
69.073000
80.017000
68.910000
78.883000
89.507000
77.710000
89.333000
88.960000
64.407000
77.963000
76.823000
91.597000
90.983000
87.810000
91.137000
77.497000
91.253000
89.283000
83.073000
89.507000
83.440000
75.077000
89.787000
73.020000
78.437000
89.307000
78.057000
71.817000
79.540000
77.553000
74.917000
78.420000
88.490000
75.477000
79.607000
78.020000
77.390000
80.890000
70.967000
67.793000
89.557000
76.187000
85.133000
71.460000
68.147000
78.383000
72.600000
70.187000
73.480000
89.903000
71.060000
69.933000
76.777000
72.843000
80.043000
91.363000
87.550000
89.113000
73.900000
75.813000
74.590000
89.830000
87.930000
87.627000
76.320000
87.093000
75.680000
92.497000
86.247000
88.717000
91.650000
81.757000
73.933000
90.427000
77.177000
83.673000
78.970000
90.740000
87.620000
82.213000
88.690000
74.377000
91.537000
87.087000
86.413000
89.280000
90.263000
78.607000
90.303000
77.450000
77.873000
64.677000
74.263000
65.763000
79.133000
70.637000
64.953000
66.633000
90.710000
68.930000
73.113000
76.057000
88.070000
76.313000
75.837000
90.850000
88.373000
78.557000
90.127000
90.893000
90.687000
71.650000
88.463000
72.640000
72.610000
89.850000
80.417000
70.393000
74.480000
88.263000
73.083000
77.100000
76.203000
78.060000
89.587000
78.587000
78.933000
86.323000
90.580000
80.107000
74.083000
89.450000
90.540000
81.030000
76.283000
89.920000
88.107000
77.560000
74.320000
68.933000
83.037000
74.657000
76.687000
78.267000
87.737000
89.337000
81.200000
74.100000
89.780000
75.390000
70.430000
73.053000
88.623000
77.333000
82.480000
89.030000
89.553000
77.060000
78.657000
90.010000
75.453000
78.373000
77.603000
89.883000
78.877000
92.113000
73.153000
79.357000
67.513000
77.840000
64.137000
76.833000
92.483000
76.030000
75.713000
78.823000
63.923000
88.083000
74.613000
70.267000
90.170000
91.437000
87.080000
85.883000
91.380000
89.897000
74.017000
87.100000
68.543000
74.563000
89.133000
75.617000
69.260000
77.557000
87.103000
86.997000
65.563000
77.090000
77.300000
75.523000
74.197000
90.110000
75.023000
84.847000
74.977000
77.890000
81.163000
83.827000
79.187000
93.420000
67.830000
87.077000
88.773000
74.270000
92.177000
88.070000
74.790000
88.810000
86.113000
89.767000
89.553000
88.743000
88.123000
91.087000
88.643000
86.797000
89.883000
91.770000
91.560000
70.443000
76.457000
90.130000
87.900000
90.900000
91.067000
72.797000
79.593000
60.567000
88.650000
75.053000
70.353000
68.687000
72.157000
73.167000
77.080000
66.727000
87.300000
92.057000
71.677000
88.650000
91.040000
79.210000
71.723000
70.550000
87.783000
72.710000
85.807000
71.620000
89.470000
70.607000
88.557000
90.713000
87.287000
80.213000
79.720000
89.120000
78.160000
90.007000
78.433000
76.083000
68.333000
76.400000
81.257000
75.507000
91.110000
88.403000
78.597000
91.003000
89.643000
67.440000
73.260000
91.170000
79.493000
76.553000
86.900000
80.590000
73.197000
86.673000
75.023000
91.580000
75.943000
65.783000
86.577000
80.330000
87.010000
89.290000
75.633000
91.077000
89.423000
89.177000
91.463000
86.773000
73.797000
74.113000
90.633000
76.137000
76.480000
87.080000
73.570000
82.960000
74.690000
90.267000
76.697000
74.913000
73.547000
72.907000
77.050000
90.107000
89.700000
90.317000
67.720000
74.693000
72.400000
87.777000
89.037000
88.670000
71.377000
73.177000
90.813000
76.360000
70.817000
89.093000
77.313000
91.357000
74.493000
72.593000
73.600000
86.320000
89.127000
87.420000
80.090000
89.213000
89.253000
74.553000
70.533000
64.303000
89.017000
90.273000
75.773000
91.667000
75.913000
75.237000
65.900000
75.130000
91.503000
90.827000
69.277000
72.950000
88.953000
76.497000
69.513000
86.833000
75.627000
82.320000
92.033000
79.713000
70.897000
89.587000
79.517000
76.970000
74.640000
74.223000
90.127000
77.913000
75.907000
67.370000
73.007000
90.093000
86.510000
76.747000
90.460000
88.570000
87.840000
89.950000
79.733000
89.573000
72.817000
75.040000
66.240000
68.023000
89.687000
92.657000
72.740000
69.707000
92.640000
74.247000
78.600000
76.553000
75.993000
76.050000
88.070000
76.093000
80.650000
80.480000
75.280000
88.973000
78.977000
72.627000
91.530000
77.043000
75.600000
88.383000
69.883000
71.683000
77.763000
91.623000
83.663000
82.540000
89.050000
92.037000
90.773000
73.557000
69.257000
64.843000
77.733000
88.053000
78.920000
65.260000
87.640000
70.823000
90.140000
77.417000
91.550000
71.190000
74.023000
76.350000
72.040000
76.807000
74.917000
74.307000
89.920000
89.503000
86.647000
86.747000
75.780000
77.863000
83.730000
74.650000
91.993000
90.783000
77.777000
74.280000
90.387000
80.350000
71.957000
89.190000
90.610000
71.743000
84.893000
82.130000
90.253000
90.627000
74.483000
89.413000
90.830000
84.883000
72.043000
88.943000
89.693000
81.000000
79.630000
75.247000
75.577000
89.583000
70.900000
78.220000
78.237000
64.857000
75.250000
78.110000
78.000000
78.193000
78.823000
71.313000
90.417000
91.150000
78.077000
86.513000
66.010000
89.410000
71.627000
63.477000
72.130000
87.473000
72.893000
91.510000
71.063000
79.810000
74.627000
75.313000
72.183000
90.160000
76.090000
71.703000
87.523000
89.417000
77.477000
90.597000
87.400000
60.307000
78.370000
70.430000
88.530000
77.143000
69.767000
75.857000
76.330000
80.957000
79.953000
69.847000
81.200000
76.727000
71.743000
68.857000
89.550000
92.613000
66.543000
76.860000
90.207000
63.267000
73.697000
90.117000
70.503000
89.917000
74.953000
89.207000
73.850000
89.850000
71.443000
76.217000
88.567000
79.740000
66.367000
68.863000
72.433000
89.317000
86.703000
85.803000
76.357000
86.630000
75.140000
76.960000
91.130000
85.847000
75.513000
77.190000
76.333000
67.380000
87.153000
77.363000
79.043000
69.327000
85.863000
89.457000
75.840000
89.060000
76.613000
87.473000
89.833000
72.303000
74.640000
88.967000
90.797000
76.057000
74.657000
78.037000
89.910000
75.690000
69.877000
76.653000
87.747000
89.487000
72.220000
69.693000
75.817000
88.430000
80.647000
70.020000
63.913000
91.127000
89.023000
77.450000
86.140000
74.563000
75.873000
78.150000
72.963000
87.723000
75.353000
88.323000
79.550000
72.940000
87.363000
91.123000
86.063000
72.660000
74.430000
87.117000
78.917000
76.367000
75.700000
77.063000
75.777000
90.243000
83.253000
64.430000
92.407000
80.363000
76.590000
75.680000
90.377000
69.490000
79.473000
63.727000
76.953000
89.530000
80.107000
74.037000
74.057000
75.487000
76.943000
75.077000
76.737000
73.857000
89.163000
76.353000
78.927000
75.993000
68.527000
73.430000
91.270000
87.863000
90.540000
75.373000
73.457000
91.830000
76.023000
72.443000
90.897000
88.507000
92.683000
90.790000
79.210000
79.783000
65.630000
90.320000
90.487000
75.357000
78.040000
87.370000
80.667000
89.763000
77.110000
87.937000
77.437000
88.593000
90.047000
67.600000
71.427000
72.300000
64.323000
90.110000
71.720000
91.073000
90.643000
70.513000
89.550000
69.307000
87.447000
75.000000
89.327000
78.707000
87.310000
88.567000
89.753000
71.540000
61.223000
89.230000
90.690000
91.877000
87.810000
88.093000
91.160000
77.890000
85.017000
86.273000
90.990000
88.880000
77.690000
87.460000
89.013000
91.520000
69.143000
89.997000
88.613000
71.320000
64.100000
79.580000
89.813000
76.500000
75.320000
83.290000
75.710000
74.317000
75.333000
72.453000
75.933000
71.710000
65.640000
70.417000
70.920000
67.830000
76.517000
74.100000
89.327000
64.680000
72.810000
75.103000
74.177000
75.640000
66.760000
71.940000
64.720000
78.557000
90.440000
79.920000
75.230000
75.247000
88.693000
77.850000
79.337000
70.377000
77.733000
88.117000
86.487000
76.513000
73.527000
89.270000
70.837000
64.870000
91.627000
90.957000
85.367000
63.443000
85.213000
91.557000
74.123000
81.753000
89.580000
91.293000
88.370000
75.063000
90.240000
69.720000
87.120000
91.133000
89.553000
77.213000
69.350000
88.340000
75.120000
91.527000
88.107000
73.820000
76.600000
92.120000
90.337000
79.853000
89.327000
67.177000
89.570000
90.813000
73.287000
89.017000
91.417000
89.580000
90.977000
76.337000
69.990000
87.893000
89.637000
91.787000
90.507000
89.043000
92.383000
67.433000
92.733000
78.627000
91.917000
78.313000
90.640000
75.597000
88.283000
86.880000
86.883000
87.197000
73.483000
91.863000
87.413000
73.330000
89.403000
75.167000
73.120000
89.297000
74.897000
89.267000
92.233000
87.420000
69.167000
89.267000
76.143000
73.053000
86.677000
88.853000
89.497000
77.680000
74.597000
72.030000
71.963000
86.540000
73.383000
88.433000
89.677000
75.363000
74.617000
90.913000
92.487000
78.213000
90.670000
92.333000
87.950000
88.213000
68.820000
91.123000
77.943000
77.570000
77.423000
86.237000
88.717000
89.703000
89.587000
76.700000
88.703000
72.670000
75.440000
85.740000
74.353000
89.463000
77.217000
70.110000
89.250000
90.567000
77.983000
75.673000
89.073000
77.543000
69.557000
76.210000
90.657000
75.883000
84.827000
88.130000
75.930000
78.537000
86.167000
75.213000
61.990000
65.377000
86.393000
89.733000
73.317000
73.053000
75.447000
90.610000
88.643000
87.217000
91.690000
90.827000
75.207000
89.403000
90.743000
78.180000
74.787000
91.250000
89.277000
85.537000
77.590000
89.167000
88.720000
86.543000
68.483000
66.983000
90.697000
75.680000
74.357000
84.533000
72.820000
91.253000
86.230000
72.747000
88.983000
74.807000
89.393000
76.157000
79.687000
85.343000
91.137000
70.057000
68.660000
76.780000
90.493000
93.217000
77.617000
71.577000
86.620000
89.097000
78.527000
76.930000
74.820000
71.577000
91.247000
68.630000
87.937000
71.870000
85.047000
74.423000
76.183000
86.520000
70.420000
88.157000
78.837000
65.707000
86.653000
88.850000
66.483000
86.720000
74.893000
74.783000
89.730000
77.223000
89.013000
81.173000
88.780000
90.093000
89.627000
86.183000
88.880000
80.487000
67.793000
88.950000
91.300000
77.800000
73.510000
88.520000
88.197000
72.283000
89.910000
76.830000
69.740000
88.680000
89.847000
77.473000
90.150000
71.170000
88.960000
85.920000
76.703000
87.610000
90.407000
77.920000
89.380000
62.260000
87.540000
70.993000
88.547000
76.387000
68.513000
67.380000
86.747000
91.767000
68.150000
89.403000
91.357000
88.473000
88.753000
71.277000
92.107000
69.450000
87.617000
88.413000
90.197000
70.800000
87.507000
71.717000
77.263000
88.583000
90.733000
87.783000
72.760000
88.860000
64.817000
91.050000
88.177000
88.177000
89.417000
91.060000
87.400000
88.760000
91.303000
89.180000
90.690000
75.950000
90.467000
71.347000
89.940000
89.897000
89.163000
88.957000
72.313000
86.930000
91.250000
76.237000
76.080000
87.817000
90.487000
78.227000
85.273000
70.057000
90.183000
61.793000
87.043000
88.423000
75.923000
87.107000
89.437000
69.547000
89.993000
60.883000
71.083000
89.103000
76.020000
86.430000
92.007000
80.477000
69.410000
88.750000
89.753000
71.660000
61.623000
86.610000
76.590000
69.947000
88.467000
88.223000
91.087000
87.357000
83.903000
79.063000
88.990000
90.227000
89.703000
90.143000
88.807000
66.583000
82.243000
89.190000
74.680000
88.513000
87.180000
70.550000
83.400000
89.527000
88.997000
85.523000
78.397000
70.517000
71.693000
87.010000
90.573000
70.710000
70.527000
76.183000
77.533000
78.673000
74.033000
89.997000
76.353000
77.773000
65.700000
89.563000
75.833000
76.857000
77.970000
89.027000
87.973000
88.820000
73.210000
90.273000
86.087000
91.010000
92.267000
78.460000
86.423000
89.203000
87.400000
92.327000
83.520000
71.177000
74.540000
88.727000
87.220000
63.660000
88.600000
70.480000
71.390000
89.010000
89.457000
90.500000
76.453000
89.363000
92.187000
89.633000
72.877000
59.667000
90.930000
87.517000
90.343000
91.153000
87.010000
72.953000
88.413000
70.143000
80.960000
87.453000
90.620000
79.577000
72.063000
89.413000
88.280000
85.710000
80.347000
77.553000
72.603000
77.793000
85.850000
89.153000
85.930000
71.617000
71.223000
91.123000
73.567000
90.137000
88.317000
74.957000
65.567000
76.860000
90.470000
67.503000
92.457000
62.777000
88.267000
87.227000
76.877000
87.060000
77.013000
82.133000
63.663000
78.723000
90.953000
89.647000
88.547000
90.130000
77.607000
87.210000
89.807000
88.763000
72.263000
76.527000
85.717000
78.790000
85.023000
78.240000
87.750000
89.693000
89.750000
71.180000
72.383000
90.887000
85.330000
72.680000
71.320000
89.593000
80.057000
87.750000
86.690000
88.877000
67.777000
76.763000
76.543000
90.340000
90.013000
80.370000
89.397000
89.713000
89.127000
87.940000
88.170000
89.187000
86.343000
88.423000
89.950000
69.243000
70.980000
88.337000
87.450000
71.757000
76.203000
76.317000
76.887000
69.543000
87.700000
91.547000
75.370000
74.993000
88.860000
90.503000
89.967000
87.400000
76.850000
88.313000
63.663000
87.277000
67.213000
75.203000
73.047000
90.420000
89.117000
89.293000
87.200000
90.417000
65.333000
90.307000
75.387000
89.037000
74.690000
76.697000
90.493000
87.803000
89.687000
77.363000
91.083000
72.223000
86.147000
87.920000
80.147000
89.697000
80.870000
89.273000
90.670000
88.073000
87.113000
91.017000
90.173000
86.787000
85.637000
90.160000
89.637000
88.437000
90.993000
88.780000
81.443000
88.140000
76.553000
71.667000
72.980000
75.303000
77.977000
89.407000
63.077000
89.373000
87.003000
74.083000
89.097000
91.923000
88.573000
90.427000
88.053000
79.577000
79.147000
72.723000
88.747000
89.150000
78.883000
87.610000
88.450000
86.673000
90.887000
85.210000
89.417000
89.407000
75.893000
73.567000
89.477000
63.200000
87.947000
78.343000
87.183000
89.227000
86.140000
77.460000
91.243000
89.467000
88.020000
89.140000
77.703000
75.013000
70.730000
90.790000
76.983000
77.040000
70.903000
88.363000
62.103000
66.347000
93.540000
88.287000
69.310000
86.110000
75.850000
89.390000
84.767000
68.340000
75.423000
91.407000
90.737000
74.453000
90.800000
90.500000
87.003000
88.520000
73.117000
86.997000
87.667000
88.730000
82.440000
78.107000
87.007000
90.940000
61.307000
76.240000
87.937000
74.587000
88.180000
88.070000
76.390000
71.450000
73.933000
76.580000
85.810000
71.333000
87.670000
87.653000
90.273000
64.653000
74.140000
91.363000
76.547000
88.643000
73.723000
78.557000
77.063000
88.237000
77.183000
87.110000
87.273000
88.040000
89.297000
90.843000
71.933000
90.333000
92.533000
89.300000
75.870000
90.430000
86.123000
89.207000
88.317000
73.143000
63.893000
89.203000
59.420000
73.657000
89.723000
90.280000
69.317000
86.333000
64.200000
87.237000
91.173000
90.087000
74.007000
87.817000
90.650000
89.577000
91.170000
69.597000
88.563000
86.550000
90.213000
76.837000
87.613000
60.410000
88.860000
68.970000
73.260000
71.523000
77.230000
87.473000
71.863000
72.183000
76.213000
75.797000
93.800000
76.933000
76.567000
72.583000
61.597000
90.770000
75.837000
73.247000
78.760000
76.103000
86.473000
88.823000
75.180000
91.543000
89.200000
89.020000
90.077000
86.083000
90.197000
72.760000
89.923000
88.660000
68.280000
69.763000
87.537000
75.673000
90.427000
75.743000
72.790000
76.580000
91.073000
74.743000
70.990000
83.870000
88.933000
75.000000
70.157000
71.183000
89.627000
65.107000
74.493000
90.240000
90.933000
70.693000
88.667000
91.483000
90.330000
69.513000
89.783000
87.903000
74.883000
69.910000
69.470000
88.890000
93.090000
71.917000
88.633000
89.883000
89.620000
87.660000
90.393000
66.740000
74.163000
77.110000
70.743000
88.953000
72.493000
88.730000
71.293000
62.663000
88.913000
69.780000
79.913000
73.250000
89.283000
73.130000
87.800000
90.117000
77.197000
69.483000
86.990000
92.703000
75.983000
90.393000
81.093000
87.123000
78.130000
90.437000
88.350000
88.727000
88.897000
87.453000
74.123000
77.013000
88.580000
62.030000
69.717000
88.283000
74.350000
76.293000
86.590000
76.793000
73.107000
90.160000
89.370000
90.393000
77.473000
87.620000
88.220000
91.380000
72.953000
90.307000
88.320000
74.370000
89.433000
90.327000
87.190000
72.657000
90.277000
90.180000
88.673000
88.510000
74.920000
84.693000
74.740000
73.813000
89.847000
90.830000
66.710000
89.173000
89.563000
88.180000
72.120000
74.053000
89.337000
77.277000
63.840000
78.660000
89.913000
66.670000
90.967000
72.760000
89.300000
86.583000
92.243000
69.417000
78.520000
76.707000
88.493000
90.617000
77.940000
88.907000
88.250000
72.320000
92.130000
74.260000
90.737000
89.370000
89.903000
89.970000
89.243000
91.077000
75.960000
69.930000
89.837000
89.953000
74.890000
89.053000
89.777000
91.450000
88.630000
89.013000
74.457000
90.823000
88.460000
78.220000
68.860000
89.717000
89.170000
67.907000
74.517000
88.810000
72.867000
75.593000
81.077000
73.420000
74.580000
61.853000
86.183000
75.333000
87.910000
69.830000
75.023000
89.080000
89.823000
75.503000
86.723000
90.510000
87.470000
77.270000
88.350000
85.563000
78.120000
86.730000
89.647000
80.497000
87.420000
63.197000
87.880000
75.767000
67.060000
74.613000
80.893000
85.503000
73.370000
77.383000
74.900000
89.957000
87.667000
89.633000
89.213000
64.777000
88.583000
90.073000
90.090000
66.160000
75.567000
88.287000
90.407000
79.563000
74.193000
79.570000
77.837000
71.380000
62.517000
74.897000
89.803000
89.097000
90.000000
90.597000
87.903000
89.673000
86.803000
71.007000
89.793000
75.627000
86.963000
85.640000
87.330000
75.317000
72.013000
90.120000
89.583000
88.057000
84.927000
85.600000
87.683000
91.737000
88.360000
90.143000
90.777000
76.723000
65.120000
87.760000
93.167000
77.073000
70.797000
71.187000
73.483000
75.630000
76.493000
88.720000
89.737000
87.080000
76.657000
78.933000
85.367000
73.140000
72.687000
83.420000
87.803000
91.660000
87.163000
90.047000
88.737000
87.063000
87.767000
90.950000
90.120000
75.760000
90.083000
71.707000
89.207000
73.960000
87.330000
87.327000
89.173000
86.587000
88.843000
86.747000
86.583000
76.660000
75.913000
91.897000
71.083000
73.420000
76.963000
73.690000
87.497000
90.030000
86.357000
88.917000
80.473000
71.827000
88.363000
73.877000
88.307000
73.310000
68.320000
87.237000
85.993000
89.203000
81.843000
87.030000
75.803000
89.013000
66.227000
68.767000
72.967000
89.807000
90.387000
69.190000
89.563000
90.077000
72.003000
89.220000
77.203000
77.963000
91.507000
88.917000
69.670000
71.307000
89.373000
76.843000
89.830000
87.523000
89.680000
92.397000
67.120000
90.543000
73.927000
70.373000
87.367000
80.283000
75.593000
86.500000
72.377000
60.267000
73.057000
90.893000
89.643000
72.307000
88.630000
73.553000
65.723000
90.573000
61.037000
73.590000
85.173000
80.113000
86.980000
78.977000
88.750000
85.220000
88.350000
88.707000
89.883000
88.100000
90.237000
69.440000
71.117000
89.123000
91.250000
89.490000
71.630000
90.233000
91.840000
91.477000
85.700000
91.113000
90.940000
74.430000
65.150000
76.940000
91.507000
86.683000
88.087000
77.510000
73.737000
88.887000
90.190000
70.017000
63.360000
91.097000
73.780000
87.783000
89.787000
71.773000
89.147000
89.480000
68.137000
70.993000
84.417000
88.927000
88.650000
74.560000
87.613000
73.503000
89.227000
60.413000
71.380000
88.563000
90.087000
74.427000
86.657000
64.513000
87.443000
89.357000
86.840000
65.207000
74.327000
76.647000
87.940000
88.870000
70.623000
89.940000
73.113000
73.607000
68.790000
71.717000
88.637000
90.007000
70.580000
83.803000
64.020000
90.977000
67.480000
88.723000
89.847000
89.473000
90.710000
90.543000
69.413000
66.093000
70.137000
89.483000
76.850000
75.313000
89.527000
73.787000
88.503000
88.677000
90.160000
73.520000
76.030000
90.483000
78.057000
89.770000
90.090000
69.387000
83.657000
75.773000
79.277000
70.173000
74.870000
90.337000
89.990000
88.113000
76.310000
89.667000
75.700000
72.910000
74.497000
70.857000
74.337000
90.323000
74.500000
63.693000
92.020000
88.683000
89.240000
89.907000
73.367000
89.923000
86.317000
70.790000
71.380000
70.477000
90.993000
79.683000
69.283000
90.427000
88.450000
89.630000
90.503000
65.417000
72.950000
80.347000
90.080000
80.973000
68.490000
89.803000
64.917000
88.097000
78.707000
77.523000
88.057000
89.423000
87.617000
70.530000
89.297000
64.983000
73.610000
87.957000
71.243000
87.593000
75.247000
73.037000
90.683000
91.987000
88.980000
86.913000
86.410000
75.510000
76.727000
74.710000
87.013000
76.990000
87.910000
89.380000
85.747000
88.977000
65.840000
67.187000
85.537000
87.687000
89.893000
89.960000
73.307000
78.060000
88.603000
87.847000
88.270000
91.500000
85.860000
88.920000
88.897000
92.120000
86.830000
70.987000
90.557000
83.023000
62.703000
89.810000
89.263000
87.007000
88.000000
82.730000
75.903000
67.913000
89.150000
78.197000
88.753000
73.803000
75.810000
91.310000
89.887000
86.917000
89.470000
86.727000
86.743000
87.600000
72.653000
89.673000
60.757000
74.647000
90.607000
91.033000
75.973000
74.660000
75.400000
87.367000
78.507000
88.083000
91.300000
75.307000
74.430000
86.563000
87.280000
77.430000
78.487000
86.763000
73.630000
91.120000
65.713000
89.807000
71.217000
86.610000
74.970000
85.457000
82.043000
64.537000
72.253000
72.277000
89.527000
88.453000
71.977000
71.173000
88.220000
87.840000
71.560000
71.877000
89.457000
73.990000
88.010000
89.330000
88.800000
87.997000
84.453000
88.387000
87.940000
89.187000
93.293000
89.260000
88.303000
90.523000
91.020000
72.270000
80.717000
86.873000
63.130000
73.633000
66.003000
75.493000
91.167000
87.343000
77.203000
72.703000
74.133000
89.327000
68.877000
87.447000
90.397000
88.760000
89.680000
81.217000
89.463000
91.417000
89.743000
78.893000
78.463000
89.027000
87.503000
89.000000
90.263000
86.250000
75.350000
80.267000
88.910000
88.267000
81.897000
88.103000
88.900000
77.310000
75.123000
89.703000
90.000000
90.510000
73.517000
88.473000
88.623000
91.463000
75.353000
88.687000
75.657000
77.220000
62.427000
72.993000
88.563000
89.007000
72.990000
89.750000
76.193000
86.610000
72.320000
88.133000
64.167000
75.100000
74.227000
87.870000
91.077000
83.580000
78.877000
86.913000
76.003000
89.990000
88.217000
89.453000
79.820000
89.510000
89.460000
89.423000
77.813000
87.883000
89.970000
71.667000
71.293000
88.673000
89.773000
89.410000
89.607000
78.857000
76.797000
67.850000
88.423000
89.987000
86.520000
92.660000
77.277000
73.237000
88.167000
90.250000
88.770000
87.223000
72.363000
89.450000
89.537000
76.960000
91.050000
75.127000
86.213000
88.157000
69.977000
72.873000
86.817000
72.347000
87.343000
87.893000
86.537000
76.453000
88.383000
77.317000
88.237000
89.377000
68.287000
76.467000
69.247000
92.120000
88.353000
85.727000
88.817000
89.850000
71.783000
86.843000
89.660000
87.260000
78.190000
90.807000
88.313000
69.677000
86.427000
76.263000
86.607000
73.813000
87.447000
74.587000
78.077000
86.543000
89.380000
74.340000
71.770000
90.190000
74.413000
88.653000
89.950000
91.703000
80.907000
88.043000
77.643000
69.463000
84.890000
90.520000
89.290000
62.953000
74.620000
76.213000
67.020000
79.907000
90.583000
85.780000
80.520000
73.520000
89.167000
85.517000
88.957000
87.483000
89.673000
73.130000
87.080000
90.953000
80.790000
87.627000
76.570000
90.150000
73.137000
89.703000
91.903000
76.333000
68.297000
73.473000
90.337000
68.760000
71.047000
83.107000
76.837000
73.887000
87.473000
86.497000
74.483000
71.893000
78.070000
88.180000
75.987000
86.840000
74.727000
75.310000
70.227000
74.460000
87.790000
88.283000
88.930000
89.083000
72.627000
86.647000
89.633000
78.540000
87.967000
76.290000
87.727000
90.863000
91.050000
72.560000
89.403000
87.883000
88.637000
61.813000
90.593000
92.923000
75.200000
71.433000
89.813000
91.510000
88.437000
88.787000
89.510000
90.223000
78.910000
86.783000
74.977000
88.793000
86.907000
72.460000
88.997000
89.430000
88.673000
89.137000
68.603000
74.550000
88.693000
69.263000
85.490000
89.610000
89.300000
88.950000
74.287000
89.210000
89.660000
89.040000
88.507000
71.243000
70.627000
88.850000
80.077000
63.103000
75.167000
72.243000
77.057000
87.920000
73.440000
87.197000
90.097000
89.727000
90.297000
90.547000
73.533000
73.020000
77.317000
86.953000
90.987000
76.640000
91.333000
86.923000
80.963000
78.480000
72.293000
86.997000
88.147000
73.920000
71.247000
77.327000
91.977000
90.663000
78.060000
74.193000
90.630000
89.873000
78.473000
78.167000
74.653000
88.957000
93.347000
89.940000
77.743000
90.040000
91.650000
76.763000
93.683000
86.630000
89.477000
84.337000
75.613000
88.883000
85.760000
89.013000
76.790000
71.000000
88.733000
87.483000
85.607000
86.970000
71.660000
88.563000
87.880000
86.973000
86.897000
89.570000
70.177000
85.900000
86.270000
89.557000
76.833000
86.123000
62.370000
85.223000
69.683000
86.990000
87.233000
86.707000
88.807000
73.043000
85.930000
75.220000
88.407000
71.133000
84.137000
85.960000
86.643000
88.373000
84.583000
65.623000
88.753000
73.583000
77.067000
85.027000
83.890000
89.120000
75.520000
87.967000
69.767000
69.757000
86.087000
88.183000
68.853000
86.743000
86.750000
77.687000
73.783000
86.017000
60.890000
86.903000
89.017000
72.540000
88.090000
87.807000
88.710000
90.110000
89.027000
72.053000
72.440000
86.137000
67.047000
87.543000
73.370000
89.627000
70.397000
69.247000
90.767000
91.210000
87.570000
87.540000
86.757000
87.963000
71.957000
87.027000
76.713000
87.077000
89.420000
73.570000
88.860000
88.433000
87.047000
70.220000
78.690000
85.203000
74.043000
73.497000
85.563000
88.090000
74.287000
88.140000
87.117000
88.557000
70.903000
87.087000
87.377000
88.617000
69.347000
74.467000
86.913000
89.463000
69.827000
85.883000
83.970000
74.283000
89.583000
85.280000
87.813000
87.733000
67.653000
76.550000
69.030000
78.000000
76.467000
71.327000
65.973000
88.350000
89.167000
90.257000
86.350000
88.473000
86.600000
89.300000
91.010000
85.720000
75.520000
89.093000
87.377000
87.280000
86.330000
86.397000
89.543000
81.060000
72.320000
84.980000
85.460000
88.520000
87.817000
92.127000
91.397000
68.793000
87.317000
73.607000
89.360000
72.127000
87.950000
76.143000
76.757000
87.010000
89.060000
89.187000
80.093000
75.387000
87.467000
79.793000
87.683000
61.623000
71.840000
87.077000
85.693000
89.623000
86.893000
87.653000
90.153000
84.760000
67.690000
89.830000
88.843000
87.143000
72.357000
88.870000
76.587000
66.943000
71.103000
87.917000
78.093000
85.473000
88.887000
89.493000
91.147000
71.297000
88.587000
76.573000
70.243000
87.660000
87.370000
89.643000
84.447000
75.520000
72.207000
88.813000
88.893000
75.557000
73.347000
72.830000
90.307000
86.007000
86.900000
76.573000
88.827000
75.323000
79.030000
84.530000
85.773000
66.590000
89.507000
91.303000
73.993000
75.310000
85.773000
88.873000
89.443000
89.357000
89.270000
86.373000
89.407000
86.060000
85.277000
84.307000
69.853000
87.050000
88.493000
76.787000
90.110000
76.637000
73.540000
70.250000
69.453000
88.353000
85.650000
85.743000
88.770000
74.213000
75.040000
86.963000
71.573000
87.837000
75.277000
86.830000
85.870000
88.913000
88.147000
86.787000
71.270000
64.640000
89.760000
70.580000
71.070000
75.083000
88.817000
76.443000
86.660000
88.160000
70.327000
88.270000
70.550000
71.830000
91.000000
73.627000
87.370000
88.133000
89.017000
75.113000
87.030000
86.577000
78.407000
72.067000
88.117000
86.003000
87.100000
89.293000
88.343000
77.703000
86.247000
74.640000
87.927000
77.283000
77.170000
88.407000
88.737000
64.900000
85.510000
87.197000
87.783000
74.443000
85.520000
86.520000
78.650000
62.220000
85.067000
89.630000
85.453000
73.787000
87.517000
88.780000
80.360000
86.760000
77.753000
92.853000
64.307000
84.883000
86.557000
62.497000
72.750000
74.733000
88.423000
65.657000
68.640000
88.820000
88.037000
71.053000
89.403000
67.197000
70.290000
89.913000
88.423000
64.847000
88.120000
89.723000
62.107000
85.970000
86.427000
86.780000
87.760000
87.207000
90.270000
88.007000
89.867000
85.383000
72.937000
75.330000
86.063000
86.727000
74.597000
77.670000
90.260000
88.200000
73.540000
77.497000
77.317000
70.620000
69.573000
77.640000
76.520000
88.050000
76.380000
73.107000
87.870000
89.523000
75.090000
79.363000
89.633000
87.633000
75.970000
75.853000
69.120000
75.750000
77.270000
70.330000
66.400000
64.353000
90.227000
86.547000
73.103000
78.677000
68.320000
86.593000
79.703000
87.280000
89.013000
88.327000
72.157000
73.767000
90.110000
66.543000
72.233000
78.770000
87.713000
80.333000
71.913000
81.763000
90.193000
72.390000
70.873000
88.230000
87.160000
71.700000
81.007000
60.400000
94.353000
73.210000
71.840000
74.420000
78.177000
70.970000
86.680000
90.523000
64.017000
77.110000
66.480000
91.600000
87.297000
74.287000
91.660000
68.897000
87.130000
92.760000
66.760000
72.727000
89.357000
90.190000
74.540000
86.313000
78.053000
72.300000
78.377000
86.197000
80.107000
74.377000
89.393000
88.743000
73.490000
89.773000
78.243000
76.677000
90.060000
92.583000
87.483000
89.813000
70.393000
76.973000
75.697000
74.907000
85.553000
75.163000
88.200000
89.460000
74.780000
88.047000
88.530000
88.690000
87.883000
87.170000
73.120000
90.783000
87.493000
87.353000
65.250000
78.203000
77.263000
89.910000
92.810000
75.747000
70.453000
88.253000
74.410000
88.390000
71.903000
88.867000
90.247000
60.670000
71.673000
76.063000
90.483000
72.110000
75.460000
61.230000
72.700000
65.603000
74.987000
58.830000
82.993000
88.397000
74.580000
86.560000
75.323000
88.843000
88.090000
87.700000
81.710000
86.393000
89.487000
89.227000
72.567000
90.410000
71.840000
88.733000
87.623000
71.990000
75.317000
89.927000
89.783000
69.813000
86.500000
90.477000
68.493000
72.390000
74.717000
89.333000
75.150000
60.303000
68.583000
89.237000
90.290000
87.483000
76.337000
73.907000
91.173000
73.390000
88.833000
86.470000
89.987000
74.777000
75.957000
87.693000
75.710000
78.590000
90.377000
87.787000
76.030000
80.203000
69.750000
77.447000
88.757000
89.813000
74.917000
74.643000
76.093000
70.927000
72.203000
62.357000
89.300000
70.573000
70.257000
79.330000
87.673000
88.260000
90.543000
77.260000
67.937000
84.767000
89.627000
69.450000
77.537000
71.733000
89.787000
70.330000
86.643000
90.567000
75.450000
75.417000
87.003000
80.690000
91.867000
90.337000
86.960000
87.053000
90.370000
62.613000
87.380000
89.667000
70.207000
89.757000
70.867000
90.663000
83.950000
87.130000
88.277000
62.203000
77.200000
89.560000
90.877000
69.333000
88.940000
88.713000
88.057000
88.277000
89.757000
91.527000
89.713000
62.670000
67.890000
90.427000
75.583000
71.833000
71.543000
88.963000
91.597000
85.160000
73.070000
76.553000
75.310000
89.490000
76.117000
71.983000
88.063000
91.303000
78.087000
87.433000
73.293000
70.463000
91.617000
73.713000
71.870000
67.633000
88.703000
91.153000
89.760000
89.237000
77.567000
87.563000
88.117000
91.390000
68.893000
75.860000
65.283000
92.140000
85.910000
73.717000
89.047000
89.260000
89.343000
78.030000
87.260000
76.843000
63.853000
72.897000
75.143000
87.173000
76.057000
87.757000
91.617000
66.767000
86.590000
89.087000
86.280000
74.590000
71.600000
78.870000
76.637000
89.683000
88.893000
75.013000
75.523000
71.757000
87.827000
89.733000
72.537000
87.153000
91.277000
79.707000
89.920000
74.757000
79.063000
63.753000
88.103000
75.690000
90.120000
73.253000
75.953000
88.057000
90.807000
71.557000
89.177000
87.747000
87.603000
86.560000
73.183000
86.003000
85.817000
87.370000
70.680000
92.507000
76.633000
71.433000
91.630000
91.643000
75.633000
76.183000
90.707000
89.753000
68.487000
87.603000
85.343000
83.963000
90.503000
75.750000
88.747000
72.410000
89.740000
78.943000
86.597000
88.290000
89.573000
71.383000
87.537000
90.567000
89.747000
89.797000
89.413000
89.573000
61.920000
88.470000
89.007000
68.167000
87.057000
74.973000
88.830000
82.547000
88.670000
88.547000
89.323000
74.450000
72.860000
77.383000
86.290000
89.983000
90.960000
70.420000
89.700000
82.120000
90.150000
78.807000
86.750000
76.490000
70.670000
87.503000
91.840000
76.277000
83.367000
88.600000
88.710000
73.623000
88.650000
87.167000
86.320000
87.670000
87.570000
89.293000
86.690000
73.420000
88.747000
76.137000
75.980000
86.847000
68.417000
72.113000
88.020000
80.823000
87.043000
74.050000
88.733000
88.490000
77.107000
70.217000
72.233000
89.183000
74.297000
71.417000
89.233000
75.403000
69.843000
74.830000
91.670000
85.107000
87.220000
77.920000
57.597000
71.473000
85.260000
88.577000
90.467000
79.097000
73.333000
74.393000
85.603000
69.020000
87.807000
88.143000
91.920000
87.020000
61.857000
88.447000
70.897000
75.657000
90.030000
88.123000
87.670000
76.907000
77.063000
90.127000
77.560000
87.697000
80.090000
87.953000
79.310000
80.143000
86.473000
87.050000
72.043000
89.163000
87.687000
76.547000
67.543000
89.540000
76.827000
72.103000
87.737000
65.580000
76.770000
90.343000
89.557000
89.203000
87.950000
87.077000
91.367000
68.433000
85.943000
88.630000
88.350000
76.827000
68.660000
87.743000
92.520000
74.790000
90.357000
90.390000
89.613000
64.757000
78.527000
73.717000
86.450000
73.477000
74.030000
79.023000
78.377000
86.483000
89.040000
88.970000
84.433000
87.723000
86.440000
76.567000
68.833000
71.897000
90.310000
74.047000
87.260000
61.250000
87.363000
88.017000
87.743000
88.503000
75.397000
88.650000
88.693000
87.613000
87.320000
72.517000
73.520000
88.700000
74.967000
69.173000
72.387000
87.183000
66.953000
69.657000
70.850000
90.300000
76.430000
75.000000
87.557000
88.690000
87.353000
73.767000
89.523000
88.447000
69.417000
74.377000
71.463000
89.247000
74.973000
68.133000
88.087000
90.340000
76.807000
68.447000
90.007000
86.563000
88.150000
88.877000
79.013000
68.277000
76.683000
73.333000
91.677000
84.727000
87.787000
88.937000
91.963000
85.067000
67.203000
77.110000
74.513000
71.610000
73.287000
78.957000
87.120000
76.013000
87.870000
91.507000
91.660000
68.880000
64.850000
90.903000
67.960000
72.000000
71.520000
87.700000
75.867000
76.360000
85.113000
69.067000
83.337000
68.317000
78.310000
88.117000
67.550000
87.570000
86.163000
87.187000
85.640000
77.073000
86.247000
90.770000
67.340000
60.187000
88.703000
90.137000
87.880000
88.217000
75.033000
74.080000
80.533000
74.850000
83.690000
86.763000
87.550000
72.110000
75.933000
88.683000
88.533000
86.017000
72.910000
77.567000
88.880000
86.480000
88.600000
68.327000
70.850000
88.220000
61.887000
70.323000
67.807000
76.423000
85.110000
70.630000
91.517000
78.617000
73.493000
89.293000
73.393000
71.127000
89.780000
78.943000
87.170000
78.690000
77.277000
88.460000
77.603000
87.660000
71.060000
88.893000
89.417000
71.163000
87.410000
69.940000
77.197000
90.847000
89.537000
85.400000
90.147000
88.713000
80.467000
89.773000
88.793000
76.633000
89.607000
77.183000
78.410000
84.840000
69.373000
90.003000
72.007000
72.950000
88.667000
77.070000
77.753000
73.617000
88.923000
91.107000
87.923000
70.287000
87.453000
69.797000
81.033000
70.297000
88.243000
77.477000
69.783000
88.923000
74.847000
89.547000
70.293000
88.273000
87.240000
74.157000
88.830000
79.017000
86.263000
86.907000
75.417000
75.117000
87.547000
90.750000
77.157000
76.623000
87.757000
91.697000
87.153000
70.713000
89.117000
65.453000
73.277000
65.753000
92.327000
90.190000
89.673000
75.120000
86.373000
72.417000
85.367000
89.353000
91.417000
70.393000
79.930000
72.120000
74.267000
90.950000
78.937000
76.753000
88.967000
75.667000
61.353000
88.757000
87.340000
67.777000
88.317000
90.150000
86.390000
63.030000
63.377000
75.310000
64.747000
71.850000
75.883000
69.883000
70.993000
89.913000
88.930000
87.570000
88.800000
76.600000
74.990000
64.590000
89.070000
80.277000
74.057000
90.547000
88.587000
73.280000
90.053000
75.553000
82.287000
73.437000
89.560000
90.440000
60.137000
71.390000
77.563000
77.383000
76.673000
66.570000
67.723000
89.210000
89.130000
73.813000
85.880000
87.157000
91.060000
78.637000
87.683000
68.493000
90.627000
72.953000
75.060000
71.450000
69.243000
76.150000
67.120000
73.757000
71.340000
69.313000
88.457000
66.940000
68.720000
89.353000
70.000000
69.513000
88.643000
77.147000
74.833000
87.223000
88.390000
73.390000
66.297000
86.937000
69.047000
88.983000
87.523000
72.853000
76.277000
88.950000
73.503000
86.330000
78.817000
90.707000
89.360000
74.797000
74.037000
93.060000
86.673000
90.347000
74.653000
86.393000
72.597000
90.963000
89.250000
76.620000
66.003000
71.677000
92.447000
61.097000
87.083000
75.740000
82.167000
73.000000
73.123000
77.860000
71.207000
87.827000
88.417000
63.713000
85.153000
75.270000
88.110000
76.120000
78.387000
88.790000
90.640000
90.220000
76.903000
78.617000
89.190000
70.157000
76.140000
68.193000
85.850000
88.393000
88.483000
66.733000
62.290000
78.110000
75.593000
90.963000
75.317000
77.967000
88.437000
89.937000
76.247000
76.600000
76.703000
86.927000
76.477000
89.687000
75.847000
71.497000
88.423000
88.220000
75.043000
87.667000
73.440000
89.717000
90.560000
77.593000
70.467000
90.810000
90.360000
94.667000
85.407000
72.663000
87.953000
86.607000
73.047000
90.520000
78.020000
72.807000
76.277000
79.727000
65.247000
83.660000
89.457000
91.497000
89.920000
87.810000
72.983000
88.433000
87.270000
70.163000
89.233000
88.707000
68.577000
86.367000
73.740000
69.850000
88.260000
88.930000
90.123000
72.543000
88.183000
71.330000
86.370000
89.027000
89.890000
74.577000
73.093000
79.310000
87.457000
77.643000
73.483000
85.727000
85.017000
87.523000
73.087000
69.413000
85.567000
87.220000
88.600000
74.293000
72.373000
91.120000
84.090000
78.700000
89.027000
86.483000
65.903000
90.007000
90.397000
87.763000
76.053000
87.073000
84.690000
75.533000
87.640000
85.720000
75.437000
89.537000
81.773000
90.070000
86.433000
71.223000
89.797000
86.510000
68.850000
90.717000
89.247000
91.610000
88.263000
71.383000
75.293000
89.640000
77.823000
79.173000
70.987000
64.350000
64.647000
87.873000
90.210000
88.420000
84.507000
71.217000
76.103000
74.793000
86.150000
62.960000
88.577000
90.783000
70.353000
88.587000
90.577000
88.817000
88.017000
88.333000
85.987000
88.120000
88.623000
89.110000
74.297000
88.143000
75.563000
86.653000
86.043000
88.147000
89.217000
65.043000
75.077000
75.707000
87.317000
60.227000
89.897000
84.800000
90.157000
88.623000
87.933000
87.660000
69.713000
86.930000
84.440000
69.593000
73.510000
59.467000
80.213000
73.200000
76.720000
89.570000
89.030000
79.803000
73.173000
72.040000
71.063000
87.960000
83.087000
87.033000
90.693000
85.563000
87.187000
73.940000
75.603000
90.083000
89.677000
93.327000
87.207000
89.113000
80.830000
78.273000
75.450000
87.653000
88.893000
91.703000
88.903000
87.397000
75.360000
91.010000
76.263000
77.750000
90.897000
72.867000
60.907000
91.660000
89.433000
71.983000
87.863000
90.357000
62.797000
75.423000
85.997000
92.547000
76.813000
87.550000
86.243000
73.567000
69.213000
72.790000
76.083000
75.430000
85.710000
87.973000
77.087000
75.763000
92.070000
80.990000
90.557000
86.143000
87.077000
86.523000
73.890000
70.277000
75.870000
88.037000
90.550000
70.390000
83.647000
91.297000
89.020000
89.490000
71.637000
74.623000
59.717000
85.703000
90.923000
84.900000
86.390000
90.517000
83.443000
72.807000
75.177000
87.483000
77.317000
74.547000
90.867000
79.127000
87.090000
88.640000
88.217000
88.220000
74.557000
75.327000
89.463000
69.943000
64.703000
89.663000
71.990000
87.810000
76.320000
69.357000
88.647000
85.680000
89.433000
74.893000
86.387000
72.890000
61.217000
84.033000
76.597000
88.770000
75.623000
73.777000
88.053000
75.917000
86.323000
72.683000
75.480000
64.233000
88.250000
89.490000
76.847000
77.537000
87.280000
87.490000
61.157000
67.607000
76.227000
72.883000
75.997000
77.613000
88.240000
89.583000
85.687000
71.957000
93.073000
83.660000
65.107000
76.107000
76.977000
75.610000
74.453000
78.347000
70.943000
80.363000
88.443000
77.573000
72.170000
90.403000
90.807000
79.347000
88.063000
88.903000
84.827000
89.383000
89.983000
84.067000
74.777000
91.730000
66.170000
60.997000
89.507000
69.880000
71.087000
75.230000
89.660000
88.050000
90.953000
88.070000
89.237000
69.327000
88.017000
75.970000
89.937000
90.230000
69.947000
76.153000
73.860000
90.363000
89.813000
60.700000
76.037000
60.243000
70.540000
84.693000
71.353000
88.520000
91.103000
76.713000
92.550000
90.167000
78.743000
73.630000
88.650000
69.677000
71.387000
77.820000
73.553000
88.103000
74.597000
71.243000
84.783000
89.313000
87.387000
74.757000
90.197000
86.617000
89.040000
88.757000
86.467000
71.647000
84.447000
84.600000
68.740000
90.217000
88.093000
72.710000
60.687000
89.250000
74.007000
72.887000
88.990000
87.843000
88.567000
74.027000
87.480000
70.007000
87.257000
73.203000
86.557000
87.270000
80.763000
72.967000
86.740000
75.817000
85.197000
90.760000
58.563000
75.547000
69.237000
86.860000
78.697000
87.403000
90.710000
77.950000
87.233000
74.570000
90.713000
69.983000
70.143000
86.543000
82.857000
85.140000
88.173000
76.090000
76.587000
89.537000
90.250000
69.177000
83.903000
87.950000
75.843000
69.580000
63.203000
88.783000
73.357000
68.990000
72.143000
68.257000
69.477000
85.600000
89.550000
71.987000
90.540000
86.087000
85.897000
86.300000
88.940000
70.997000
86.663000
63.477000
88.670000
66.397000
77.570000
70.387000
78.270000
89.213000
65.810000
69.367000
75.397000
89.743000
69.793000
86.197000
75.830000
76.470000
84.100000
71.420000
88.570000
72.587000
77.177000
88.390000
75.890000
76.173000
72.900000
62.240000
68.560000
87.847000
73.727000
88.653000
75.130000
88.080000
69.463000
74.840000
77.293000
91.553000
82.757000
64.457000
90.093000
84.940000
85.973000
89.643000
87.460000
66.890000
72.157000
88.803000
67.940000
69.707000
88.317000
91.057000
78.147000
90.150000
64.750000
54.823000
71.747000
74.227000
76.863000
86.790000
76.687000
88.327000
87.950000
75.353000
89.820000
76.767000
63.020000
90.977000
88.387000
71.567000
89.507000
88.950000
84.883000
85.853000
89.990000
79.367000
81.313000
72.577000
73.740000
79.687000
86.473000
88.043000
75.033000
74.000000
68.523000
72.623000
72.583000
63.400000
92.187000
78.210000
66.013000
85.950000
74.627000
75.140000
73.407000
71.973000
65.280000
87.583000
64.720000
85.213000
72.513000
90.333000
63.063000
69.457000
90.813000
76.537000
72.613000
86.207000
88.327000
89.980000
69.113000
57.260000
79.027000
86.437000
90.597000
88.103000
76.360000
78.037000
69.173000
88.607000
74.920000
66.217000
69.860000
89.183000
69.777000
77.043000
76.437000
87.090000
75.920000
88.227000
75.480000
91.000000
76.027000
77.337000
73.300000
89.337000
78.587000
88.947000
87.933000
75.170000
86.660000
74.917000
73.723000
70.217000
72.737000
74.373000
67.197000
75.353000
89.057000
76.837000
89.693000
73.387000
67.037000
71.947000
74.693000
69.470000
87.393000
73.633000
67.653000
87.070000
71.617000
72.933000
73.283000
74.617000
71.497000
86.033000
74.197000
71.573000
65.573000
76.627000
71.967000
68.833000
85.690000
72.857000
88.180000
79.150000
86.970000
66.393000
88.290000
69.413000
85.617000
77.300000
74.233000
78.217000
74.107000
92.513000
85.790000
71.780000
74.587000
76.330000
87.370000
63.030000
78.363000
86.820000
87.797000
78.460000
87.247000
88.183000
76.030000
85.497000
71.763000
77.200000
71.553000
89.083000
72.907000
87.120000
74.530000
92.173000
86.550000
87.327000
73.787000
75.733000
87.853000
86.583000
88.290000
74.443000
68.413000
89.973000
72.843000
90.433000
73.600000
85.470000
75.527000
88.100000
64.253000
90.863000
74.523000
87.253000
86.967000
90.530000
71.880000
86.733000
87.520000
77.983000
74.000000
89.553000
77.793000
88.777000
86.217000
91.360000
87.750000
84.283000
88.870000
81.407000
75.987000
78.220000
88.583000
74.483000
87.443000
86.567000
64.500000
91.287000
69.497000
90.143000
91.160000
85.163000
88.970000
73.123000
73.277000
72.257000
70.497000
65.830000
89.217000
70.413000
88.570000
74.703000
75.723000
70.460000
71.357000
67.490000
89.867000
78.510000
69.970000
89.433000
85.883000
87.403000
74.850000
90.543000
77.747000
74.683000
86.193000
89.137000
70.167000
77.117000
79.083000
67.063000
71.313000
72.757000
71.453000
76.790000
72.363000
85.810000
73.463000
77.940000
72.773000
69.457000
87.097000
72.597000
81.677000
89.853000
88.820000
69.610000
67.610000
75.323000
75.477000
72.607000
77.210000
76.083000
76.620000
91.903000
89.957000
74.890000
70.713000
90.000000
69.727000
88.873000
76.067000
69.040000
73.120000
89.600000
88.497000
70.290000
89.097000
90.490000
90.033000
88.167000
88.323000
90.620000
68.417000
87.393000
87.647000
73.433000
85.610000
76.980000
89.727000
92.193000
86.970000
88.787000
72.940000
86.377000
90.470000
86.990000
85.717000
87.883000
73.897000
86.573000
89.213000
74.143000
87.457000
71.197000
89.490000
69.703000
89.570000
90.077000
87.510000
86.570000
88.540000
85.617000
76.547000
90.377000
75.687000
87.247000
88.040000
90.437000
74.593000
76.957000
90.337000
73.647000
77.227000
88.687000
62.983000
66.947000
89.470000
76.027000
67.370000
72.543000
73.560000
68.060000
71.987000
76.707000
66.190000
79.497000
87.403000
87.183000
83.943000
66.243000
75.177000
84.570000
89.407000
78.137000
72.097000
69.240000
90.177000
85.633000
76.813000
90.490000
71.337000
89.790000
84.220000
72.160000
73.880000
75.577000
69.943000
73.247000
60.753000
72.713000
88.087000
87.520000
87.103000
89.897000
89.260000
78.567000
85.990000
88.060000
86.253000
84.493000
89.323000
90.040000
71.717000
73.203000
88.260000
83.197000
57.720000
76.560000
89.070000
88.063000
88.397000
76.323000
86.653000
77.583000
89.123000
74.730000
73.430000
70.707000
75.490000
78.113000
69.073000
86.187000
73.323000
71.190000
87.260000
88.623000
67.383000
68.430000
71.580000
89.933000
68.213000
78.030000
91.193000
73.537000
65.887000
79.983000
87.833000
76.637000
72.663000
88.193000
87.423000
90.540000
60.070000
73.267000
88.990000
90.600000
88.767000
85.460000
88.827000
74.087000
86.440000
72.203000
86.880000
87.210000
88.057000
74.290000
69.143000
71.207000
87.997000
75.083000
86.820000
74.437000
74.060000
87.760000
73.717000
88.587000
77.850000
91.027000
87.593000
84.790000
75.380000
70.147000
88.670000
88.343000
73.220000
73.140000
91.227000
63.703000
89.450000
78.753000
88.753000
68.753000
72.190000
87.940000
72.470000
90.133000
78.020000
85.020000
66.843000
74.353000
79.060000
76.650000
86.577000
86.063000
86.337000
63.643000
89.250000
88.310000
89.997000
74.833000
78.257000
68.400000
89.723000
59.273000
87.103000
88.617000
87.750000
79.807000
85.510000
90.233000
85.263000
76.027000
67.350000
62.817000
70.470000
75.413000
72.917000
78.530000
89.240000
76.660000
72.933000
75.500000
88.250000
89.227000
74.823000
79.840000
90.893000
75.653000
76.573000
75.480000
69.927000
69.947000
89.913000
73.900000
78.003000
88.197000
67.510000
79.347000
72.100000
75.313000
67.243000
83.687000
77.060000
71.230000
64.093000
87.057000
88.900000
76.240000
89.063000
87.017000
88.843000
76.740000
68.810000
89.827000
62.553000
83.497000
85.800000
73.803000
71.607000
80.053000
89.000000
73.537000
74.610000
87.473000
86.993000
85.170000
59.757000
64.903000
72.797000
74.303000
65.643000
72.180000
88.037000
86.783000
77.810000
87.837000
79.513000
70.833000
88.653000
88.347000
91.133000
73.637000
87.770000
87.567000
68.177000
88.963000
73.537000
75.913000
87.257000
75.120000
75.100000
88.490000
77.630000
87.270000
67.930000
86.200000
76.020000
72.510000
78.513000
68.293000
70.610000
83.610000
72.903000
87.610000
64.110000
75.550000
87.330000
86.327000
74.333000
88.787000
87.467000
89.907000
80.593000
70.953000
76.133000
88.590000
73.900000
74.233000
89.993000
74.313000
67.750000
71.477000
88.587000
67.057000
66.033000
72.627000
90.197000
85.947000
66.107000
89.697000
89.677000
69.957000
65.780000
87.193000
72.510000
88.110000
88.263000
89.260000
79.553000
88.290000
72.853000
88.603000
86.700000
85.697000
88.360000
89.153000
75.410000
69.120000
87.270000
88.573000
78.823000
92.093000
87.127000
86.553000
75.657000
75.957000
76.553000
86.540000
67.907000
80.880000
59.947000
89.347000
85.397000
87.773000
78.353000
88.990000
66.503000
90.780000
71.937000
66.410000
67.987000
88.907000
74.360000
87.967000
77.113000
89.370000
70.260000
71.543000
89.090000
84.617000
88.143000
77.773000
88.947000
73.983000
87.117000
76.607000
65.613000
75.613000
74.607000
70.553000
71.997000
76.807000
68.290000
72.907000
79.330000
88.200000
70.787000
87.377000
89.660000
74.120000
86.690000
90.520000
69.940000
63.170000
71.687000
75.913000
88.527000
70.100000
87.990000
90.487000
69.493000
61.170000
87.753000
70.490000
75.453000
72.177000
87.950000
90.670000
84.477000
89.390000
67.360000
71.497000
89.793000
84.940000
74.423000
89.860000
70.787000
78.763000
82.457000
63.673000
87.130000
75.783000
69.487000
88.940000
87.650000
66.333000
73.100000
77.200000
62.710000
69.677000
71.973000
86.563000
81.083000
84.977000
89.573000
71.803000
68.843000
87.763000
91.507000
65.167000
71.020000
71.267000
76.950000
72.673000
71.790000
73.133000
89.413000
77.297000
78.437000
88.927000
91.190000
85.963000
89.380000
75.453000
73.740000
86.690000
88.017000
90.833000
77.510000
88.450000
88.620000
88.487000
74.883000
69.040000
73.690000
89.637000
89.970000
90.147000
89.903000
75.830000
69.320000
72.713000
86.653000
87.697000
74.513000
76.133000
89.233000
78.007000
91.890000
61.517000
87.890000
88.680000
88.337000
86.313000
88.613000
91.487000
89.973000
76.443000
88.813000
88.963000
70.210000
87.330000
75.267000
86.913000
79.943000
84.630000
76.687000
75.180000
88.393000
89.797000
74.137000
73.497000
89.447000
88.507000
77.737000
70.530000
71.610000
86.947000
78.123000
69.460000
86.033000
89.870000
66.450000
80.977000
72.183000
74.877000
86.107000
73.730000
71.707000
76.287000
73.630000
69.360000
75.047000
92.607000
82.000000
64.643000
85.400000
72.957000
88.400000
69.933000
84.210000
74.757000
88.197000
89.517000
71.313000
78.877000
77.800000
69.710000
73.273000
87.133000
87.380000
86.957000
87.977000
88.533000
86.997000
87.647000
86.003000
80.287000
70.833000
74.147000
85.587000
77.717000
86.093000
90.350000
88.123000
73.847000
88.050000
88.337000
90.927000
77.187000
75.170000
88.357000
77.667000
86.437000
88.103000
88.393000
66.093000
76.210000
87.403000
87.153000
88.623000
80.887000
74.953000
89.693000
90.217000
60.933000
76.950000
89.900000
87.880000
76.897000
87.187000
87.807000
76.257000
76.580000
84.017000
88.540000
68.780000
75.260000
72.210000
88.847000
75.817000
75.767000
77.100000
89.823000
72.473000
64.777000
85.183000
66.660000
89.313000
88.390000
88.920000
73.197000
67.563000
84.457000
74.223000
86.157000
74.837000
74.583000
65.157000
87.520000
77.037000
65.727000
85.717000
88.527000
87.977000
86.213000
73.543000
74.467000
75.817000
76.130000
69.670000
75.000000
76.547000
77.177000
86.493000
90.083000
74.643000
82.050000
85.560000
89.420000
68.187000
68.983000
80.983000
72.520000
88.693000
85.247000
90.067000
73.770000
75.317000
86.940000
87.577000
88.860000
69.287000
85.247000
86.980000
86.740000
75.387000
87.197000
73.887000
90.007000
84.987000
87.620000
66.770000
74.430000
87.310000
87.287000
89.167000
70.487000
77.670000
88.270000
68.057000
73.773000
72.223000
68.637000
68.033000
73.430000
75.433000
67.703000
80.747000
81.067000
71.463000
90.087000
76.087000
85.790000
61.447000
87.083000
74.410000
84.130000
71.823000
76.200000
87.370000
73.310000
66.160000
73.490000
83.370000
84.777000
83.137000
67.470000
83.150000
72.010000
64.170000
87.057000
68.080000
71.153000
77.697000
73.380000
69.633000
73.580000
86.330000
72.337000
85.910000
68.527000
88.043000
73.053000
71.793000
84.807000
89.527000
76.330000
71.977000
86.260000
89.283000
88.313000
73.930000
71.203000
86.273000
86.093000
89.693000
76.043000
87.183000
90.723000
73.277000
86.140000
88.983000
88.083000
86.990000
89.200000
76.027000
76.337000
87.630000
75.027000
86.990000
63.917000
72.317000
79.040000
71.180000
82.863000
79.613000
74.883000
73.683000
89.567000
70.873000
70.377000
73.007000
71.480000
74.297000
73.547000
74.823000
89.800000
80.040000
84.260000
74.740000
74.547000
87.020000
78.403000
85.483000
88.943000
87.323000
86.070000
85.787000
87.983000
88.437000
72.663000
86.273000
90.347000
85.167000
85.053000
86.670000
80.187000
61.360000
70.307000
90.707000
75.663000
71.040000
91.260000
77.350000
75.070000
71.507000
87.030000
63.730000
86.587000
74.960000
85.340000
88.280000
73.877000
69.437000
88.023000
75.140000
79.933000
64.017000
88.560000
86.353000
87.650000
73.310000
86.350000
76.633000
86.967000
71.950000
89.713000
77.410000
87.620000
86.990000
89.380000
90.057000
69.693000
87.547000
88.320000
86.093000
74.223000
