748505.000000
707738.000000
684547.000000
712777.000000
706475.000000
721343.000000
708654.000000
757140.000000
692884.000000
692515.000000
704726.000000
782567.000000
680552.000000
697230.000000
761630.000000
697340.000000
712696.000000
688428.000000
720349.000000
695841.000000
693000.000000
708214.000000
703105.000000
706815.000000
707950.000000
687687.000000
754045.000000
718412.000000
769458.000000
688781.000000
726622.000000
694782.000000
697433.000000
688964.000000
700637.000000
702477.000000
680783.000000
708414.000000
682980.000000
665600.000000
699247.000000
701132.000000
713168.000000
689670.000000
677510.000000
665897.000000
731238.000000
678914.000000
706978.000000
681654.000000
694904.000000
731340.000000
710832.000000
714114.000000
694425.000000
707970.000000
687443.000000
694819.000000
699293.000000
704689.000000
704075.000000
698888.000000
705370.000000
704004.000000
743007.000000
710245.000000
688630.000000
703954.000000
685876.000000
692667.000000
705620.000000
785376.000000
699320.000000
693763.000000
718380.000000
717455.000000
694046.000000
699053.000000
711646.000000
705242.000000
712722.000000
692479.000000
702811.000000
683334.000000
780175.000000
700316.000000
770138.000000
697678.000000
732309.000000
760631.000000
690530.000000
694533.000000
695869.000000
704289.000000
700795.000000
700938.000000
712454.000000
695428.000000
700588.000000
696670.000000
747573.000000
695107.000000
696628.000000
705255.000000
709035.000000
740846.000000
717998.000000
731277.000000
709559.000000
717142.000000
731544.000000
700316.000000
770586.000000
704294.000000
708550.000000
709201.000000
693827.000000
715522.000000
693640.000000
708324.000000
696724.000000
736032.000000
710441.000000
768027.000000
694751.000000
712859.000000
730483.000000
736458.000000
721997.000000
707052.000000
705810.000000
690560.000000
713902.000000
784613.000000
759550.000000
780041.000000
720847.000000
725999.000000
722855.000000
739385.000000
691234.000000
722222.000000
691618.000000
694826.000000
711403.000000
706206.000000
691618.000000
698056.000000
688866.000000
694280.000000
692518.000000
721437.000000
708116.000000
675069.000000
681323.000000
691119.000000
699760.000000
681773.000000
699876.000000
721855.000000
679881.000000
678928.000000
672722.000000
754233.000000
671264.000000
671009.000000
740270.000000
683752.000000
735872.000000
701361.000000
686657.000000
688042.000000
744566.000000
795339.000000
737808.000000
732129.000000
725385.000000
729722.000000
751072.000000
754239.000000
780547.000000
697871.000000
705204.000000
712981.000000
700796.000000
711202.000000
698429.000000
698601.000000
687556.000000
715294.000000
697894.000000
716245.000000
714611.000000
688955.000000
705978.000000
698802.000000
681761.000000
733715.000000
715550.000000
711658.000000
704576.000000
690798.000000
704536.000000
699237.000000
691465.000000
767648.000000
701530.000000
688296.000000
756736.000000
706793.000000
698846.000000
684404.000000
708493.000000
706223.000000
704728.000000
702436.000000
706695.000000
693459.000000
691106.000000
690449.000000
752906.000000
681986.000000
738800.000000
687349.000000
683836.000000
747034.000000
695549.000000
746955.000000
683488.000000
730178.000000
696319.000000
701843.000000
695702.000000
704047.000000
700114.000000
709619.000000
702857.000000
689364.000000
688498.000000
729577.000000
764859.000000
721903.000000
707267.000000
721745.000000
716480.000000
698107.000000
724664.000000
699751.000000
694465.000000
718747.000000
702703.000000
700023.000000
704708.000000
696707.000000
713096.000000
683014.000000
722480.000000
688644.000000
687932.000000
689356.000000
681976.000000
702700.000000
698073.000000
730431.000000
723832.000000
671826.000000
701034.000000
748195.000000
696654.000000
694145.000000
687462.000000
685435.000000
688274.000000
695965.000000
710620.000000
684189.000000
758751.000000
673855.000000
677859.000000
676553.000000
764817.000000
691158.000000
748770.000000
717433.000000
685124.000000
683196.000000
679924.000000
749568.000000
724801.000000
738114.000000
688346.000000
724319.000000
684621.000000
717714.000000
715249.000000
695194.000000
761306.000000
770264.000000
713663.000000
691571.000000
791303.000000
716198.000000
715718.000000
704277.000000
717318.000000
767266.000000
722181.000000
699121.000000
696558.000000
700783.000000
731982.000000
706325.000000
694760.000000
766868.000000
693538.000000
699388.000000
700779.000000
697778.000000
703786.000000
761730.000000
756925.000000
727711.000000
714204.000000
694093.000000
682733.000000
682951.000000
681713.000000
678678.000000
691521.000000
695612.000000
669986.000000
678058.000000
681007.000000
742145.000000
755452.000000
754704.000000
675362.000000
691281.000000
675451.000000
691714.000000
679419.000000
685632.000000
690216.000000
749048.000000
696430.000000
699861.000000
711456.000000
732155.000000
781619.000000
702650.000000
732307.000000
726714.000000
703822.000000
701725.000000
739767.000000
694496.000000
678527.000000
763484.000000
714516.000000
699341.000000
691452.000000
759128.000000
712582.000000
719747.000000
689380.000000
696367.000000
707998.000000
728437.000000
680855.000000
759960.000000
699672.000000
707525.000000
703293.000000
760098.000000
689984.000000
757880.000000
714115.000000
686260.000000
683437.000000
790458.000000
735521.000000
686274.000000
730006.000000
710760.000000
693934.000000
700368.000000
702545.000000
710934.000000
688037.000000
688948.000000
779232.000000
678733.000000
702930.000000
764942.000000
683862.000000
714611.000000
708723.000000
745908.000000
730697.000000
684727.000000
677467.000000
691553.000000
708196.000000
775977.000000
694792.000000
691562.000000
682183.000000
705791.000000
697203.000000
740849.000000
696209.000000
732397.000000
718724.000000
697076.000000
702146.000000
707499.000000
756854.000000
683440.000000
729979.000000
696438.000000
687584.000000
741550.000000
712674.000000
690615.000000
689495.000000
698914.000000
692163.000000
685262.000000
684603.000000
729866.000000
708322.000000
761099.000000
718258.000000
684605.000000
697630.000000
701271.000000
709426.000000
696548.000000
680571.000000
700323.000000
707399.000000
760079.000000
679660.000000
721717.000000
684032.000000
684572.000000
704256.000000
747413.000000
709920.000000
702065.000000
706834.000000
683747.000000
745687.000000
694455.000000
721060.000000
688190.000000
689104.000000
706292.000000
685085.000000
685632.000000
697301.000000
674566.000000
733531.000000
692024.000000
724373.000000
690438.000000
750048.000000
686833.000000
680601.000000
695340.000000
701260.000000
699863.000000
697532.000000
712516.000000
713757.000000
767041.000000
753170.000000
731428.000000
715050.000000
729368.000000
685484.000000
763725.000000
693100.000000
719568.000000
699699.000000
690688.000000
740787.000000
681333.000000
699604.000000
699682.000000
768000.000000
689248.000000
707896.000000
702333.000000
700421.000000
727478.000000
695091.000000
764122.000000
696539.000000
682391.000000
677830.000000
761504.000000
698419.000000
696114.000000
742346.000000
707038.000000
699578.000000
682780.000000
682931.000000
705670.000000
712405.000000
750668.000000
709027.000000
724398.000000
708620.000000
686097.000000
780311.000000
755274.000000
717761.000000
692818.000000
690979.000000
723026.000000
690873.000000
756429.000000
763325.000000
736968.000000
770910.000000
709334.000000
717925.000000
682658.000000
764503.000000
698004.000000
688882.000000
750075.000000
690174.000000
687405.000000
766602.000000
693131.000000
691722.000000
747574.000000
723485.000000
722000.000000
759155.000000
688962.000000
696412.000000
695007.000000
686556.000000
694955.000000
738544.000000
694501.000000
686261.000000
688979.000000
704367.000000
698225.000000
747256.000000
709110.000000
730111.000000
749973.000000
686041.000000
754727.000000
694026.000000
679083.000000
714565.000000
694281.000000
766124.000000
712567.000000
697904.000000
679550.000000
687865.000000
698396.000000
703130.000000
707211.000000
710386.000000
710502.000000
691414.000000
686939.000000
695286.000000
688820.000000
719539.000000
753297.000000
685734.000000
812726.000000
707121.000000
694414.000000
763210.000000
693754.000000
721899.000000
702318.000000
701117.000000
684591.000000
734095.000000
731315.000000
721478.000000
699692.000000
700357.000000
703160.000000
737610.000000
750685.000000
686596.000000
739967.000000
748919.000000
698301.000000
689880.000000
683342.000000
760596.000000
684754.000000
711942.000000
785663.000000
703101.000000
703558.000000
763624.000000
705808.000000
747856.000000
741432.000000
704711.000000
682428.000000
707590.000000
743479.000000
751080.000000
687461.000000
703376.000000
746430.000000
684813.000000
689507.000000
671686.000000
734851.000000
694017.000000
708398.000000
667552.000000
733533.000000
680741.000000
730738.000000
733261.000000
672764.000000
724942.000000
695346.000000
736659.000000
674485.000000
699478.000000
699862.000000
686385.000000
753792.000000
696355.000000
689079.000000
730289.000000
684570.000000
724928.000000
687532.000000
683982.000000
684667.000000
701069.000000
736645.000000
684641.000000
698682.000000
769543.000000
690103.000000
769510.000000
694029.000000
689489.000000
731419.000000
762663.000000
691995.000000
684791.000000
695591.000000
703400.000000
760780.000000
708043.000000
704722.000000
697893.000000
679022.000000
686177.000000
712636.000000
691357.000000
696451.000000
697694.000000
717159.000000
690313.000000
700466.000000
701326.000000
702267.000000
688355.000000
711591.000000
753658.000000
692448.000000
688641.000000
690134.000000
729977.000000
779360.000000
687705.000000
689361.000000
698088.000000
693391.000000
692906.000000
697094.000000
776222.000000
727518.000000
707817.000000
687306.000000
789593.000000
695083.000000
690802.000000
709329.000000
699384.000000
709687.000000
745790.000000
684469.000000
722671.000000
697642.000000
689386.000000
687437.000000
713283.000000
785412.000000
693708.000000
699987.000000
766891.000000
684312.000000
721533.000000
672546.000000
695992.000000
691826.000000
771286.000000
720788.000000
755472.000000
687770.000000
699231.000000
726698.000000
696135.000000
682010.000000
699340.000000
714737.000000
688975.000000
688784.000000
687502.000000
726274.000000
694955.000000
680979.000000
728223.000000
688838.000000
701584.000000
671159.000000
678083.000000
713956.000000
740725.000000
773081.000000
674875.000000
675940.000000
676484.000000
664946.000000
679144.000000
684221.000000
731511.000000
691506.000000
756244.000000
689872.000000
747085.000000
674443.000000
735064.000000
678054.000000
681948.000000
673597.000000
674205.000000
679508.000000
724799.000000
684463.000000
682194.000000
703985.000000
683158.000000
697298.000000
728275.000000
774624.000000
693672.000000
709143.000000
692984.000000
676038.000000
698788.000000
687216.000000
688676.000000
691928.000000
677163.000000
692160.000000
683512.000000
678112.000000
683135.000000
714962.000000
723704.000000
684200.000000
689189.000000
697663.000000
698418.000000
779415.000000
687924.000000
689045.000000
699067.000000
726447.000000
803387.000000
686805.000000
725770.000000
687800.000000
758826.000000
715805.000000
688832.000000
704091.000000
692406.000000
687835.000000
688934.000000
711801.000000
693876.000000
700035.000000
702209.000000
755616.000000
750302.000000
720183.000000
700458.000000
679382.000000
708090.000000
688996.000000
688960.000000
722488.000000
707334.000000
700530.000000
770456.000000
683278.000000
680575.000000
751431.000000
683722.000000
689486.000000
734970.000000
680795.000000
706454.000000
752858.000000
693784.000000
691746.000000
677304.000000
693268.000000
741754.000000
693030.000000
770597.000000
727602.000000
707016.000000
707778.000000
705695.000000
749403.000000
777331.000000
769610.000000
733608.000000
705260.000000
677989.000000
692103.000000
744463.000000
710160.000000
713715.000000
759727.000000
678427.000000
664951.000000
685840.000000
766523.000000
760487.000000
772080.000000
748021.000000
738844.000000
687796.000000
683661.000000
662459.000000
679050.000000
673904.000000
682989.000000
676047.000000
752507.000000
696228.000000
777339.000000
685749.000000
683544.000000
716982.000000
713208.000000
733613.000000
722129.000000
762264.000000
771246.000000
684773.000000
714686.000000
708168.000000
699922.000000
706787.000000
743718.000000
765268.000000
705835.000000
688189.000000
684714.000000
705617.000000
741447.000000
746912.000000
668591.000000
673826.000000
694973.000000
682217.000000
749560.000000
719300.000000
697490.000000
693148.000000
705352.000000
684192.000000
741450.000000
703730.000000
677798.000000
731201.000000
769433.000000
693547.000000
718404.000000
695299.000000
702232.000000
686664.000000
713919.000000
711638.000000
749047.000000
690138.000000
679968.000000
690031.000000
697958.000000
696833.000000
692931.000000
760824.000000
741065.000000
795654.000000
700596.000000
693958.000000
696606.000000
706225.000000
712385.000000
748609.000000
747078.000000
713896.000000
706360.000000
705702.000000
701068.000000
696188.000000
714108.000000
703064.000000
722021.000000
722539.000000
714854.000000
713016.000000
708455.000000
730610.000000
719937.000000
704290.000000
731196.000000
711066.000000
736443.000000
699486.000000
690766.000000
710135.000000
692754.000000
769429.000000
763629.000000
696381.000000
694716.000000
749833.000000
776422.000000
746210.000000
787416.000000
680503.000000
733041.000000
684236.000000
701707.000000
722513.000000
744270.000000
737689.000000
736051.000000
689121.000000
778786.000000
683362.000000
694212.000000
671361.000000
689537.000000
682641.000000
669042.000000
682120.000000
678231.000000
676492.000000
699982.000000
681809.000000
664725.000000
688952.000000
701318.000000
691487.000000
764435.000000
689947.000000
716024.000000
681508.000000
693227.000000
694340.000000
704437.000000
686768.000000
749275.000000
717289.000000
706264.000000
705604.000000
698243.000000
721884.000000
766135.000000
708520.000000
727128.000000
704957.000000
715016.000000
731189.000000
700133.000000
699422.000000
774534.000000
687217.000000
703718.000000
694825.000000
698825.000000
700801.000000
695842.000000
760590.000000
693224.000000
704417.000000
692331.000000
733099.000000
712497.000000
703094.000000
700623.000000
743847.000000
704515.000000
703141.000000
690867.000000
699580.000000
755382.000000
777015.000000
674482.000000
700179.000000
712432.000000
728337.000000
753853.000000
730254.000000
761610.000000
694067.000000
669764.000000
745732.000000
693018.000000
744394.000000
691963.000000
739547.000000
696303.000000
730822.000000
700657.000000
716110.000000
693965.000000
702006.000000
700076.000000
690900.000000
698888.000000
708595.000000
706483.000000
710360.000000
685771.000000
770557.000000
695257.000000
723524.000000
898620.000000
697030.000000
707673.000000
716206.000000
690030.000000
696950.000000
684357.000000
682747.000000
687905.000000
701195.000000
758615.000000
702050.000000
691455.000000
787313.000000
701998.000000
720566.000000
687577.000000
696909.000000
711099.000000
678254.000000
702644.000000
744599.000000
673199.000000
676183.000000
684407.000000
696632.000000
676137.000000
727438.000000
715654.000000
688999.000000
721272.000000
693639.000000
687821.000000
701513.000000
692363.000000
755159.000000
723602.000000
673666.000000
715609.000000
681254.000000
763092.000000
679488.000000
683973.000000
674842.000000
704810.000000
710291.000000
774563.000000
719340.000000
726640.000000
681988.000000
683887.000000
769213.000000
771943.000000
745737.000000
711445.000000
694893.000000
701858.000000
700957.000000
719631.000000
775400.000000
708706.000000
712754.000000
699220.000000
753928.000000
696240.000000
719975.000000
716148.000000
694095.000000
693684.000000
699207.000000
688256.000000
700931.000000
751989.000000
744210.000000
683860.000000
714439.000000
723143.000000
689033.000000
699816.000000
708577.000000
765213.000000
691676.000000
713525.000000
677950.000000
685325.000000
688775.000000
684941.000000
708727.000000
685007.000000
704149.000000
777482.000000
747862.000000
691982.000000
711260.000000
696842.000000
696738.000000
677992.000000
698305.000000
681962.000000
702171.000000
701031.000000
692980.000000
733716.000000
688810.000000
674306.000000
765981.000000
691279.000000
722760.000000
764869.000000
706824.000000
682987.000000
742942.000000
708274.000000
693396.000000
698982.000000
673533.000000
770831.000000
702185.000000
694284.000000
694984.000000
745619.000000
689065.000000
689115.000000
716377.000000
738247.000000
691532.000000
686150.000000
701314.000000
712595.000000
713208.000000
691984.000000
689411.000000
680579.000000
681477.000000
688374.000000
693369.000000
692684.000000
694217.000000
698340.000000
746966.000000
728855.000000
682106.000000
683465.000000
729345.000000
698383.000000
674836.000000
768036.000000
685340.000000
737206.000000
681656.000000
696861.000000
703028.000000
685214.000000
782076.000000
689064.000000
690623.000000
690810.000000
668215.000000
735317.000000
708242.000000
707842.000000
726728.000000
734142.000000
712897.000000
695417.000000
752679.000000
687632.000000
789592.000000
689167.000000
736631.000000
700557.000000
675655.000000
714180.000000
684035.000000
672541.000000
680363.000000
693908.000000
696366.000000
704696.000000
799938.000000
687205.000000
767865.000000
683044.000000
679440.000000
690269.000000
690483.000000
713637.000000
692779.000000
681720.000000
737670.000000
770232.000000
757314.000000
691302.000000
701038.000000
722463.000000
696739.000000
762388.000000
700850.000000
689063.000000
692188.000000
700051.000000
690664.000000
753723.000000
761174.000000
699415.000000
691007.000000
694651.000000
690009.000000
688794.000000
746609.000000
713236.000000
685847.000000
753809.000000
681951.000000
706672.000000
763634.000000
693058.000000
699152.000000
698505.000000
676846.000000
742354.000000
764428.000000
696390.000000
728497.000000
698801.000000
682920.000000
697477.000000
690207.000000
688982.000000
732960.000000
732752.000000
712207.000000
719977.000000
704486.000000
760483.000000
734159.000000
697521.000000
686081.000000
755263.000000
695308.000000
687985.000000
735450.000000
714523.000000
714450.000000
708895.000000
693054.000000
755227.000000
674416.000000
775213.000000
684716.000000
692556.000000
697525.000000
728677.000000
671832.000000
764863.000000
685415.000000
714300.000000
687198.000000
680350.000000
748864.000000
688514.000000
733178.000000
671701.000000
677123.000000
687051.000000
706702.000000
686523.000000
699591.000000
755110.000000
705481.000000
754945.000000
690129.000000
690781.000000
711792.000000
695252.000000
735732.000000
759216.000000
738505.000000
673173.000000
690039.000000
694642.000000
687662.000000
694109.000000
672850.000000
688043.000000
683328.000000
674829.000000
760715.000000
774483.000000
718079.000000
665681.000000
661901.000000
670544.000000
691451.000000
677059.000000
703907.000000
689160.000000
684379.000000
677659.000000
718107.000000
691782.000000
676718.000000
725124.000000
682361.000000
710700.000000
693105.000000
681066.000000
689913.000000
724888.000000
687866.000000
736092.000000
690214.000000
720601.000000
701704.000000
768318.000000
691649.000000
735554.000000
690016.000000
693421.000000
698549.000000
682996.000000
677681.000000
698250.000000
704095.000000
696457.000000
669267.000000
698736.000000
708206.000000
682268.000000
694898.000000
690791.000000
704515.000000
765580.000000
707008.000000
714110.000000
764283.000000
763110.000000
701480.000000
695563.000000
698825.000000
730533.000000
752241.000000
866369.000000
707075.000000
715933.000000
704543.000000
726520.000000
729181.000000
712549.000000
694433.000000
702603.000000
718336.000000
686104.000000
691356.000000
750316.000000
690431.000000
742806.000000
760440.000000
694708.000000
700318.000000
700485.000000
749321.000000
700213.000000
803549.000000
702277.000000
735041.000000
699988.000000
698723.000000
707553.000000
736888.000000
778414.000000
684989.000000
698263.000000
698753.000000
746983.000000
705652.000000
757450.000000
744178.000000
688956.000000
664007.000000
682737.000000
711512.000000
696288.000000
676952.000000
681614.000000
676435.000000
695515.000000
685439.000000
681192.000000
776201.000000
697915.000000
665462.000000
697197.000000
719707.000000
708353.000000
681999.000000
736403.000000
687377.000000
688706.000000
683031.000000
673579.000000
680712.000000
677375.000000
682853.000000
703596.000000
675636.000000
688040.000000
755596.000000
678895.000000
705315.000000
704175.000000
711797.000000
747430.000000
682396.000000
684703.000000
730747.000000
669609.000000
760312.000000
685787.000000
721186.000000
677303.000000
694740.000000
712907.000000
694457.000000
692489.000000
685068.000000
696156.000000
684148.000000
713042.000000
702662.000000
769593.000000
699779.000000
750396.000000
759830.000000
718499.000000
679234.000000
704767.000000
686330.000000
710176.000000
708157.000000
721902.000000
686481.000000
683697.000000
735656.000000
723248.000000
707901.000000
693915.000000
764038.000000
778850.000000
708128.000000
727161.000000
715389.000000
677856.000000
714690.000000
700263.000000
691049.000000
724569.000000
722558.000000
692670.000000
690464.000000
715667.000000
765360.000000
732749.000000
738638.000000
703865.000000
693336.000000
690307.000000
689930.000000
705110.000000
692985.000000
783102.000000
751351.000000
700621.000000
695465.000000
768042.000000
711301.000000
762259.000000
696882.000000
700355.000000
692327.000000
703005.000000
694285.000000
708099.000000
686968.000000
764958.000000
681585.000000
711213.000000
768376.000000
711592.000000
727549.000000
778711.000000
694267.000000
725235.000000
689723.000000
706081.000000
803249.000000
707322.000000
688398.000000
683250.000000
728856.000000
692180.000000
716254.000000
688216.000000
700891.000000
722433.000000
705830.000000
713096.000000
701812.000000
755299.000000
757020.000000
701584.000000
676349.000000
734754.000000
709118.000000
732918.000000
710646.000000
734215.000000
682634.000000
755544.000000
705987.000000
722548.000000
698580.000000
688496.000000
747674.000000
712429.000000
708164.000000
698436.000000
692143.000000
698116.000000
703439.000000
717615.000000
685521.000000
686104.000000
730544.000000
680884.000000
727116.000000
712903.000000
751699.000000
697340.000000
692331.000000
686931.000000
690711.000000
704305.000000
782807.000000
702861.000000
696418.000000
680856.000000
695219.000000
702201.000000
701036.000000
713923.000000
680310.000000
685073.000000
700083.000000
766901.000000
694231.000000
714509.000000
734889.000000
682476.000000
692551.000000
676400.000000
693294.000000
719678.000000
711334.000000
701531.000000
707244.000000
710666.000000
715480.000000
710130.000000
743134.000000
761572.000000
709833.000000
696368.000000
745723.000000
686388.000000
716567.000000
693273.000000
702974.000000
684619.000000
705403.000000
705509.000000
701738.000000
682429.000000
702863.000000
697061.000000
749531.000000
679442.000000
681479.000000
698574.000000
765262.000000
702682.000000
680270.000000
680090.000000
691767.000000
746535.000000
694624.000000
688860.000000
698599.000000
679903.000000
689130.000000
698418.000000
809372.000000
705212.000000
692420.000000
700969.000000
703324.000000
706367.000000
695624.000000
689104.000000
701069.000000
692798.000000
695691.000000
698740.000000
688643.000000
706515.000000
691458.000000
691718.000000
791645.000000
752446.000000
701529.000000
735363.000000
680605.000000
677983.000000
694432.000000
693957.000000
698347.000000
687776.000000
685708.000000
713671.000000
684186.000000
703926.000000
679448.000000
722418.000000
756961.000000
735033.000000
708786.000000
688624.000000
693244.000000
733375.000000
715642.000000
698014.000000
691855.000000
772630.000000
692050.000000
744569.000000
696061.000000
776104.000000
680209.000000
777927.000000
677952.000000
694851.000000
721165.000000
688814.000000
711001.000000
681423.000000
713159.000000
679056.000000
764881.000000
779894.000000
754304.000000
739794.000000
699179.000000
693372.000000
692439.000000
698284.000000
707787.000000
719875.000000
696197.000000
686724.000000
692073.000000
688960.000000
699484.000000
790735.000000
692359.000000
702031.000000
697899.000000
760775.000000
682920.000000
722746.000000
692602.000000
693685.000000
778076.000000
704673.000000
686612.000000
694022.000000
688798.000000
703969.000000
706339.000000
706858.000000
670030.000000
698180.000000
686792.000000
732435.000000
686638.000000
679587.000000
732822.000000
733831.000000
693000.000000
684523.000000
694509.000000
681807.000000
729416.000000
719381.000000
702030.000000
690885.000000
687387.000000
723373.000000
674339.000000
715259.000000
693179.000000
690393.000000
729762.000000
722055.000000
692137.000000
693169.000000
689868.000000
745981.000000
695665.000000
708988.000000
706336.000000
746408.000000
772753.000000
704234.000000
697772.000000
703056.000000
733140.000000
732856.000000
710635.000000
747838.000000
694341.000000
694429.000000
694558.000000
710547.000000
693727.000000
688887.000000
681654.000000
705788.000000
765496.000000
690453.000000
687371.000000
709551.000000
721156.000000
698344.000000
706307.000000
689397.000000
685048.000000
703834.000000
707648.000000
711016.000000
692995.000000
707576.000000
709522.000000
704972.000000
701409.000000
696579.000000
703904.000000
690330.000000
688124.000000
685397.000000
756846.000000
695656.000000
676444.000000
716472.000000
695946.000000
688009.000000
701280.000000
687809.000000
707221.000000
681553.000000
723945.000000
686472.000000
723587.000000
770230.000000
696607.000000
700368.000000
694006.000000
774019.000000
685943.000000
733986.000000
764651.000000
704781.000000
692092.000000
730203.000000
695423.000000
716893.000000
760195.000000
696180.000000
729806.000000
696878.000000
719227.000000
700252.000000
764423.000000
704394.000000
694450.000000
708894.000000
737700.000000
687116.000000
700777.000000
705533.000000
790866.000000
763469.000000
693844.000000
676944.000000
693185.000000
701918.000000
776350.000000
744248.000000
746952.000000
691520.000000
696692.000000
693030.000000
772582.000000
694583.000000
692081.000000
724625.000000
714148.000000
682503.000000
678729.000000
686776.000000
682323.000000
773990.000000
729937.000000
760280.000000
748725.000000
697215.000000
700545.000000
690629.000000
697054.000000
760682.000000
693525.000000
682485.000000
701727.000000
685972.000000
688931.000000
708301.000000
693593.000000
696662.000000
726018.000000
697243.000000
707203.000000
705053.000000
696004.000000
752863.000000
692258.000000
755059.000000
680994.000000
769834.000000
768884.000000
782058.000000
686405.000000
732332.000000
741086.000000
683232.000000
764073.000000
699818.000000
714696.000000
799975.000000
718265.000000
698787.000000
694071.000000
686328.000000
768485.000000
669685.000000
735943.000000
696342.000000
735003.000000
688758.000000
695372.000000
716310.000000
682772.000000
768908.000000
750242.000000
779996.000000
745814.000000
690361.000000
758985.000000
681029.000000
682256.000000
720781.000000
697181.000000
686796.000000
700631.000000
748508.000000
697895.000000
690454.000000
756329.000000
705860.000000
695942.000000
769484.000000
698217.000000
738786.000000
688915.000000
694906.000000
688510.000000
702870.000000
723110.000000
693951.000000
684100.000000
702617.000000
705886.000000
744550.000000
696045.000000
690488.000000
693151.000000
693414.000000
765292.000000
691046.000000
706884.000000
670837.000000
712012.000000
691759.000000
696202.000000
683701.000000
771090.000000
728461.000000
730890.000000
686887.000000
686294.000000
694628.000000
796290.000000
743929.000000
725317.000000
777544.000000
740700.000000
703959.000000
691733.000000
690514.000000
709063.000000
790858.000000
703487.000000
748630.000000
744962.000000
713029.000000
700218.000000
689706.000000
717570.000000
704590.000000
689157.000000
695282.000000
717861.000000
711225.000000
690043.000000
683391.000000
701187.000000
693244.000000
732115.000000
712706.000000
744568.000000
740759.000000
690974.000000
685960.000000
692835.000000
696787.000000
696962.000000
768246.000000
694849.000000
673251.000000
674784.000000
689737.000000
680203.000000
721283.000000
673892.000000
690635.000000
703747.000000
681280.000000
741315.000000
748289.000000
686160.000000
723148.000000
686562.000000
692017.000000
698780.000000
738537.000000
688540.000000
683784.000000
697433.000000
714838.000000
718688.000000
762816.000000
689163.000000
698267.000000
687996.000000
716064.000000
694070.000000
756277.000000
704108.000000
681746.000000
695016.000000
676444.000000
701315.000000
681677.000000
681656.000000
743078.000000
669138.000000
673692.000000
737735.000000
682429.000000
717120.000000
677242.000000
785632.000000
772308.000000
694042.000000
742414.000000
710565.000000
688904.000000
669656.000000
746986.000000
692669.000000
801755.000000
701681.000000
690651.000000
683164.000000
745467.000000
692372.000000
686253.000000
695712.000000
722697.000000
756044.000000
702115.000000
715633.000000
746116.000000
757372.000000
696714.000000
699439.000000
689586.000000
690265.000000
683168.000000
730947.000000
709178.000000
712307.000000
679398.000000
689930.000000
714615.000000
698863.000000
684978.000000
753606.000000
698080.000000
690029.000000
725797.000000
669861.000000
695996.000000
710506.000000
711765.000000
763758.000000
702364.000000
697578.000000
745778.000000
701211.000000
691925.000000
712548.000000
698363.000000
728005.000000
754299.000000
742841.000000
720417.000000
692770.000000
713977.000000
721522.000000
765081.000000
697154.000000
700130.000000
698069.000000
687561.000000
705334.000000
711887.000000
685947.000000
728690.000000
686491.000000
733818.000000
705759.000000
757907.000000
711028.000000
757778.000000
689997.000000
743971.000000
707198.000000
762021.000000
708965.000000
699495.000000
715396.000000
727593.000000
694925.000000
682776.000000
695128.000000
693372.000000
706593.000000
701755.000000
701301.000000
720839.000000
722049.000000
709536.000000
723289.000000
704989.000000
770191.000000
725689.000000
710226.000000
710314.000000
698226.000000
696281.000000
722608.000000
906904.000000
711471.000000
697347.000000
687947.000000
715710.000000
719454.000000
701404.000000
698412.000000
741254.000000
698542.000000
706127.000000
690154.000000
706549.000000
679027.000000
712892.000000
755968.000000
765074.000000
785650.000000
695480.000000
742628.000000
693171.000000
702742.000000
717143.000000
702938.000000
673665.000000
697019.000000
742242.000000
691726.000000
712874.000000
691577.000000
706326.000000
714374.000000
692317.000000
734245.000000
686687.000000
680967.000000
697183.000000
701798.000000
739898.000000
711520.000000
712651.000000
706014.000000
702848.000000
747591.000000
697358.000000
693764.000000
698874.000000
692148.000000
745595.000000
680960.000000
756856.000000
697139.000000
703446.000000
712790.000000
704550.000000
753910.000000
692848.000000
746133.000000
700459.000000
740157.000000
737604.000000
720643.000000
758489.000000
687183.000000
695169.000000
701707.000000
693175.000000
713550.000000
717434.000000
685575.000000
699650.000000
750558.000000
752340.000000
770239.000000
759857.000000
698657.000000
711708.000000
681877.000000
687070.000000
708485.000000
689966.000000
696969.000000
714291.000000
688871.000000
769704.000000
721297.000000
698963.000000
698236.000000
679930.000000
766858.000000
695655.000000
701029.000000
687387.000000
713665.000000
762864.000000
695543.000000
717677.000000
756036.000000
693228.000000
704427.000000
739795.000000
753203.000000
721538.000000
728481.000000
696820.000000
725629.000000
719125.000000
705911.000000
748880.000000
703494.000000
749353.000000
706529.000000
722442.000000
697377.000000
695779.000000
700599.000000
698206.000000
731867.000000
684581.000000
707607.000000
752261.000000
763829.000000
707822.000000
708597.000000
702590.000000
693936.000000
706598.000000
678257.000000
698181.000000
714910.000000
736039.000000
755915.000000
704542.000000
697711.000000
694533.000000
691639.000000
686316.000000
812642.000000
699945.000000
703809.000000
688303.000000
676887.000000
712324.000000
694913.000000
710576.000000
698786.000000
688865.000000
801430.000000
718882.000000
762739.000000
710757.000000
693488.000000
698402.000000
738347.000000
677668.000000
694742.000000
727277.000000
714209.000000
696970.000000
744913.000000
679230.000000
699059.000000
763867.000000
713002.000000
707606.000000
744471.000000
752854.000000
704035.000000
698471.000000
705550.000000
706307.000000
700678.000000
767350.000000
834997.000000
704272.000000
703926.000000
691861.000000
718021.000000
681976.000000
733254.000000
724467.000000
696358.000000
704398.000000
762605.000000
767266.000000
732788.000000
716613.000000
697944.000000
730634.000000
701275.000000
701825.000000
705804.000000
722889.000000
697247.000000
721630.000000
699542.000000
716387.000000
721591.000000
693334.000000
753516.000000
696570.000000
716769.000000
723044.000000
721299.000000
710179.000000
685846.000000
708741.000000
737295.000000
711502.000000
755596.000000
691132.000000
766919.000000
692104.000000
703674.000000
732850.000000
710075.000000
690781.000000
686506.000000
721670.000000
685175.000000
709871.000000
701361.000000
691852.000000
713815.000000
699344.000000
735911.000000
711085.000000
702754.000000
692285.000000
754543.000000
676458.000000
757891.000000
700384.000000
700641.000000
736956.000000
763110.000000
682565.000000
695030.000000
763382.000000
690360.000000
819590.000000
688462.000000
683736.000000
699554.000000
694865.000000
682530.000000
721155.000000
679901.000000
706945.000000
763200.000000
696280.000000
706983.000000
709541.000000
714534.000000
702916.000000
728210.000000
684796.000000
790196.000000
710120.000000
695457.000000
714201.000000
737144.000000
672836.000000
714931.000000
708320.000000
686964.000000
690855.000000
735418.000000
733782.000000
711075.000000
689155.000000
705449.000000
709940.000000
791570.000000
694425.000000
683863.000000
701858.000000
724796.000000
675749.000000
746931.000000
674665.000000
689886.000000
682775.000000
719449.000000
736896.000000
752956.000000
682744.000000
715057.000000
702732.000000
674071.000000
709100.000000
705608.000000
676358.000000
692856.000000
688367.000000
698068.000000
679543.000000
709470.000000
687320.000000
703675.000000
710426.000000
675947.000000
672161.000000
715534.000000
699155.000000
692198.000000
710919.000000
716732.000000
714974.000000
692294.000000
702521.000000
701350.000000
697497.000000
725322.000000
706674.000000
690275.000000
693691.000000
684974.000000
680730.000000
696133.000000
722143.000000
737351.000000
701994.000000
669416.000000
684752.000000
679220.000000
761064.000000
741260.000000
697797.000000
703099.000000
708333.000000
691160.000000
692804.000000
683949.000000
710572.000000
705533.000000
723731.000000
766577.000000
736827.000000
688429.000000
757865.000000
745388.000000
704575.000000
765087.000000
680053.000000
681412.000000
690664.000000
669564.000000
712978.000000
720680.000000
690701.000000
683109.000000
701986.000000
686987.000000
682140.000000
749618.000000
700987.000000
729940.000000
711942.000000
704632.000000
741145.000000
705408.000000
693472.000000
687591.000000
689365.000000
692249.000000
747174.000000
702703.000000
797697.000000
687667.000000
774841.000000
699225.000000
674357.000000
689349.000000
691297.000000
687447.000000
693134.000000
786611.000000
765772.000000
736420.000000
701154.000000
701919.000000
718293.000000
702056.000000
679156.000000
716112.000000
707800.000000
691533.000000
673805.000000
696719.000000
691687.000000
677947.000000
748767.000000
691962.000000
681052.000000
694762.000000
745075.000000
702646.000000
690035.000000
748589.000000
710009.000000
681742.000000
683712.000000
813736.000000
726588.000000
669539.000000
707579.000000
682699.000000
738178.000000
701542.000000
691807.000000
698810.000000
730463.000000
706412.000000
757280.000000
679044.000000
686332.000000
694873.000000
769006.000000
698956.000000
762193.000000
683766.000000
686478.000000
763399.000000
698823.000000
711368.000000
682886.000000
697954.000000
734437.000000
682813.000000
701507.000000
755470.000000
673467.000000
704776.000000
719948.000000
709116.000000
700061.000000
701938.000000
720154.000000
687657.000000
715972.000000
755144.000000
711576.000000
685737.000000
699362.000000
690507.000000
753344.000000
762429.000000
702706.000000
697339.000000
684060.000000
738718.000000
672730.000000
724605.000000
678239.000000
680771.000000
694850.000000
688054.000000
758825.000000
678744.000000
698850.000000
674988.000000
693932.000000
721450.000000
681134.000000
697369.000000
712959.000000
734393.000000
846771.000000
688986.000000
736508.000000
690301.000000
696495.000000
690068.000000
677792.000000
680754.000000
705611.000000
676740.000000
715107.000000
695121.000000
730642.000000
710041.000000
709949.000000
780858.000000
717741.000000
734171.000000
739526.000000
765745.000000
729739.000000
678987.000000
678239.000000
686301.000000
680755.000000
741107.000000
704751.000000
689383.000000
677007.000000
748903.000000
698508.000000
688977.000000
716118.000000
693117.000000
696462.000000
685650.000000
695116.000000
701671.000000
683944.000000
681607.000000
737406.000000
704138.000000
680273.000000
694085.000000
753457.000000
690079.000000
719191.000000
713176.000000
690907.000000
739867.000000
682050.000000
699159.000000
691881.000000
701769.000000
699832.000000
687615.000000
690287.000000
766656.000000
732539.000000
712382.000000
697791.000000
709420.000000
687361.000000
777821.000000
741283.000000
702961.000000
697402.000000
757491.000000
702816.000000
781809.000000
702698.000000
689950.000000
749090.000000
694239.000000
701792.000000
702720.000000
680585.000000
716223.000000
745285.000000
690539.000000
699705.000000
679099.000000
689241.000000
720692.000000
693678.000000
692163.000000
676887.000000
680701.000000
775847.000000
694695.000000
708811.000000
717201.000000
696570.000000
725280.000000
682150.000000
795245.000000
692942.000000
689209.000000
684074.000000
734609.000000
741015.000000
708030.000000
690625.000000
697124.000000
699445.000000
689321.000000
765122.000000
687982.000000
703809.000000
687931.000000
673679.000000
683237.000000
708852.000000
684818.000000
742191.000000
753517.000000
731043.000000
689108.000000
786905.000000
685669.000000
680045.000000
727661.000000
697560.000000
686623.000000
682937.000000
724733.000000
691254.000000
679784.000000
687305.000000
691434.000000
749142.000000
693439.000000
766543.000000
688147.000000
679702.000000
774522.000000
696116.000000
759698.000000
689160.000000
687069.000000
685528.000000
705207.000000
721303.000000
685128.000000
745736.000000
772945.000000
745776.000000
682997.000000
682562.000000
709604.000000
691379.000000
678713.000000
769058.000000
690498.000000
690157.000000
776835.000000
673463.000000
695074.000000
677120.000000
674434.000000
679747.000000
720687.000000
687193.000000
695836.000000
721020.000000
682063.000000
686638.000000
764902.000000
685448.000000
755577.000000
694947.000000
795293.000000
702824.000000
737234.000000
674495.000000
688974.000000
694093.000000
686815.000000
735678.000000
680633.000000
707341.000000
692482.000000
713577.000000
693268.000000
697378.000000
759046.000000
690831.000000
686764.000000
690134.000000
674816.000000
696410.000000
695292.000000
683260.000000
691402.000000
682214.000000
754860.000000
699684.000000
749385.000000
682187.000000
735273.000000
756487.000000
694058.000000
706551.000000
723078.000000
694673.000000
689375.000000
717075.000000
718672.000000
680231.000000
749160.000000
687980.000000
745201.000000
758355.000000
674756.000000
708525.000000
692046.000000
695601.000000
685211.000000
759323.000000
749457.000000
698051.000000
711862.000000
697343.000000
701688.000000
683233.000000
684343.000000
704485.000000
702259.000000
712156.000000
671821.000000
715489.000000
767463.000000
697487.000000
691552.000000
691625.000000
710223.000000
685708.000000
692182.000000
695215.000000
752471.000000
692301.000000
691753.000000
756081.000000
766782.000000
727985.000000
709124.000000
726008.000000
695891.000000
774729.000000
685224.000000
707434.000000
683169.000000
686024.000000
689145.000000
714895.000000
681299.000000
725054.000000
751179.000000
764112.000000
690238.000000
682402.000000
733510.000000
701917.000000
693655.000000
680302.000000
795278.000000
688664.000000
753932.000000
683283.000000
678653.000000
687005.000000
713720.000000
688470.000000
692747.000000
703210.000000
699669.000000
683276.000000
748590.000000
679256.000000
689075.000000
696726.000000
727833.000000
700269.000000
707005.000000
690915.000000
701868.000000
684304.000000
694137.000000
699956.000000
727944.000000
689911.000000
691916.000000
680609.000000
685878.000000
735356.000000
690397.000000
690938.000000
676853.000000
698321.000000
687667.000000
679965.000000
687769.000000
679879.000000
706135.000000
689644.000000
714464.000000
690783.000000
710518.000000
692863.000000
759175.000000
743120.000000
698211.000000
692105.000000
732755.000000
697913.000000
690175.000000
677359.000000
708467.000000
683299.000000
685314.000000
682495.000000
678090.000000
760984.000000
756365.000000
694909.000000
694792.000000
689156.000000
682247.000000
683005.000000
701318.000000
729392.000000
687818.000000
692058.000000
679564.000000
701793.000000
747076.000000
702201.000000
722071.000000
708890.000000
709876.000000
672981.000000
709622.000000
710481.000000
707808.000000
761245.000000
693054.000000
701495.000000
671896.000000
679441.000000
723463.000000
699200.000000
700813.000000
702221.000000
701652.000000
696591.000000
689285.000000
694136.000000
693543.000000
733504.000000
686149.000000
733848.000000
728188.000000
683558.000000
691808.000000
746567.000000
670650.000000
702324.000000
848276.000000
699421.000000
691114.000000
732797.000000
712688.000000
674236.000000
695078.000000
698727.000000
706271.000000
681060.000000
709528.000000
685154.000000
697207.000000
700606.000000
671086.000000
695092.000000
702837.000000
688892.000000
690387.000000
686395.000000
795079.000000
730128.000000
670982.000000
688402.000000
767944.000000
759292.000000
681890.000000
713366.000000
686581.000000
756297.000000
682097.000000
681060.000000
703435.000000
735782.000000
721031.000000
706074.000000
728783.000000
698216.000000
695655.000000
681576.000000
815207.000000
701689.000000
701419.000000
752789.000000
690982.000000
687095.000000
698188.000000
692752.000000
764894.000000
675442.000000
688924.000000
737053.000000
689233.000000
691638.000000
701979.000000
707938.000000
740050.000000
751074.000000
707203.000000
682486.000000
800972.000000
718758.000000
710713.000000
675407.000000
701796.000000
710082.000000
702223.000000
755494.000000
675405.000000
678969.000000
694436.000000
698268.000000
701693.000000
688457.000000
689614.000000
718319.000000
756190.000000
696666.000000
699823.000000
749462.000000
704244.000000
718520.000000
700364.000000
763647.000000
704010.000000
750643.000000
710763.000000
742867.000000
740187.000000
692462.000000
709356.000000
742570.000000
716269.000000
758732.000000
715424.000000
762958.000000
719221.000000
689729.000000
702285.000000
789824.000000
696451.000000
762782.000000
698335.000000
682687.000000
698111.000000
688505.000000
722132.000000
690554.000000
710412.000000
727721.000000
695804.000000
694571.000000
770321.000000
695346.000000
713292.000000
691649.000000
682753.000000
682883.000000
756598.000000
690661.000000
692791.000000
695048.000000
681536.000000
713804.000000
736302.000000
677175.000000
694479.000000
783965.000000
707827.000000
689377.000000
694587.000000
713696.000000
693193.000000
699584.000000
679440.000000
690985.000000
711611.000000
729214.000000
683553.000000
753095.000000
718183.000000
713666.000000
707583.000000
699584.000000
709929.000000
683219.000000
687328.000000
691815.000000
694972.000000
693192.000000
678278.000000
698824.000000
696449.000000
694839.000000
681034.000000
707698.000000
690880.000000
700745.000000
686400.000000
709464.000000
732253.000000
765913.000000
704414.000000
690132.000000
777212.000000
702981.000000
736437.000000
693889.000000
679625.000000
698107.000000
724310.000000
757583.000000
766027.000000
694119.000000
687171.000000
706097.000000
711068.000000
775411.000000
734723.000000
712343.000000
708142.000000
687804.000000
692468.000000
723087.000000
700430.000000
673410.000000
691660.000000
694847.000000
778473.000000
689128.000000
689016.000000
735201.000000
696017.000000
751786.000000
696599.000000
702713.000000
685728.000000
695153.000000
743126.000000
702826.000000
683226.000000
713570.000000
700604.000000
750638.000000
690024.000000
703353.000000
696946.000000
739296.000000
717801.000000
689623.000000
681918.000000
697975.000000
672972.000000
685804.000000
707426.000000
705162.000000
785314.000000
745912.000000
784033.000000
693521.000000
686054.000000
689284.000000
682465.000000
684676.000000
699728.000000
691737.000000
694475.000000
762517.000000
677697.000000
715338.000000
703149.000000
673209.000000
733974.000000
684243.000000
713707.000000
733251.000000
707177.000000
675721.000000
776828.000000
752230.000000
744792.000000
673876.000000
690176.000000
702788.000000
746877.000000
702669.000000
702693.000000
788978.000000
686519.000000
678931.000000
688625.000000
695999.000000
735437.000000
694498.000000
674598.000000
785370.000000
704814.000000
751523.000000
727517.000000
691427.000000
780499.000000
687821.000000
694620.000000
674304.000000
702161.000000
686382.000000
700393.000000
743603.000000
744521.000000
706667.000000
686603.000000
752256.000000
689909.000000
723269.000000
732049.000000
679562.000000
708791.000000
691719.000000
695252.000000
700105.000000
763910.000000
710888.000000
708626.000000
719888.000000
709567.000000
726256.000000
708564.000000
689158.000000
714905.000000
690854.000000
677061.000000
782469.000000
681884.000000
684005.000000
738918.000000
714589.000000
679148.000000
748733.000000
730483.000000
704390.000000
761070.000000
683697.000000
694609.000000
699626.000000
699066.000000
718802.000000
731606.000000
694737.000000
693627.000000
734982.000000
695705.000000
699159.000000
701716.000000
695852.000000
744947.000000
739641.000000
683705.000000
720231.000000
694946.000000
691592.000000
746987.000000
759449.000000
711845.000000
705663.000000
704441.000000
770954.000000
698957.000000
693821.000000
698487.000000
702887.000000
698160.000000
738191.000000
681531.000000
710445.000000
705544.000000
765355.000000
750587.000000
695364.000000
689489.000000
697154.000000
746866.000000
689727.000000
699896.000000
749222.000000
730593.000000
691779.000000
693301.000000
768846.000000
750485.000000
690797.000000
685604.000000
682555.000000
685186.000000
689700.000000
754135.000000
738973.000000
693399.000000
743486.000000
750834.000000
738270.000000
706251.000000
702793.000000
680558.000000
715009.000000
694751.000000
690497.000000
774681.000000
678324.000000
680200.000000
699181.000000
696405.000000
701905.000000
739730.000000
679445.000000
709126.000000
714722.000000
781954.000000
763496.000000
748807.000000
707991.000000
695770.000000
765956.000000
700400.000000
698283.000000
683554.000000
681341.000000
688404.000000
697218.000000
746936.000000
685812.000000
683800.000000
693202.000000
685090.000000
697801.000000
675629.000000
682796.000000
702155.000000
693342.000000
698439.000000
767193.000000
697144.000000
713137.000000
696026.000000
701715.000000
699403.000000
686659.000000
760093.000000
682057.000000
737475.000000
689294.000000
695136.000000
782861.000000
677819.000000
754350.000000
747705.000000
710141.000000
739731.000000
677793.000000
732268.000000
683675.000000
730649.000000
708635.000000
688647.000000
685137.000000
688798.000000
704421.000000
692419.000000
733964.000000
693820.000000
746886.000000
706618.000000
683489.000000
734551.000000
687348.000000
687828.000000
696053.000000
711502.000000
688877.000000
752014.000000
696694.000000
704587.000000
763703.000000
697288.000000
735053.000000
679799.000000
778716.000000
737349.000000
677682.000000
683894.000000
699167.000000
694493.000000
689170.000000
683234.000000
690988.000000
766349.000000
722040.000000
701402.000000
768947.000000
764562.000000
690918.000000
687759.000000
713202.000000
758970.000000
687554.000000
734844.000000
706179.000000
708231.000000
733750.000000
751842.000000
687075.000000
717382.000000
745422.000000
700910.000000
685313.000000
751302.000000
761298.000000
708224.000000
728835.000000
676214.000000
690985.000000
695945.000000
681976.000000
762420.000000
738826.000000
704477.000000
690599.000000
691531.000000
684750.000000
691025.000000
693655.000000
696757.000000
710521.000000
725971.000000
702623.000000
686096.000000
678622.000000
697815.000000
759051.000000
761966.000000
682556.000000
704631.000000
715617.000000
706974.000000
718670.000000
750370.000000
862773.000000
686350.000000
700356.000000
759600.000000
693118.000000
709446.000000
676764.000000
758207.000000
734312.000000
723717.000000
689732.000000
715623.000000
676994.000000
701316.000000
701785.000000
679453.000000
693641.000000
690654.000000
687680.000000
700587.000000
762513.000000
714558.000000
702278.000000
697967.000000
689267.000000
712816.000000
714329.000000
687856.000000
712783.000000
690184.000000
685691.000000
744014.000000
707236.000000
699073.000000
753791.000000
717644.000000
703704.000000
724990.000000
702103.000000
733993.000000
693246.000000
693426.000000
706170.000000
778352.000000
687190.000000
692463.000000
723706.000000
728493.000000
690350.000000
682361.000000
706619.000000
711981.000000
682379.000000
701156.000000
700947.000000
681350.000000
718850.000000
701887.000000
702237.000000
690911.000000
716819.000000
707120.000000
676917.000000
690857.000000
718857.000000
703811.000000
694527.000000
689847.000000
676249.000000
709472.000000
689502.000000
723989.000000
695166.000000
690731.000000
692489.000000
694089.000000
696298.000000
710046.000000
693084.000000
688974.000000
693257.000000
758462.000000
728640.000000
732608.000000
702533.000000
684557.000000
770192.000000
693541.000000
694232.000000
690032.000000
762315.000000
682922.000000
771572.000000
687629.000000
686576.000000
713614.000000
765355.000000
688744.000000
689737.000000
692252.000000
705789.000000
712611.000000
677786.000000
704336.000000
677445.000000
687259.000000
678268.000000
710025.000000
693344.000000
683062.000000
751014.000000
692427.000000
710986.000000
675694.000000
684956.000000
700823.000000
721116.000000
690364.000000
727369.000000
740071.000000
692086.000000
695467.000000
716559.000000
690519.000000
699407.000000
733417.000000
769829.000000
699462.000000
740693.000000
783227.000000
713258.000000
701770.000000
737070.000000
743791.000000
710152.000000
715888.000000
689252.000000
694914.000000
705555.000000
696582.000000
698115.000000
686094.000000
699448.000000
759688.000000
684715.000000
688006.000000
709497.000000
727739.000000
720112.000000
754100.000000
685868.000000
716290.000000
690514.000000
746826.000000
670193.000000
693993.000000
706456.000000
687922.000000
817838.000000
753072.000000
799570.000000
691560.000000
700261.000000
709095.000000
751499.000000
688662.000000
704187.000000
710108.000000
700591.000000
699611.000000
691929.000000
750638.000000
695843.000000
688690.000000
667787.000000
730835.000000
690912.000000
737696.000000
693484.000000
679751.000000
681423.000000
695219.000000
706139.000000
699777.000000
684198.000000
796878.000000
707808.000000
691198.000000
702308.000000
686961.000000
717122.000000
679712.000000
692646.000000
688264.000000
676277.000000
686246.000000
711338.000000
695901.000000
739529.000000
738906.000000
704975.000000
689334.000000
697187.000000
747668.000000
693869.000000
684309.000000
671986.000000
784070.000000
699162.000000
692386.000000
828791.000000
735149.000000
727767.000000
672038.000000
685453.000000
689557.000000
695361.000000
709496.000000
797835.000000
734582.000000
701110.000000
705225.000000
692540.000000
703579.000000
698386.000000
694521.000000
698661.000000
688077.000000
687306.000000
706972.000000
757472.000000
687040.000000
685206.000000
685644.000000
709661.000000
685531.000000
739847.000000
712717.000000
699338.000000
771624.000000
697891.000000
697003.000000
687835.000000
762425.000000
725516.000000
755738.000000
704192.000000
681077.000000
686553.000000
713703.000000
707123.000000
713438.000000
685526.000000
674373.000000
676789.000000
678928.000000
704802.000000
693890.000000
682215.000000
750160.000000
680526.000000
683168.000000
764148.000000
727903.000000
703546.000000
747446.000000
688252.000000
693346.000000
750735.000000
693765.000000
739326.000000
696003.000000
798330.000000
706793.000000
726487.000000
708269.000000
771817.000000
705498.000000
726501.000000
688752.000000
749326.000000
688050.000000
777579.000000
711414.000000
676842.000000
693102.000000
720316.000000
678904.000000
681887.000000
689642.000000
756662.000000
698613.000000
762411.000000
677909.000000
687009.000000
699881.000000
690781.000000
726293.000000
675944.000000
683607.000000
779633.000000
704564.000000
707848.000000
713092.000000
699255.000000
712756.000000
743380.000000
713699.000000
746432.000000
672048.000000
703536.000000
706170.000000
703652.000000
679158.000000
775344.000000
691534.000000
676948.000000
700829.000000
685291.000000
700100.000000
689921.000000
681012.000000
762577.000000
696009.000000
744100.000000
680572.000000
688149.000000
687686.000000
676057.000000
693529.000000
673896.000000
693447.000000
757417.000000
700305.000000
746698.000000
684397.000000
691241.000000
689958.000000
678839.000000
685082.000000
686137.000000
701992.000000
744445.000000
691860.000000
721793.000000
746014.000000
678196.000000
710368.000000
701313.000000
749615.000000
690444.000000
759623.000000
697915.000000
681786.000000
715161.000000
679150.000000
777486.000000
744532.000000
674619.000000
698083.000000
751130.000000
676638.000000
697622.000000
759841.000000
679447.000000
728086.000000
694161.000000
721949.000000
698563.000000
759380.000000
710089.000000
689163.000000
688877.000000
687607.000000
686265.000000
699168.000000
740436.000000
708721.000000
693957.000000
786217.000000
705990.000000
708170.000000
702006.000000
694294.000000
691759.000000
755683.000000
756009.000000
747063.000000
687271.000000
764196.000000
707484.000000
686948.000000
679653.000000
714379.000000
691015.000000
710908.000000
693582.000000
679883.000000
720669.000000
708812.000000
691006.000000
690390.000000
702518.000000
697735.000000
702512.000000
686482.000000
777339.000000
749991.000000
704198.000000
731741.000000
702053.000000
685695.000000
682815.000000
744672.000000
746058.000000
689629.000000
708922.000000
701211.000000
724792.000000
684466.000000
720549.000000
690854.000000
688809.000000
768292.000000
700922.000000
786177.000000
696190.000000
713595.000000
698521.000000
682260.000000
684211.000000
734031.000000
689863.000000
715711.000000
684112.000000
739071.000000
752025.000000
703300.000000
688867.000000
739441.000000
713577.000000
696103.000000
691271.000000
682701.000000
695574.000000
688797.000000
744996.000000
766480.000000
722694.000000
743436.000000
719079.000000
688726.000000
760270.000000
699038.000000
703911.000000
688904.000000
693349.000000
755167.000000
710421.000000
688487.000000
689297.000000
682990.000000
692362.000000
693170.000000
730468.000000
681721.000000
690768.000000
678722.000000
709125.000000
708874.000000
685252.000000
693879.000000
679512.000000
709660.000000
737388.000000
701581.000000
726280.000000
697505.000000
669433.000000
695684.000000
683328.000000
678586.000000
680640.000000
737137.000000
693670.000000
706217.000000
804458.000000
692759.000000
686647.000000
754806.000000
689059.000000
740563.000000
751126.000000
738184.000000
693507.000000
742301.000000
693725.000000
766916.000000
713600.000000
674198.000000
692138.000000
746078.000000
701462.000000
691638.000000
717552.000000
707443.000000
750548.000000
720350.000000
713083.000000
710287.000000
697790.000000
726235.000000
685191.000000
684617.000000
697005.000000
714205.000000
687525.000000
692411.000000
699765.000000
679358.000000
696766.000000
721577.000000
679554.000000
747660.000000
732147.000000
707485.000000
689729.000000
683161.000000
763209.000000
689574.000000
752146.000000
777223.000000
695190.000000
697163.000000
693131.000000
694571.000000
693052.000000
685045.000000
701978.000000
685400.000000
703087.000000
691174.000000
747419.000000
681032.000000
698644.000000
698249.000000
705485.000000
702651.000000
735471.000000
696191.000000
703137.000000
694935.000000
707325.000000
690434.000000
717591.000000
697839.000000
713509.000000
684698.000000
695486.000000
695191.000000
745555.000000
687680.000000
681703.000000
679645.000000
684010.000000
708289.000000
685435.000000
687013.000000
727589.000000
686275.000000
691726.000000
693886.000000
683801.000000
713024.000000
693900.000000
710661.000000
680985.000000
709443.000000
681566.000000
690453.000000
725302.000000
748389.000000
722568.000000
685767.000000
709359.000000
678605.000000
781104.000000
682608.000000
666537.000000
709107.000000
689972.000000
785782.000000
707375.000000
772498.000000
701402.000000
678854.000000
741972.000000
687086.000000
673547.000000
681942.000000
683861.000000
682951.000000
674501.000000
733616.000000
690620.000000
706367.000000
708300.000000
742506.000000
768370.000000
692718.000000
733495.000000
714597.000000
694292.000000
705278.000000
707864.000000
681844.000000
826902.000000
762677.000000
691599.000000
696030.000000
700377.000000
698120.000000
706957.000000
701981.000000
690557.000000
728435.000000
684650.000000
700255.000000
751616.000000
734394.000000
710849.000000
695260.000000
701760.000000
695666.000000
681558.000000
691025.000000
749309.000000
681639.000000
678125.000000
750133.000000
699278.000000
684823.000000
711521.000000
693133.000000
696479.000000
694262.000000
684807.000000
728488.000000
734024.000000
720243.000000
716813.000000
763444.000000
703455.000000
692934.000000
730240.000000
693929.000000
679822.000000
700125.000000
731350.000000
757854.000000
692903.000000
782417.000000
744293.000000
722291.000000
708869.000000
692391.000000
698573.000000
683056.000000
696005.000000
688926.000000
753561.000000
679524.000000
739094.000000
695640.000000
682999.000000
680356.000000
684286.000000
727701.000000
686744.000000
686952.000000
684343.000000
683501.000000
685786.000000
721113.000000
759075.000000
683572.000000
693660.000000
677203.000000
696191.000000
689940.000000
740348.000000
734934.000000
749214.000000
701346.000000
696199.000000
717074.000000
683344.000000
758852.000000
690417.000000
686375.000000
740627.000000
769390.000000
712633.000000
705647.000000
691825.000000
700329.000000
672059.000000
776317.000000
703308.000000
678945.000000
697202.000000
717928.000000
697809.000000
705894.000000
767720.000000
685017.000000
728414.000000
675390.000000
744616.000000
700336.000000
696105.000000
675405.000000
712484.000000
667855.000000
681571.000000
689044.000000
675480.000000
702795.000000
702431.000000
698011.000000
714668.000000
760222.000000
695874.000000
750006.000000
695596.000000
679774.000000
714894.000000
684886.000000
762035.000000
685258.000000
748413.000000
728988.000000
687237.000000
702082.000000
681975.000000
697754.000000
702975.000000
690511.000000
687779.000000
703613.000000
773832.000000
756249.000000
750898.000000
691191.000000
708290.000000
695799.000000
684585.000000
692707.000000
728154.000000
703192.000000
695513.000000
744546.000000
748674.000000
680075.000000
682078.000000
746093.000000
685519.000000
718780.000000
769945.000000
676684.000000
750804.000000
698259.000000
681777.000000
690907.000000
701398.000000
739786.000000
691370.000000
683912.000000
759832.000000
706508.000000
707406.000000
713072.000000
712006.000000
686871.000000
684793.000000
733847.000000
698957.000000
783003.000000
693661.000000
776269.000000
740874.000000
686022.000000
695637.000000
691159.000000
692834.000000
686315.000000
675135.000000
695596.000000
742381.000000
709645.000000
722086.000000
709265.000000
768583.000000
696207.000000
692566.000000
705457.000000
679538.000000
677731.000000
685207.000000
694776.000000
702633.000000
726391.000000
686838.000000
692374.000000
684235.000000
705220.000000
692877.000000
687112.000000
754108.000000
792590.000000
722758.000000
685174.000000
694405.000000
761368.000000
726398.000000
693120.000000
679681.000000
703802.000000
674406.000000
696279.000000
700523.000000
682295.000000
765199.000000
697538.000000
683151.000000
687082.000000
705543.000000
689740.000000
697347.000000
723339.000000
688640.000000
687044.000000
693573.000000
716493.000000
702648.000000
677914.000000
718214.000000
691952.000000
693321.000000
714861.000000
730254.000000
706456.000000
769832.000000
698964.000000
708982.000000
705369.000000
744146.000000
739631.000000
690263.000000
718738.000000
710802.000000
720053.000000
812584.000000
708005.000000
694894.000000
731980.000000
685821.000000
689096.000000
741228.000000
748594.000000
699376.000000
724649.000000
688368.000000
728811.000000
705927.000000
750768.000000
734222.000000
711730.000000
750335.000000
688659.000000
712320.000000
698308.000000
698135.000000
683909.000000
713543.000000
700033.000000
690475.000000
722214.000000
718719.000000
716977.000000
724805.000000
688139.000000
705649.000000
734860.000000
675060.000000
741099.000000
700237.000000
678911.000000
745385.000000
742133.000000
728525.000000
698897.000000
711109.000000
698412.000000
777925.000000
709769.000000
694807.000000
692949.000000
736051.000000
699685.000000
696556.000000
763190.000000
707745.000000
750460.000000
717800.000000
693713.000000
694499.000000
689309.000000
688555.000000
745883.000000
686460.000000
722210.000000
771393.000000
768674.000000
708361.000000
757907.000000
699219.000000
680483.000000
686308.000000
708844.000000
708635.000000
676698.000000
689326.000000
707017.000000
731568.000000
748391.000000
696139.000000
772454.000000
681082.000000
686541.000000
677774.000000
686536.000000
731341.000000
697328.000000
698067.000000
711857.000000
703150.000000
693642.000000
730306.000000
695060.000000
703010.000000
696252.000000
699766.000000
686621.000000
742821.000000
739128.000000
692548.000000
721516.000000
700065.000000
698042.000000
699242.000000
703066.000000
694679.000000
755429.000000
701803.000000
725213.000000
695785.000000
678505.000000
698140.000000
688562.000000
690139.000000
693474.000000
727597.000000
788325.000000
685404.000000
714057.000000
691911.000000
698138.000000
710360.000000
681748.000000
693782.000000
673989.000000
694667.000000
703602.000000
688643.000000
736557.000000
697213.000000
769558.000000
751201.000000
735487.000000
698066.000000
695753.000000
727343.000000
770493.000000
733856.000000
735251.000000
724521.000000
704091.000000
693345.000000
700727.000000
747101.000000
691766.000000
696819.000000
681978.000000
722098.000000
717535.000000
678727.000000
737882.000000
721269.000000
696488.000000
701007.000000
701453.000000
753473.000000
700312.000000
718992.000000
692636.000000
706463.000000
698009.000000
718794.000000
737967.000000
694532.000000
702187.000000
703380.000000
761789.000000
791847.000000
742195.000000
710905.000000
706146.000000
698432.000000
700449.000000
720465.000000
701958.000000
710199.000000
707737.000000
691137.000000
692735.000000
710084.000000
710502.000000
708656.000000
710728.000000
777760.000000
755933.000000
690527.000000
743727.000000
706506.000000
840545.000000
696410.000000
705363.000000
707375.000000
703706.000000
731974.000000
685778.000000
699297.000000
689480.000000
683158.000000
697566.000000
692527.000000
685846.000000
690350.000000
712480.000000
704678.000000
786439.000000
681181.000000
729351.000000
698189.000000
687866.000000
759134.000000
703891.000000
702468.000000
698036.000000
694964.000000
684299.000000
734690.000000
688277.000000
685809.000000
706969.000000
729747.000000
770543.000000
715543.000000
751374.000000
726472.000000
739294.000000
684011.000000
696845.000000
701327.000000
736942.000000
707757.000000
713217.000000
737579.000000
769922.000000
683755.000000
707291.000000
704881.000000
697419.000000
739750.000000
692368.000000
701249.000000
747776.000000
698966.000000
708056.000000
692480.000000
709798.000000
738433.000000
769423.000000
704093.000000
694602.000000
711552.000000
736421.000000
679043.000000
715108.000000
741243.000000
710442.000000
722745.000000
703088.000000
775634.000000
684297.000000
746214.000000
730052.000000
715405.000000
708554.000000
681731.000000
710523.000000
689153.000000
721508.000000
719182.000000
701875.000000
712836.000000
718934.000000
703667.000000
793389.000000
685643.000000
695912.000000
746992.000000
707622.000000
695816.000000
702404.000000
707697.000000
736587.000000
716969.000000
695857.000000
710710.000000
689011.000000
706505.000000
736564.000000
700211.000000
699300.000000
710364.000000
752651.000000
709335.000000
693153.000000
704492.000000
696276.000000
694228.000000
782553.000000
754107.000000
716804.000000
685584.000000
707910.000000
765586.000000
715128.000000
696808.000000
751936.000000
699184.000000
707378.000000
690545.000000
683527.000000
711667.000000
679287.000000
693267.000000
711577.000000
705317.000000
729370.000000
695157.000000
705671.000000
698771.000000
673671.000000
745861.000000
682134.000000
726400.000000
693076.000000
712294.000000
697317.000000
707682.000000
689480.000000
710382.000000
756537.000000
698694.000000
690156.000000
684509.000000
763741.000000
699986.000000
716939.000000
716125.000000
696382.000000
781108.000000
701272.000000
748457.000000
690081.000000
732090.000000
719194.000000
730854.000000
688344.000000
714850.000000
704807.000000
695587.000000
707119.000000
677563.000000
696318.000000
708647.000000
696582.000000
698092.000000
749785.000000
696108.000000
692440.000000
694997.000000
690903.000000
689355.000000
683407.000000
693562.000000
684180.000000
754254.000000
722138.000000
690499.000000
736651.000000
735571.000000
745723.000000
690097.000000
723582.000000
747631.000000
736425.000000
693042.000000
696880.000000
726894.000000
714885.000000
689140.000000
699026.000000
699843.000000
687303.000000
712337.000000
700040.000000
699343.000000
692676.000000
718644.000000
702496.000000
707386.000000
768792.000000
763929.000000
726783.000000
723942.000000
698782.000000
727458.000000
716886.000000
722762.000000
787047.000000
770057.000000
723506.000000
763286.000000
765181.000000
694914.000000
718111.000000
681848.000000
683285.000000
710507.000000
710294.000000
703461.000000
684284.000000
707109.000000
716174.000000
687232.000000
696023.000000
692872.000000
685297.000000
701755.000000
683436.000000
723726.000000
709100.000000
719853.000000
694364.000000
735455.000000
728292.000000
688617.000000
677435.000000
700532.000000
680319.000000
685354.000000
683456.000000
721820.000000
674778.000000
682301.000000
699968.000000
698969.000000
690619.000000
706662.000000
696165.000000
684159.000000
708458.000000
677132.000000
714188.000000
694986.000000
692643.000000
715843.000000
728604.000000
687097.000000
722621.000000
744549.000000
699094.000000
741888.000000
770864.000000
695987.000000
690485.000000
714208.000000
700237.000000
687173.000000
701970.000000
689345.000000
707279.000000
726803.000000
705957.000000
720771.000000
700152.000000
679199.000000
692745.000000
721750.000000
709716.000000
721165.000000
770808.000000
729427.000000
700570.000000
694600.000000
724882.000000
701619.000000
692524.000000
747881.000000
693377.000000
745231.000000
693845.000000
736886.000000
703486.000000
698559.000000
709486.000000
728908.000000
733284.000000
720673.000000
718853.000000
701345.000000
692886.000000
702591.000000
720910.000000
690212.000000
769897.000000
697166.000000
686751.000000
753016.000000
707937.000000
730129.000000
679675.000000
684437.000000
705791.000000
704449.000000
692758.000000
727626.000000
695053.000000
723116.000000
708409.000000
705634.000000
686870.000000
761079.000000
709136.000000
715832.000000
792746.000000
712432.000000
754876.000000
720784.000000
695717.000000
681197.000000
707556.000000
713638.000000
764049.000000
698292.000000
717863.000000
737051.000000
750637.000000
704484.000000
786060.000000
697505.000000
740019.000000
682862.000000
851628.000000
742947.000000
692022.000000
708207.000000
773040.000000
686190.000000
710725.000000
728144.000000
691374.000000
725044.000000
724315.000000
690543.000000
699236.000000
703705.000000
682348.000000
691411.000000
718796.000000
701111.000000
748392.000000
724439.000000
766127.000000
749869.000000
681708.000000
692924.000000
763619.000000
749895.000000
702517.000000
680319.000000
702049.000000
777203.000000
681244.000000
699195.000000
684647.000000
691341.000000
708718.000000
740107.000000
715513.000000
676024.000000
687955.000000
757402.000000
686224.000000
707505.000000
694427.000000
689652.000000
738858.000000
713475.000000
688389.000000
690238.000000
688375.000000
675038.000000
689108.000000
721610.000000
759180.000000
726267.000000
680762.000000
704747.000000
708528.000000
789954.000000
692377.000000
742356.000000
709266.000000
693483.000000
693165.000000
726369.000000
716869.000000
782812.000000
749899.000000
698053.000000
694228.000000
714546.000000
705721.000000
705191.000000
706797.000000
696351.000000
738982.000000
695764.000000
717198.000000
697608.000000
761712.000000
735781.000000
689405.000000
683911.000000
687177.000000
693673.000000
689623.000000
797256.000000
757314.000000
752466.000000
734338.000000
738151.000000
682056.000000
692344.000000
686578.000000
693559.000000
737615.000000
720373.000000
752082.000000
785616.000000
690966.000000
717558.000000
701402.000000
704550.000000
692045.000000
695536.000000
689114.000000
701786.000000
764526.000000
765908.000000
700138.000000
708745.000000
775717.000000
737827.000000
683696.000000
696278.000000
748551.000000
694178.000000
698037.000000
685340.000000
699524.000000
747631.000000
705552.000000
687050.000000
703949.000000
696832.000000
739719.000000
682884.000000
707625.000000
685767.000000
703541.000000
743328.000000
681569.000000
706591.000000
692293.000000
784094.000000
696195.000000
692283.000000
714452.000000
687470.000000
683758.000000
713573.000000
706068.000000
692505.000000
683741.000000
679944.000000
710493.000000
688678.000000
691295.000000
683749.000000
761357.000000
727151.000000
711725.000000
698307.000000
685397.000000
708350.000000
752396.000000
781662.000000
769639.000000
690226.000000
681360.000000
677506.000000
691501.000000
693515.000000
697865.000000
688470.000000
686668.000000
781905.000000
687593.000000
748420.000000
678181.000000
706135.000000
696838.000000
720391.000000
694387.000000
691301.000000
721881.000000
722853.000000
709091.000000
688410.000000
737485.000000
690308.000000
710443.000000
687903.000000
707521.000000
751706.000000
701186.000000
755275.000000
770184.000000
697766.000000
755405.000000
750242.000000
715606.000000
713746.000000
700778.000000
707932.000000
697032.000000
737814.000000
683401.000000
692743.000000
700075.000000
699999.000000
769158.000000
773594.000000
744630.000000
675321.000000
697536.000000
690003.000000
700019.000000
701387.000000
741755.000000
702989.000000
737376.000000
737827.000000
695315.000000
697519.000000
699908.000000
711407.000000
689176.000000
744350.000000
734328.000000
711322.000000
708044.000000
731818.000000
733774.000000
712479.000000
706838.000000
750163.000000
705190.000000
728080.000000
702477.000000
713946.000000
736956.000000
711948.000000
744281.000000
774852.000000
699478.000000
713034.000000
707439.000000
743035.000000
747296.000000
765014.000000
752221.000000
719604.000000
714649.000000
711481.000000
734852.000000
714082.000000
722972.000000
702558.000000
707614.000000
725928.000000
717395.000000
722116.000000
716294.000000
701784.000000
712710.000000
702134.000000
701967.000000
703927.000000
696016.000000
696260.000000
706829.000000
728238.000000
722742.000000
698128.000000
727729.000000
708475.000000
709824.000000
702995.000000
688515.000000
703467.000000
692761.000000
748934.000000
729176.000000
710862.000000
748283.000000
723971.000000
705515.000000
712258.000000
702362.000000
751177.000000
745276.000000
712123.000000
717012.000000
741836.000000
721806.000000
723104.000000
756292.000000
739437.000000
730876.000000
710413.000000
750304.000000
719298.000000
763904.000000
719502.000000
775628.000000
725295.000000
704639.000000
709369.000000
774579.000000
701969.000000
708289.000000
781305.000000
691601.000000
748556.000000
708900.000000
687954.000000
705463.000000
685758.000000
700699.000000
743671.000000
697441.000000
736429.000000
680515.000000
688013.000000
705282.000000
669003.000000
713225.000000
715295.000000
677371.000000
706463.000000
713338.000000
725155.000000
678257.000000
692243.000000
746727.000000
695723.000000
689867.000000
680163.000000
679234.000000
723177.000000
672651.000000
706229.000000
708801.000000
701119.000000
706227.000000
689770.000000
706969.000000
682255.000000
685645.000000
718465.000000
675602.000000
751639.000000
681538.000000
709357.000000
755454.000000
750899.000000
691886.000000
692235.000000
741020.000000
728012.000000
713592.000000
724585.000000
729223.000000
682530.000000
694370.000000
690357.000000
702803.000000
734458.000000
731000.000000
693965.000000
683242.000000
698823.000000
687942.000000
688932.000000
721330.000000
717828.000000
693892.000000
712849.000000
699025.000000
716100.000000
714210.000000
681848.000000
704816.000000
742145.000000
725370.000000
683037.000000
692805.000000
700990.000000
719047.000000
669610.000000
730742.000000
684418.000000
727918.000000
703686.000000
722291.000000
701242.000000
697988.000000
732745.000000
697097.000000
698442.000000
726794.000000
723629.000000
698078.000000
705493.000000
733673.000000
709872.000000
691710.000000
689960.000000
690908.000000
708353.000000
759683.000000
714077.000000
694267.000000
705362.000000
700685.000000
718773.000000
726762.000000
766552.000000
701589.000000
713687.000000
699381.000000
723946.000000
724064.000000
696535.000000
714857.000000
705337.000000
692012.000000
704360.000000
697840.000000
704916.000000
687875.000000
723210.000000
726693.000000
713265.000000
744555.000000
748613.000000
706076.000000
722533.000000
706577.000000
703671.000000
697365.000000
694257.000000
722205.000000
709234.000000
736866.000000
701852.000000
695445.000000
707430.000000
736747.000000
702071.000000
720111.000000
697090.000000
706303.000000
715286.000000
718609.000000
697447.000000
687786.000000
728045.000000
701943.000000
676199.000000
705357.000000
692552.000000
697048.000000
703413.000000
683389.000000
734708.000000
706071.000000
692790.000000
696866.000000
692084.000000
710741.000000
712207.000000
760257.000000
694797.000000
705591.000000
694972.000000
697967.000000
742356.000000
702832.000000
748659.000000
697057.000000
694265.000000
732895.000000
738439.000000
772464.000000
693162.000000
703848.000000
746558.000000
684689.000000
689463.000000
733509.000000
697008.000000
718616.000000
673932.000000
673628.000000
733850.000000
748910.000000
678872.000000
681402.000000
667264.000000
723736.000000
679331.000000
705496.000000
689791.000000
719255.000000
725481.000000
683596.000000
687102.000000
713085.000000
685392.000000
703632.000000
688326.000000
742355.000000
683653.000000
693020.000000
693336.000000
718109.000000
692022.000000
702506.000000
711409.000000
697506.000000
712990.000000
694755.000000
782598.000000
752339.000000
705269.000000
731992.000000
731279.000000
723445.000000
766926.000000
710225.000000
726480.000000
722475.000000
720958.000000
734543.000000
722194.000000
774782.000000
699559.000000
716961.000000
724029.000000
705317.000000
719384.000000
712532.000000
722770.000000
716577.000000
701405.000000
695190.000000
709113.000000
692705.000000
740508.000000
694955.000000
704256.000000
708101.000000
757582.000000
704322.000000
712847.000000
720758.000000
697897.000000
742923.000000
739639.000000
698123.000000
704494.000000
709120.000000
714360.000000
693458.000000
703631.000000
712876.000000
695255.000000
687710.000000
709979.000000
694556.000000
695255.000000
703686.000000
721272.000000
730003.000000
703275.000000
774517.000000
705491.000000
765134.000000
702295.000000
754600.000000
734076.000000
708211.000000
698570.000000
732812.000000
685413.000000
698056.000000
748809.000000
701083.000000
702016.000000
705031.000000
736945.000000
686707.000000
716221.000000
715941.000000
711350.000000
725891.000000
711100.000000
742983.000000
711315.000000
705600.000000
715642.000000
755456.000000
729698.000000
709716.000000
728776.000000
707556.000000
694248.000000
768071.000000
721674.000000
776571.000000
703807.000000
713597.000000
739883.000000
712056.000000
699916.000000
704423.000000
744194.000000
719487.000000
722363.000000
701776.000000
694719.000000
681099.000000
706021.000000
682912.000000
715838.000000
687285.000000
696394.000000
698674.000000
703391.000000
691847.000000
696295.000000
703069.000000
692341.000000
711718.000000
697413.000000
757461.000000
714314.000000
725971.000000
711679.000000
738397.000000
729354.000000
707330.000000
703186.000000
715820.000000
718935.000000
719657.000000
694808.000000
718946.000000
727600.000000
753165.000000
717200.000000
689443.000000
727358.000000
708267.000000
702774.000000
764445.000000
695769.000000
688898.000000
781841.000000
695066.000000
704194.000000
716188.000000
742140.000000
696903.000000
700050.000000
691272.000000
763033.000000
711855.000000
683638.000000
730323.000000
685108.000000
704521.000000
739607.000000
713692.000000
742294.000000
697566.000000
733330.000000
687016.000000
745951.000000
689512.000000
736298.000000
717065.000000
699590.000000
686799.000000
672994.000000
703109.000000
705886.000000
693229.000000
743077.000000
718330.000000
689537.000000
678189.000000
679370.000000
704500.000000
682201.000000
690370.000000
680238.000000
675390.000000
682881.000000
694471.000000
690063.000000
690884.000000
681576.000000
712187.000000
715954.000000
710450.000000
734292.000000
712753.000000
688248.000000
710633.000000
699442.000000
691280.000000
689655.000000
690831.000000
686123.000000
719592.000000
683023.000000
686448.000000
676845.000000
708970.000000
742434.000000
716407.000000
690705.000000
701012.000000
727192.000000
711185.000000
705344.000000
699530.000000
689099.000000
684707.000000
723034.000000
684335.000000
715516.000000
709561.000000
683121.000000
686828.000000
696975.000000
681208.000000
689757.000000
686723.000000
688585.000000
703938.000000
706004.000000
738016.000000
702353.000000
732417.000000
697814.000000
698535.000000
716871.000000
741632.000000
714462.000000
685317.000000
728296.000000
733428.000000
741033.000000
712011.000000
747420.000000
775039.000000
709032.000000
716144.000000
708072.000000
718216.000000
742346.000000
706861.000000
716075.000000
720317.000000
759241.000000
709181.000000
764031.000000
710663.000000
705447.000000
714686.000000
695251.000000
691960.000000
712538.000000
710881.000000
691318.000000
699417.000000
768278.000000
723707.000000
712969.000000
741593.000000
701896.000000
706999.000000
755145.000000
727245.000000
698760.000000
715243.000000
747592.000000
714938.000000
716114.000000
700846.000000
729220.000000
749654.000000
726644.000000
742648.000000
744347.000000
707618.000000
755225.000000
704982.000000
716821.000000
733007.000000
786982.000000
702496.000000
714667.000000
695243.000000
761429.000000
701152.000000
723468.000000
738675.000000
713318.000000
755031.000000
701235.000000
696763.000000
694844.000000
772076.000000
700348.000000
709544.000000
735579.000000
721293.000000
722928.000000
698997.000000
715735.000000
723550.000000
711570.000000
716363.000000
768365.000000
711548.000000
727641.000000
709036.000000
704719.000000
709930.000000
707065.000000
703703.000000
713253.000000
712075.000000
695630.000000
769615.000000
716991.000000
737841.000000
718094.000000
725443.000000
705338.000000
710615.000000
744247.000000
729465.000000
702452.000000
692169.000000
690673.000000
700090.000000
755137.000000
720432.000000
689138.000000
725400.000000
704523.000000
695966.000000
731254.000000
686338.000000
694400.000000
681950.000000
694850.000000
737622.000000
700474.000000
708249.000000
724489.000000
742764.000000
691421.000000
707268.000000
771510.000000
732460.000000
785302.000000
731025.000000
743033.000000
699240.000000
688475.000000
734640.000000
752421.000000
713188.000000
724126.000000
705894.000000
694002.000000
695129.000000
712547.000000
689784.000000
708690.000000
694035.000000
689179.000000
699694.000000
734450.000000
709087.000000
730776.000000
717238.000000
759610.000000
696068.000000
688173.000000
705649.000000
698475.000000
709379.000000
706708.000000
698094.000000
773137.000000
704824.000000
719807.000000
705943.000000
726706.000000
706528.000000
730420.000000
753695.000000
719262.000000
730403.000000
675502.000000
736758.000000
720506.000000
744252.000000
696673.000000
702150.000000
697672.000000
709698.000000
709578.000000
691300.000000
698999.000000
723078.000000
689855.000000
743980.000000
751545.000000
731393.000000
719076.000000
695635.000000
697498.000000
713816.000000
690278.000000
699133.000000
693498.000000
750462.000000
725080.000000
720413.000000
702291.000000
707791.000000
694510.000000
697941.000000
714312.000000
728657.000000
700495.000000
705648.000000
718563.000000
692744.000000
710304.000000
744198.000000
702251.000000
731114.000000
723552.000000
718177.000000
740143.000000
770735.000000
697621.000000
708000.000000
710429.000000
750202.000000
708403.000000
699018.000000
722800.000000
683113.000000
682546.000000
688283.000000
693894.000000
685764.000000
732698.000000
746758.000000
698175.000000
694673.000000
728284.000000
728599.000000
766546.000000
755590.000000
709405.000000
725309.000000
706295.000000
705524.000000
752500.000000
698053.000000
711540.000000
741404.000000
720317.000000
719311.000000
719774.000000
712966.000000
761250.000000
720891.000000
739369.000000
743223.000000
716284.000000
732963.000000
724267.000000
713921.000000
729772.000000
713871.000000
773846.000000
728532.000000
726956.000000
725906.000000
731126.000000
717537.000000
735928.000000
708077.000000
739630.000000
746666.000000
705737.000000
746032.000000
707714.000000
721805.000000
710819.000000
716334.000000
718043.000000
696382.000000
688569.000000
735810.000000
766117.000000
720505.000000
700424.000000
743629.000000
732786.000000
740297.000000
718261.000000
777303.000000
721472.000000
720219.000000
757222.000000
732252.000000
719984.000000
726390.000000
708367.000000
721948.000000
721342.000000
723058.000000
705560.000000
754723.000000
729441.000000
723986.000000
711766.000000
736486.000000
718856.000000
712405.000000
710446.000000
709374.000000
719204.000000
717365.000000
704302.000000
727942.000000
705372.000000
724252.000000
700161.000000
719774.000000
722930.000000
727653.000000
720922.000000
759454.000000
719592.000000
707555.000000
737099.000000
705886.000000
737706.000000
705385.000000
763561.000000
728436.000000
719291.000000
748492.000000
706350.000000
783834.000000
710395.000000
699985.000000
710872.000000
709684.000000
765052.000000
715282.000000
708256.000000
712861.000000
718525.000000
759073.000000
743455.000000
707529.000000
719907.000000
718316.000000
677783.000000
666362.000000
757234.000000
709433.000000
667645.000000
678673.000000
701337.000000
689173.000000
701399.000000
704796.000000
692347.000000
674293.000000
691629.000000
684971.000000
688427.000000
727787.000000
719278.000000
692664.000000
729011.000000
726410.000000
690375.000000
711838.000000
683511.000000
700202.000000
687735.000000
698232.000000
752888.000000
757642.000000
723436.000000
678906.000000
693684.000000
715698.000000
687108.000000
684900.000000
729719.000000
687226.000000
696361.000000
697815.000000
684299.000000
693932.000000
679114.000000
746679.000000
731055.000000
683783.000000
695682.000000
698316.000000
703814.000000
726317.000000
680055.000000
765010.000000
697637.000000
701972.000000
683613.000000
696581.000000
681433.000000
693696.000000
743977.000000
684140.000000
690176.000000
700777.000000
733788.000000
692243.000000
736075.000000
688091.000000
680270.000000
683964.000000
715523.000000
736800.000000
684100.000000
710251.000000
738872.000000
707479.000000
691752.000000
683055.000000
729059.000000
684841.000000
693754.000000
715443.000000
759781.000000
675730.000000
692719.000000
736481.000000
688265.000000
686515.000000
696502.000000
689210.000000
683593.000000
686753.000000
694239.000000
691904.000000
689210.000000
710527.000000
694076.000000
682938.000000
688830.000000
691515.000000
691900.000000
695342.000000
697259.000000
705852.000000
678453.000000
724786.000000
703254.000000
696435.000000
743674.000000
712075.000000
736904.000000
693943.000000
707140.000000
709617.000000
738562.000000
691433.000000
685554.000000
671891.000000
684533.000000
714293.000000
675691.000000
748411.000000
699023.000000
683536.000000
704752.000000
725921.000000
738313.000000
706490.000000
734397.000000
699242.000000
744886.000000
697646.000000
696455.000000
701671.000000
747064.000000
691913.000000
709413.000000
695433.000000
704360.000000
702811.000000
693688.000000
704162.000000
724002.000000
687797.000000
724986.000000
697267.000000
721452.000000
695345.000000
709202.000000
708456.000000
702352.000000
681617.000000
683292.000000
678144.000000
734718.000000
685896.000000
679674.000000
689974.000000
730871.000000
689019.000000
718371.000000
699990.000000
693439.000000
691888.000000
678743.000000
695384.000000
696125.000000
682642.000000
690507.000000
677999.000000
739917.000000
686265.000000
697614.000000
732168.000000
683072.000000
705118.000000
687063.000000
697336.000000
689210.000000
682535.000000
673622.000000
740635.000000
704779.000000
682063.000000
690409.000000
704077.000000
716948.000000
709529.000000
745281.000000
683155.000000
696844.000000
701120.000000
722360.000000
710323.000000
683739.000000
681104.000000
697156.000000
699251.000000
696520.000000
695387.000000
684878.000000
683442.000000
678271.000000
703284.000000
706700.000000
751786.000000
701514.000000
701299.000000
697130.000000
739639.000000
713854.000000
696017.000000
719530.000000
683972.000000
694753.000000
700878.000000
718749.000000
714343.000000
696558.000000
700323.000000
685462.000000
700215.000000
687705.000000
707433.000000
698268.000000
720503.000000
700143.000000
692055.000000
712300.000000
735083.000000
715392.000000
709344.000000
702543.000000
701872.000000
682233.000000
701907.000000
722804.000000
705145.000000
673181.000000
755656.000000
717079.000000
706182.000000
715153.000000
731754.000000
693808.000000
704556.000000
729152.000000
746212.000000
692627.000000
694794.000000
737311.000000
765889.000000
727080.000000
723203.000000
746469.000000
715288.000000
713182.000000
689994.000000
698961.000000
695437.000000
729047.000000
695387.000000
710521.000000
708276.000000
706599.000000
700460.000000
690105.000000
684445.000000
681902.000000
690939.000000
726421.000000
694008.000000
723140.000000
686673.000000
698955.000000
730872.000000
681554.000000
707367.000000
686046.000000
724034.000000
685116.000000
694347.000000
715272.000000
695713.000000
699883.000000
698322.000000
730045.000000
690598.000000
697846.000000
756721.000000
691820.000000
705279.000000
686139.000000
688146.000000
703218.000000
693565.000000
689672.000000
681724.000000
744814.000000
690270.000000
696817.000000
716212.000000
686735.000000
700596.000000
753074.000000
695545.000000
689709.000000
700443.000000
726703.000000
695929.000000
683623.000000
687969.000000
743764.000000
683929.000000
686179.000000
695879.000000
701271.000000
684635.000000
713439.000000
737314.000000
715435.000000
699577.000000
691524.000000
687401.000000
710652.000000
701866.000000
683113.000000
693074.000000
686783.000000
746978.000000
713117.000000
699835.000000
685348.000000
735272.000000
687146.000000
694346.000000
706878.000000
697035.000000
722485.000000
720074.000000
685799.000000
684218.000000
698246.000000
691022.000000
700353.000000
712335.000000
691153.000000
680830.000000
695231.000000
700217.000000
679594.000000
698844.000000
698463.000000
689057.000000
709317.000000
711488.000000
681450.000000
682872.000000
687976.000000
697003.000000
697063.000000
693068.000000
748307.000000
713967.000000
738844.000000
699439.000000
704510.000000
703164.000000
685703.000000
719287.000000
697832.000000
705802.000000
705027.000000
701963.000000
705600.000000
695767.000000
701713.000000
695914.000000
739769.000000
686204.000000
705821.000000
688406.000000
709374.000000
709166.000000
692625.000000
690099.000000
727609.000000
731970.000000
726598.000000
697916.000000
740598.000000
711447.000000
690756.000000
698361.000000
716103.000000
698217.000000
738845.000000
779453.000000
710168.000000
713113.000000
692503.000000
737804.000000
719480.000000
706446.000000
696480.000000
705509.000000
745578.000000
687906.000000
695262.000000
686007.000000
687006.000000
688061.000000
684610.000000
742726.000000
695004.000000
700601.000000
776132.000000
700855.000000
708299.000000
715021.000000
695796.000000
719413.000000
726937.000000
688463.000000
749995.000000
689163.000000
721136.000000
714781.000000
701278.000000
731722.000000
743232.000000
682851.000000
746919.000000
686401.000000
711493.000000
764778.000000
691170.000000
709280.000000
696020.000000
686404.000000
694018.000000
714785.000000
711018.000000
718292.000000
699617.000000
703916.000000
692631.000000
690351.000000
713011.000000
697526.000000
782100.000000
707378.000000
687781.000000
700146.000000
707466.000000
715279.000000
685481.000000
706502.000000
745270.000000
692389.000000
728302.000000
685998.000000
690064.000000
744903.000000
755963.000000
736119.000000
705190.000000
692291.000000
712548.000000
714119.000000
691508.000000
687663.000000
706142.000000
697781.000000
748677.000000
699795.000000
739462.000000
696495.000000
697913.000000
703438.000000
740341.000000
684479.000000
716966.000000
729478.000000
725128.000000
682901.000000
696314.000000
760885.000000
738425.000000
707215.000000
707367.000000
691797.000000
692452.000000
711955.000000
698810.000000
692277.000000
696765.000000
736179.000000
685922.000000
692071.000000
694828.000000
732153.000000
703162.000000
701645.000000
740424.000000
679778.000000
710618.000000
683174.000000
710456.000000
719019.000000
696443.000000
691772.000000
708032.000000
696155.000000
694534.000000
706762.000000
719019.000000
690404.000000
746080.000000
696203.000000
693821.000000
693137.000000
700241.000000
684285.000000
699358.000000
730654.000000
703219.000000
695474.000000
732655.000000
694480.000000
681007.000000
698620.000000
683441.000000
692985.000000
707727.000000
708364.000000
686668.000000
706040.000000
700499.000000
692660.000000
696368.000000
709709.000000
700186.000000
717551.000000
680725.000000
747308.000000
732789.000000
691525.000000
698654.000000
696982.000000
688953.000000
685598.000000
700230.000000
699436.000000
720744.000000
684004.000000
691423.000000
695636.000000
694185.000000
696543.000000
700868.000000
686626.000000
718969.000000
701180.000000
713210.000000
730509.000000
708006.000000
704957.000000
695699.000000
695477.000000
700446.000000
700893.000000
698778.000000
710206.000000
716591.000000
721775.000000
677775.000000
716309.000000
685046.000000
687490.000000
769166.000000
679067.000000
684662.000000
692240.000000
687493.000000
684068.000000
659894.000000
675150.000000
689122.000000
690404.000000
662823.000000
653915.000000
722719.000000
664434.000000
677657.000000
716699.000000
702439.000000
706172.000000
758018.000000
756397.000000
698720.000000
727705.000000
698950.000000
730172.000000
704255.000000
767111.000000
696055.000000
714646.000000
717354.000000
697291.000000
695709.000000
700448.000000
697918.000000
752505.000000
705860.000000
721256.000000
722403.000000
753940.000000
703198.000000
717423.000000
762290.000000
697520.000000
713724.000000
712308.000000
716925.000000
743383.000000
706744.000000
746533.000000
700778.000000
697148.000000
727348.000000
747335.000000
697808.000000
694149.000000
739800.000000
709533.000000
761631.000000
701249.000000
776839.000000
710662.000000
701011.000000
704789.000000
710347.000000
709977.000000
705529.000000
732109.000000
709288.000000
699622.000000
701359.000000
727275.000000
712362.000000
712112.000000
745875.000000
694706.000000
705712.000000
686846.000000
750025.000000
698526.000000
735798.000000
681503.000000
740486.000000
701106.000000
701536.000000
772766.000000
711882.000000
702993.000000
711875.000000
710515.000000
687645.000000
717330.000000
711742.000000
721409.000000
697568.000000
712632.000000
710280.000000
760993.000000
754278.000000
700904.000000
684614.000000
711199.000000
738340.000000
692823.000000
690588.000000
700369.000000
702041.000000
734756.000000
694319.000000
746959.000000
715840.000000
694624.000000
712790.000000
684929.000000
680432.000000
701444.000000
693725.000000
725866.000000
740316.000000
744703.000000
737262.000000
691114.000000
721179.000000
707760.000000
685471.000000
751839.000000
735155.000000
684105.000000
703048.000000
719703.000000
705111.000000
713645.000000
681620.000000
706820.000000
691692.000000
700738.000000
704077.000000
678522.000000
687172.000000
685206.000000
693439.000000
746495.000000
730027.000000
681107.000000
744422.000000
702981.000000
728866.000000
702568.000000
708535.000000
699109.000000
705796.000000
732896.000000
754496.000000
688618.000000
730359.000000
757634.000000
690552.000000
695831.000000
713194.000000
695326.000000
694457.000000
709640.000000
713725.000000
694102.000000
727070.000000
708975.000000
699726.000000
766129.000000
679263.000000
712296.000000
706295.000000
688346.000000
700267.000000
705258.000000
726537.000000
738673.000000
718239.000000
694061.000000
709401.000000
684949.000000
729909.000000
698772.000000
713054.000000
734653.000000
695676.000000
696002.000000
720412.000000
694205.000000
757354.000000
709299.000000
741936.000000
698134.000000
689109.000000
698940.000000
727165.000000
738659.000000
697347.000000
692224.000000
733818.000000
714654.000000
697970.000000
684696.000000
773801.000000
720407.000000
705959.000000
704074.000000
712194.000000
694213.000000
688770.000000
705000.000000
722070.000000
726975.000000
715965.000000
697403.000000
685615.000000
701733.000000
684697.000000
726442.000000
686113.000000
679879.000000
746738.000000
768230.000000
688198.000000
685454.000000
697470.000000
727336.000000
696476.000000
748013.000000
757091.000000
689173.000000
754896.000000
735442.000000
699651.000000
697569.000000
677608.000000
699825.000000
704603.000000
676949.000000
738243.000000
698053.000000
702091.000000
688519.000000
681376.000000
685161.000000
726571.000000
694954.000000
695863.000000
682651.000000
692525.000000
702445.000000
711856.000000
705228.000000
695937.000000
675183.000000
699108.000000
701785.000000
685134.000000
710379.000000
744594.000000
700961.000000
684152.000000
700780.000000
753801.000000
697145.000000
725754.000000
680934.000000
686393.000000
771144.000000
699912.000000
713493.000000
697223.000000
688218.000000
697809.000000
685732.000000
727076.000000
706722.000000
709551.000000
684190.000000
694099.000000
692101.000000
696499.000000
689290.000000
721151.000000
684083.000000
727736.000000
756276.000000
733579.000000
730859.000000
755378.000000
711640.000000
696881.000000
738445.000000
698557.000000
700173.000000
699057.000000
764751.000000
692362.000000
723462.000000
698138.000000
681999.000000
715587.000000
715427.000000
689486.000000
725923.000000
714663.000000
690907.000000
688954.000000
704338.000000
691378.000000
734820.000000
686182.000000
729022.000000
707346.000000
688967.000000
685500.000000
712682.000000
712569.000000
692943.000000
694425.000000
685549.000000
699588.000000
717448.000000
693171.000000
698951.000000
772951.000000
712915.000000
743635.000000
688228.000000
683065.000000
697012.000000
744221.000000
715377.000000
718412.000000
700037.000000
708488.000000
697483.000000
749980.000000
690633.000000
692177.000000
683669.000000
713869.000000
699090.000000
750739.000000
694866.000000
691081.000000
738907.000000
705025.000000
691067.000000
678100.000000
725347.000000
680142.000000
718188.000000
681242.000000
698604.000000
702925.000000
684139.000000
692017.000000
687580.000000
693267.000000
679891.000000
702958.000000
711075.000000
704864.000000
687844.000000
708096.000000
686707.000000
716432.000000
688207.000000
755744.000000
700472.000000
704084.000000
707871.000000
689379.000000
695454.000000
708269.000000
689496.000000
705849.000000
682191.000000
745801.000000
716817.000000
684168.000000
699738.000000
704886.000000
679415.000000
706957.000000
692593.000000
714653.000000
712826.000000
702072.000000
744043.000000
681991.000000
685311.000000
683955.000000
691308.000000
731485.000000
729253.000000
747368.000000
683549.000000
696586.000000
714818.000000
694809.000000
699623.000000
752297.000000
696805.000000
696151.000000
716630.000000
696851.000000
705451.000000
697954.000000
761439.000000
708740.000000
681640.000000
683783.000000
707771.000000
702673.000000
745102.000000
685266.000000
689007.000000
701751.000000
692105.000000
709300.000000
731904.000000
690318.000000
694935.000000
706446.000000
683883.000000
695914.000000
682700.000000
691077.000000
685263.000000
693580.000000
