749447.000000
737443.000000
745779.000000
739872.000000
734162.000000
731311.000000
738980.000000
727040.000000
739265.000000
725413.000000
759382.000000
722415.000000
690624.000000
735490.000000
716448.000000
699229.000000
699973.000000
704018.000000
701273.000000
711952.000000
700482.000000
706694.000000
705326.000000
711475.000000
714356.000000
710116.000000
698874.000000
714731.000000
724569.000000
741456.000000
733128.000000
749931.000000
734590.000000
747623.000000
742098.000000
743909.000000
723552.000000
743425.000000
723215.000000
741537.000000
743898.000000
727399.000000
743142.000000
734580.000000
748130.000000
727987.000000
754342.000000
723360.000000
740293.000000
743985.000000
772707.000000
735523.000000
726268.000000
743057.000000
734775.000000
770964.000000
751810.000000
741721.000000
749426.000000
736382.000000
737451.000000
732908.000000
737344.000000
732062.000000
773505.000000
746648.000000
739658.000000
731537.000000
728693.000000
724387.000000
731419.000000
729104.000000
709522.000000
725040.000000
707772.000000
699998.000000
712454.000000
720670.000000
728774.000000
716485.000000
709435.000000
707006.000000
732100.000000
738538.000000
720067.000000
734438.000000
727264.000000
723702.000000
719953.000000
767606.000000
726793.000000
720456.000000
716921.000000
724682.000000
721132.000000
740768.000000
740838.000000
735151.000000
749860.000000
719520.000000
720516.000000
725197.000000
726740.000000
741167.000000
727056.000000
709208.000000
713331.000000
715066.000000
705187.000000
721191.000000
724754.000000
737560.000000
722561.000000
738514.000000
723579.000000
739853.000000
721207.000000
752474.000000
731266.000000
740697.000000
752213.000000
747406.000000
747777.000000
726281.000000
730530.000000
727870.000000
722359.000000
743259.000000
735555.000000
749845.000000
776634.000000
749459.000000
744136.000000
741903.000000
749045.000000
738281.000000
764909.000000
743938.000000
742954.000000
773262.000000
734877.000000
745183.000000
748743.000000
756440.000000
758512.000000
776838.000000
737726.000000
730075.000000
771568.000000
749275.000000
730342.000000
742680.000000
741361.000000
756275.000000
738039.000000
761172.000000
730739.000000
727589.000000
738785.000000
723008.000000
758144.000000
731621.000000
737008.000000
749602.000000
733709.000000
735532.000000
749681.000000
752121.000000
755946.000000
736792.000000
735264.000000
747473.000000
737090.000000
740330.000000
746457.000000
732840.000000
763667.000000
733055.000000
743609.000000
743365.000000
731756.000000
725556.000000
719457.000000
752067.000000
722652.000000
722379.000000
741660.000000
724598.000000
733420.000000
715788.000000
758466.000000
742633.000000
723097.000000
722994.000000
717754.000000
724067.000000
732246.000000
720464.000000
733201.000000
719510.000000
716098.000000
727053.000000
731360.000000
719009.000000
719487.000000
730807.000000
724404.000000
698395.000000
704678.000000
702537.000000
711419.000000
702429.000000
711855.000000
716579.000000
747143.000000
737318.000000
725640.000000
743725.000000
730747.000000
746106.000000
732482.000000
720585.000000
737536.000000
742505.000000
738090.000000
736190.000000
737118.000000
743286.000000
740412.000000
747172.000000
735242.000000
742815.000000
728015.000000
755639.000000
722750.000000
730210.000000
729870.000000
715452.000000
731105.000000
725463.000000
719303.000000
734819.000000
713143.000000
723409.000000
733003.000000
721160.000000
707917.000000
727440.000000
730206.000000
718170.000000
713386.000000
732369.000000
719262.000000
724435.000000
728500.000000
751477.000000
716712.000000
730256.000000
723607.000000
713158.000000
713525.000000
719313.000000
725170.000000
724599.000000
759359.000000
734554.000000
732163.000000
752355.000000
738346.000000
764242.000000
746571.000000
768036.000000
740378.000000
728804.000000
741050.000000
727376.000000
749122.000000
734662.000000
729945.000000
745012.000000
717442.000000
718916.000000
774060.000000
739101.000000
729061.000000
738096.000000
742670.000000
731342.000000
744960.000000
734767.000000
735356.000000
745571.000000
767259.000000
771069.000000
723460.000000
748774.000000
745738.000000
746219.000000
722181.000000
716053.000000
724233.000000
733767.000000
728942.000000
725134.000000
724412.000000
750291.000000
729266.000000
729268.000000
728525.000000
731971.000000
758976.000000
744122.000000
738385.000000
730260.000000
767152.000000
738001.000000
733264.000000
752569.000000
737062.000000
733044.000000
726815.000000
721314.000000
726288.000000
746200.000000
729601.000000
727281.000000
740712.000000
732811.000000
729221.000000
740799.000000
735070.000000
734289.000000
726529.000000
753919.000000
735136.000000
716867.000000
737140.000000
717457.000000
731244.000000
727794.000000
732060.000000
711741.000000
698331.000000
709773.000000
711281.000000
699987.000000
700869.000000
708510.000000
725826.000000
700131.000000
716814.000000
704698.000000
720636.000000
690755.000000
692281.000000
705853.000000
701462.000000
703206.000000
702054.000000
768138.000000
714770.000000
704634.000000
703250.000000
704570.000000
716060.000000
709384.000000
714435.000000
706354.000000
709251.000000
707803.000000
731582.000000
701439.000000
712468.000000
721417.000000
700827.000000
716162.000000
704815.000000
694096.000000
696423.000000
734359.000000
714496.000000
713118.000000
747211.000000
734167.000000
733207.000000
721065.000000
725879.000000
714422.000000
738848.000000
743949.000000
732043.000000
751211.000000
722179.000000
719850.000000
723650.000000
723113.000000
734309.000000
733203.000000
731818.000000
734545.000000
731547.000000
719083.000000
727226.000000
724513.000000
737075.000000
718100.000000
736963.000000
725939.000000
729017.000000
752551.000000
724577.000000
732883.000000
727393.000000
717387.000000
717149.000000
710920.000000
744514.000000
722237.000000
732544.000000
722111.000000
741449.000000
727857.000000
731888.000000
730005.000000
736607.000000
741130.000000
729762.000000
717256.000000
723572.000000
738425.000000
725332.000000
795251.000000
736467.000000
769242.000000
724724.000000
727993.000000
730571.000000
713566.000000
725730.000000
719801.000000
720302.000000
713245.000000
728255.000000
721899.000000
731181.000000
737813.000000
726287.000000
718184.000000
732826.000000
748503.000000
741352.000000
727674.000000
730678.000000
717161.000000
716190.000000
735197.000000
715186.000000
726021.000000
723988.000000
719509.000000
765863.000000
716762.000000
726767.000000
721889.000000
725069.000000
705226.000000
712024.000000
720934.000000
727796.000000
724304.000000
754727.000000
728065.000000
714760.000000
731648.000000
726497.000000
720171.000000
724486.000000
716614.000000
732335.000000
716759.000000
729383.000000
721444.000000
725176.000000
720619.000000
717392.000000
720016.000000
741961.000000
718909.000000
711337.000000
730208.000000
759818.000000
734484.000000
719241.000000
710346.000000
717051.000000
725711.000000
730139.000000
735925.000000
730384.000000
727426.000000
755007.000000
721985.000000
710430.000000
733162.000000
735455.000000
737149.000000
737423.000000
719176.000000
717235.000000
721151.000000
712938.000000
723175.000000
722061.000000
731721.000000
731091.000000
709547.000000
718811.000000
724783.000000
716427.000000
747844.000000
719635.000000
719966.000000
738410.000000
720013.000000
719341.000000
717934.000000
734376.000000
732081.000000
718328.000000
710312.000000
719663.000000
720019.000000
733748.000000
731744.000000
735167.000000
760968.000000
737984.000000
718583.000000
760284.000000
726563.000000
732734.000000
723328.000000
719517.000000
715058.000000
715561.000000
715674.000000
732392.000000
717455.000000
741822.000000
725355.000000
726487.000000
735004.000000
726867.000000
727945.000000
765360.000000
727990.000000
723335.000000
752562.000000
739733.000000
743085.000000
714020.000000
731109.000000
728627.000000
751196.000000
732185.000000
727042.000000
725336.000000
717769.000000
726393.000000
715177.000000
726445.000000
721737.000000
728748.000000
710176.000000
718010.000000
706457.000000
734297.000000
721733.000000
720345.000000
718615.000000
724966.000000
732934.000000
744704.000000
718914.000000
718514.000000
716870.000000
722856.000000
725014.000000
728538.000000
726002.000000
720024.000000
742112.000000
724397.000000
723285.000000
723344.000000
729112.000000
730553.000000
733777.000000
714391.000000
727949.000000
720134.000000
726927.000000
721933.000000
724493.000000
732979.000000
712937.000000
734878.000000
738831.000000
727999.000000
749609.000000
728717.000000
744351.000000
738716.000000
738998.000000
741650.000000
718325.000000
721850.000000
722521.000000
736105.000000
721334.000000
718981.000000
712727.000000
725138.000000
732230.000000
723070.000000
715877.000000
728631.000000
741618.000000
726768.000000
723584.000000
711967.000000
706795.000000
723337.000000
723832.000000
723664.000000
714610.000000
719798.000000
716697.000000
726186.000000
723679.000000
724394.000000
726231.000000
721981.000000
718589.000000
712521.000000
727411.000000
727983.000000
716462.000000
715972.000000
714725.000000
730478.000000
714950.000000
746947.000000
721890.000000
722208.000000
718244.000000
730319.000000
724171.000000
719135.000000
722779.000000
724153.000000
726726.000000
724496.000000
737230.000000
748689.000000
751678.000000
716309.000000
731420.000000
748920.000000
725330.000000
720781.000000
724613.000000
728791.000000
726704.000000
718277.000000
734690.000000
804183.000000
713914.000000
718951.000000
741894.000000
723761.000000
712751.000000
736901.000000
715175.000000
728946.000000
712830.000000
719799.000000
727209.000000
716576.000000
732374.000000
728504.000000
731757.000000
735717.000000
709885.000000
762901.000000
711542.000000
713903.000000
727161.000000
729216.000000
717077.000000
729329.000000
731920.000000
724043.000000
762720.000000
730649.000000
719438.000000
723076.000000
722300.000000
721430.000000
713775.000000
731401.000000
723357.000000
725212.000000
720999.000000
741514.000000
729302.000000
727415.000000
721757.000000
709532.000000
736006.000000
727726.000000
713821.000000
717712.000000
723896.000000
734855.000000
713313.000000
725184.000000
720159.000000
713039.000000
712939.000000
728125.000000
712336.000000
741058.000000
722671.000000
756904.000000
724473.000000
731602.000000
711400.000000
725280.000000
735126.000000
753540.000000
718692.000000
737223.000000
728386.000000
715846.000000
725174.000000
731267.000000
718196.000000
713511.000000
732505.000000
709524.000000
716372.000000
728424.000000
706523.000000
723152.000000
740770.000000
733793.000000
721996.000000
717092.000000
722926.000000
750221.000000
725692.000000
744081.000000
748747.000000
715286.000000
714663.000000
722066.000000
731334.000000
713338.000000
716995.000000
724059.000000
723161.000000
725732.000000
718608.000000
732650.000000
721578.000000
736877.000000
710909.000000
731473.000000
734166.000000
738685.000000
749235.000000
720457.000000
717996.000000
717732.000000
711260.000000
722461.000000
723287.000000
747764.000000
748796.000000
748825.000000
740366.000000
742836.000000
732553.000000
773703.000000
740596.000000
749301.000000
758359.000000
771489.000000
744102.000000
739275.000000
747421.000000
737115.000000
750527.000000
732867.000000
724667.000000
718004.000000
699754.000000
701926.000000
707336.000000
731574.000000
719750.000000
719502.000000
704875.000000
724493.000000
722865.000000
748895.000000
752127.000000
722135.000000
712739.000000
739217.000000
731718.000000
719869.000000
756236.000000
715068.000000
721027.000000
718993.000000
729870.000000
724855.000000
746503.000000
716477.000000
734124.000000
721598.000000
731871.000000
732018.000000
718475.000000
714861.000000
717875.000000
723970.000000
708932.000000
719221.000000
716611.000000
768894.000000
718679.000000
725680.000000
735834.000000
738326.000000
742304.000000
724517.000000
742077.000000
735000.000000
785339.000000
731911.000000
727371.000000
764410.000000
736672.000000
745336.000000
711024.000000
723855.000000
742178.000000
702422.000000
705488.000000
690721.000000
711590.000000
701595.000000
704923.000000
707312.000000
699908.000000
724990.000000
732860.000000
710722.000000
692091.000000
702356.000000
698890.000000
700933.000000
690409.000000
697956.000000
726171.000000
740242.000000
735906.000000
734164.000000
726770.000000
729244.000000
730515.000000
733632.000000
730023.000000
744873.000000
768096.000000
735994.000000
741647.000000
747992.000000
733638.000000
746996.000000
748418.000000
731918.000000
739597.000000
741313.000000
727220.000000
737315.000000
730535.000000
735822.000000
739356.000000
729714.000000
744665.000000
739752.000000
735790.000000
740208.000000
741205.000000
731503.000000
755719.000000
738114.000000
754527.000000
728731.000000
736470.000000
732128.000000
726693.000000
731146.000000
711849.000000
730475.000000
758076.000000
714831.000000
717263.000000
733638.000000
724738.000000
714409.000000
727555.000000
725273.000000
717309.000000
712785.000000
750145.000000
728865.000000
726980.000000
724041.000000
720905.000000
754617.000000
737124.000000
717037.000000
731245.000000
740003.000000
736971.000000
721503.000000
721425.000000
692535.000000
717272.000000
716214.000000
707171.000000
716930.000000
712242.000000
716565.000000
719601.000000
730865.000000
731704.000000
719784.000000
710708.000000
746169.000000
712885.000000
730179.000000
746707.000000
736482.000000
726821.000000
729836.000000
746125.000000
728910.000000
746687.000000
739742.000000
741268.000000
725768.000000
730433.000000
737889.000000
732918.000000
726740.000000
733703.000000
731137.000000
728329.000000
723427.000000
720490.000000
727017.000000
730704.000000
734631.000000
734495.000000
756628.000000
741613.000000
730553.000000
738097.000000
746175.000000
745832.000000
741370.000000
742421.000000
728046.000000
740783.000000
741700.000000
742557.000000
741721.000000
746704.000000
752147.000000
746226.000000
751322.000000
723733.000000
747068.000000
742481.000000
750238.000000
754269.000000
738171.000000
764592.000000
778910.000000
720544.000000
729514.000000
730404.000000
740556.000000
733713.000000
741027.000000
753865.000000
738556.000000
729804.000000
741868.000000
775949.000000
741580.000000
742318.000000
731688.000000
740454.000000
738161.000000
745398.000000
749873.000000
744363.000000
745205.000000
735676.000000
727911.000000
727392.000000
732303.000000
728320.000000
719022.000000
724461.000000
768847.000000
721404.000000
717996.000000
734689.000000
719934.000000
728848.000000
730972.000000
707353.000000
724635.000000
722913.000000
724789.000000
729212.000000
718840.000000
718109.000000
718569.000000
728420.000000
722514.000000
728323.000000
726299.000000
712572.000000
722552.000000
729441.000000
716990.000000
724913.000000
735924.000000
744765.000000
744202.000000
732895.000000
722813.000000
777422.000000
727057.000000
741654.000000
734220.000000
736000.000000
732711.000000
732461.000000
732439.000000
731313.000000
735122.000000
733801.000000
725944.000000
735796.000000
758272.000000
737765.000000
759110.000000
742282.000000
723064.000000
734515.000000
770496.000000
730106.000000
726853.000000
741450.000000
744206.000000
741683.000000
734727.000000
743616.000000
729522.000000
740087.000000
725593.000000
727657.000000
734397.000000
731025.000000
729334.000000
745226.000000
729731.000000
726032.000000
739011.000000
745147.000000
732025.000000
737442.000000
722691.000000
750547.000000
737462.000000
732923.000000
744754.000000
723580.000000
745150.000000
735403.000000
725849.000000
741888.000000
717058.000000
719432.000000
730533.000000
733539.000000
742156.000000
732603.000000
731230.000000
737931.000000
730064.000000
730625.000000
729219.000000
724788.000000
722698.000000
754193.000000
723980.000000
717510.000000
723570.000000
743154.000000
735180.000000
721769.000000
727367.000000
689233.000000
696669.000000
694498.000000
700970.000000
687816.000000
704987.000000
698481.000000
707482.000000
702982.000000
697074.000000
708980.000000
710581.000000
711241.000000
700948.000000
697502.000000
695266.000000
746437.000000
705990.000000
690268.000000
700669.000000
736888.000000
702638.000000
710973.000000
718125.000000
727356.000000
702283.000000
727005.000000
699361.000000
698593.000000
693697.000000
688986.000000
707957.000000
694226.000000
704009.000000
697441.000000
717241.000000
706805.000000
691998.000000
742400.000000
709457.000000
745397.000000
744293.000000
764393.000000
728792.000000
725982.000000
714492.000000
722537.000000
732294.000000
728204.000000
732806.000000
717887.000000
724804.000000
724220.000000
714720.000000
727135.000000
744955.000000
745032.000000
762046.000000
733596.000000
718502.000000
722451.000000
726716.000000
726579.000000
725252.000000
774479.000000
736322.000000
730099.000000
718481.000000
758253.000000
737765.000000
725830.000000
729560.000000
755891.000000
724413.000000
717589.000000
732832.000000
712375.000000
725866.000000
728028.000000
731841.000000
722809.000000
715950.000000
730345.000000
724407.000000
716544.000000
737678.000000
721660.000000
730058.000000
723505.000000
726192.000000
731777.000000
764379.000000
731576.000000
729962.000000
731995.000000
729985.000000
716897.000000
713956.000000
726451.000000
724704.000000
719659.000000
733798.000000
797996.000000
723552.000000
714269.000000
733791.000000
737995.000000
725321.000000
736909.000000
717013.000000
710965.000000
719843.000000
715348.000000
726568.000000
739640.000000
717796.000000
736944.000000
734748.000000
719911.000000
714292.000000
724413.000000
713836.000000
718319.000000
719174.000000
731421.000000
727430.000000
733300.000000
721591.000000
738585.000000
720878.000000
723294.000000
723813.000000
760893.000000
719627.000000
726334.000000
717153.000000
748755.000000
748268.000000
720692.000000
716530.000000
708629.000000
742575.000000
716378.000000
720851.000000
743431.000000
728593.000000
717441.000000
727408.000000
761827.000000
745392.000000
732633.000000
723846.000000
742292.000000
735616.000000
704969.000000
724545.000000
729114.000000
720433.000000
731301.000000
734839.000000
750985.000000
730231.000000
725788.000000
723766.000000
719816.000000
755721.000000
724918.000000
719197.000000
728612.000000
745399.000000
713768.000000
725628.000000
724998.000000
735115.000000
726726.000000
730643.000000
738219.000000
719712.000000
736711.000000
728027.000000
724146.000000
731577.000000
714786.000000
720468.000000
720094.000000
722081.000000
727606.000000
724209.000000
727955.000000
735845.000000
724093.000000
717635.000000
714143.000000
734573.000000
724220.000000
720581.000000
713717.000000
722254.000000
725535.000000
741055.000000
731916.000000
718019.000000
722872.000000
717676.000000
748548.000000
728503.000000
715655.000000
732259.000000
716405.000000
721241.000000
726599.000000
747221.000000
726869.000000
711603.000000
720292.000000
732472.000000
713282.000000
728545.000000
726523.000000
724671.000000
709419.000000
836851.000000
747624.000000
750042.000000
745782.000000
718754.000000
718553.000000
730724.000000
722376.000000
722850.000000
725668.000000
710284.000000
721578.000000
719527.000000
719924.000000
720792.000000
714662.000000
723642.000000
726730.000000
716382.000000
716277.000000
726402.000000
728355.000000
731988.000000
759932.000000
728247.000000
710940.000000
739823.000000
750746.000000
725698.000000
717460.000000
723456.000000
727826.000000
749723.000000
718665.000000
712904.000000
731068.000000
728905.000000
760550.000000
764797.000000
723102.000000
729609.000000
741713.000000
731062.000000
723654.000000
728316.000000
733288.000000
735465.000000
721738.000000
765279.000000
744173.000000
713163.000000
755872.000000
729893.000000
728331.000000
734400.000000
732275.000000
723768.000000
733679.000000
721881.000000
723044.000000
710912.000000
726217.000000
716855.000000
726752.000000
731462.000000
713783.000000
723502.000000
732539.000000
730983.000000
715288.000000
727841.000000
715279.000000
734451.000000
733330.000000
722526.000000
720230.000000
766778.000000
711535.000000
716912.000000
720137.000000
728864.000000
723744.000000
722392.000000
752718.000000
713587.000000
722371.000000
729028.000000
727299.000000
732380.000000
723541.000000
734967.000000
740726.000000
743959.000000
744262.000000
734966.000000
731960.000000
723350.000000
723400.000000
709259.000000
713863.000000
716472.000000
733180.000000
724252.000000
725846.000000
722365.000000
724226.000000
724085.000000
716152.000000
725548.000000
769900.000000
730641.000000
719693.000000
737883.000000
720719.000000
743107.000000
729352.000000
723615.000000
711455.000000
718852.000000
729819.000000
720302.000000
784603.000000
716860.000000
748855.000000
747540.000000
718828.000000
719991.000000
726537.000000
756752.000000
736014.000000
758898.000000
760751.000000
731350.000000
728060.000000
716839.000000
715960.000000
722669.000000
719044.000000
734110.000000
727607.000000
738070.000000
715050.000000
728866.000000
728965.000000
726190.000000
722673.000000
758265.000000
720268.000000
743739.000000
723911.000000
724929.000000
736175.000000
728922.000000
721614.000000
736475.000000
722010.000000
727867.000000
763186.000000
738231.000000
720164.000000
711977.000000
735754.000000
723921.000000
725901.000000
717550.000000
729025.000000
716760.000000
719365.000000
724496.000000
727084.000000
717638.000000
719112.000000
732757.000000
771464.000000
718516.000000
739844.000000
724473.000000
730536.000000
746130.000000
721720.000000
715572.000000
712912.000000
720416.000000
776259.000000
726831.000000
724112.000000
757913.000000
728542.000000
726040.000000
777741.000000
716242.000000
714543.000000
720850.000000
730053.000000
731925.000000
726697.000000
753825.000000
717689.000000
750814.000000
726580.000000
729270.000000
740014.000000
728806.000000
731524.000000
715774.000000
732242.000000
727398.000000
715549.000000
726838.000000
711880.000000
733225.000000
717204.000000
732930.000000
730580.000000
724484.000000
726735.000000
731234.000000
724150.000000
716354.000000
728465.000000
732857.000000
733365.000000
732539.000000
728182.000000
736550.000000
724114.000000
724677.000000
722212.000000
734471.000000
721205.000000
739231.000000
721720.000000
723299.000000
747238.000000
726725.000000
735430.000000
741323.000000
752122.000000
743404.000000
741249.000000
734608.000000
758730.000000
740043.000000
731613.000000
733580.000000
725983.000000
735028.000000
733882.000000
730551.000000
711788.000000
731693.000000
741372.000000
737461.000000
721147.000000
724323.000000
727627.000000
720260.000000
723037.000000
731014.000000
722319.000000
726007.000000
745601.000000
723540.000000
724936.000000
732835.000000
728386.000000
723397.000000
735789.000000
759203.000000
722611.000000
731713.000000
728927.000000
730095.000000
725157.000000
750102.000000
723036.000000
723913.000000
740094.000000
713335.000000
732141.000000
725276.000000
731245.000000
726420.000000
747715.000000
750385.000000
725738.000000
732976.000000
740213.000000
734579.000000
724463.000000
728861.000000
744707.000000
735905.000000
725424.000000
731023.000000
734676.000000
727754.000000
724046.000000
724905.000000
725554.000000
743420.000000
720365.000000
728728.000000
737836.000000
729237.000000
735975.000000
732149.000000
727273.000000
736156.000000
736257.000000
714179.000000
710585.000000
730551.000000
727004.000000
737613.000000
731431.000000
722536.000000
739374.000000
745295.000000
733119.000000
720864.000000
715495.000000
721970.000000
704586.000000
730965.000000
731211.000000
739211.000000
726069.000000
720854.000000
723310.000000
714768.000000
715334.000000
752266.000000
716791.000000
724927.000000
706098.000000
723547.000000
740419.000000
719665.000000
707795.000000
720818.000000
723596.000000
733532.000000
751215.000000
734907.000000
723340.000000
720869.000000
726195.000000
736536.000000
717084.000000
750979.000000
751556.000000
729049.000000
745363.000000
752875.000000
735265.000000
724958.000000
735601.000000
732120.000000
715660.000000
710762.000000
743632.000000
715760.000000
749508.000000
737060.000000
786015.000000
717155.000000
720013.000000
720577.000000
719759.000000
724796.000000
739503.000000
713524.000000
722956.000000
792216.000000
736724.000000
727071.000000
744634.000000
747475.000000
739341.000000
730317.000000
735811.000000
756483.000000
739913.000000
730753.000000
741428.000000
732441.000000
733210.000000
724761.000000
730815.000000
725108.000000
738925.000000
726607.000000
725314.000000
738483.000000
761512.000000
725130.000000
735533.000000
742356.000000
731260.000000
729122.000000
743471.000000
747578.000000
742630.000000
742598.000000
729494.000000
738718.000000
732864.000000
729508.000000
752590.000000
719661.000000
730726.000000
732018.000000
744860.000000
728075.000000
730083.000000
731813.000000
724642.000000
743663.000000
728017.000000
739547.000000
720977.000000
705522.000000
710586.000000
709968.000000
700080.000000
702900.000000
711009.000000
712812.000000
701935.000000
711432.000000
722402.000000
712096.000000
716347.000000
716699.000000
707050.000000
707622.000000
703646.000000
724080.000000
738444.000000
731302.000000
711546.000000
706894.000000
708360.000000
709818.000000
694728.000000
715888.000000
712495.000000
753756.000000
714017.000000
719418.000000
713181.000000
741050.000000
716220.000000
708187.000000
701016.000000
716750.000000
707885.000000
698574.000000
717586.000000
717538.000000
719192.000000
713604.000000
709330.000000
713194.000000
706983.000000
705320.000000
706153.000000
712461.000000
714000.000000
717683.000000
718575.000000
697198.000000
702084.000000
729805.000000
699659.000000
711277.000000
707552.000000
704565.000000
721540.000000
717162.000000
711333.000000
712809.000000
697476.000000
699536.000000
706648.000000
713446.000000
705200.000000
712387.000000
708594.000000
709926.000000
725794.000000
720743.000000
734362.000000
729761.000000
731434.000000
742154.000000
738160.000000
731693.000000
737908.000000
729004.000000
753836.000000
736045.000000
738165.000000
734380.000000
736740.000000
722667.000000
749211.000000
729239.000000
720332.000000
735236.000000
740699.000000
746089.000000
731413.000000
739659.000000
732428.000000
727803.000000
729402.000000
724350.000000
726560.000000
730595.000000
730910.000000
739789.000000
720114.000000
705928.000000
711637.000000
716612.000000
727429.000000
731878.000000
716459.000000
704877.000000
720967.000000
712382.000000
708486.000000
735160.000000
729446.000000
709752.000000
716813.000000
723444.000000
710832.000000
716376.000000
738245.000000
710851.000000
720743.000000
707551.000000
699344.000000
698735.000000
714254.000000
711950.000000
717387.000000
703537.000000
706161.000000
712721.000000
723518.000000
742131.000000
714689.000000
715522.000000
717951.000000
713034.000000
700380.000000
700149.000000
702338.000000
707170.000000
693290.000000
712813.000000
699284.000000
706296.000000
698115.000000
715986.000000
693331.000000
726868.000000
700652.000000
709830.000000
705146.000000
693555.000000
707449.000000
689440.000000
689918.000000
696138.000000
699268.000000
705846.000000
686766.000000
710367.000000
699075.000000
708920.000000
688713.000000
698848.000000
715161.000000
698267.000000
702812.000000
721144.000000
712816.000000
724225.000000
711910.000000
745720.000000
727035.000000
735523.000000
791352.000000
732024.000000
735107.000000
724434.000000
739839.000000
739170.000000
713938.000000
723278.000000
793000.000000
731467.000000
731119.000000
740595.000000
743061.000000
744893.000000
730734.000000
767340.000000
756378.000000
739900.000000
739417.000000
739005.000000
741795.000000
748030.000000
740365.000000
746467.000000
732395.000000
748265.000000
735949.000000
740058.000000
759475.000000
746895.000000
732413.000000
726142.000000
738447.000000
754801.000000
741864.000000
737007.000000
743994.000000
728735.000000
729690.000000
749924.000000
743537.000000
724438.000000
724507.000000
735205.000000
742647.000000
731754.000000
741700.000000
745350.000000
727777.000000
734717.000000
760261.000000
728900.000000
741302.000000
736606.000000
729987.000000
737254.000000
738421.000000
730086.000000
745080.000000
730408.000000
737459.000000
727014.000000
736232.000000
755092.000000
715837.000000
719328.000000
708412.000000
698406.000000
712537.000000
745666.000000
717007.000000
696591.000000
737202.000000
704386.000000
715791.000000
708704.000000
714573.000000
714049.000000
722894.000000
720161.000000
724775.000000
718627.000000
703205.000000
710803.000000
706789.000000
714980.000000
742172.000000
720430.000000
737861.000000
739258.000000
725228.000000
724440.000000
721797.000000
729879.000000
733948.000000
716501.000000
754353.000000
747902.000000
759469.000000
714047.000000
710372.000000
712079.000000
734298.000000
739584.000000
735382.000000
722358.000000
731738.000000
734193.000000
714154.000000
726363.000000
722735.000000
736739.000000
726641.000000
734244.000000
724895.000000
726044.000000
723507.000000
720603.000000
725377.000000
725328.000000
741800.000000
730310.000000
727061.000000
738634.000000
729042.000000
732944.000000
721038.000000
726572.000000
733175.000000
718329.000000
720848.000000
721722.000000
719941.000000
715613.000000
754136.000000
714928.000000
723666.000000
734354.000000
711630.000000
727142.000000
712470.000000
728704.000000
728035.000000
684695.000000
730108.000000
737326.000000
729899.000000
726814.000000
742796.000000
753456.000000
746150.000000
732692.000000
738513.000000
737290.000000
763207.000000
730861.000000
737854.000000
741458.000000
755760.000000
732700.000000
740444.000000
730565.000000
728382.000000
735736.000000
775568.000000
742958.000000
712886.000000
711607.000000
704625.000000
710655.000000
712114.000000
701927.000000
715108.000000
719587.000000
742779.000000
709620.000000
704019.000000
715767.000000
704537.000000
705585.000000
707761.000000
711207.000000
712211.000000
702787.000000
710239.000000
693003.000000
718521.000000
716559.000000
696887.000000
684522.000000
712271.000000
696502.000000
697377.000000
711591.000000
694687.000000
692285.000000
703021.000000
701676.000000
690656.000000
713728.000000
708387.000000
693256.000000
721067.000000
695934.000000
708339.000000
706005.000000
724151.000000
702203.000000
690517.000000
695330.000000
688803.000000
688603.000000
692132.000000
702392.000000
694219.000000
699462.000000
705644.000000
698447.000000
700704.000000
720804.000000
711516.000000
709776.000000
695439.000000
696788.000000
711722.000000
703902.000000
697094.000000
709186.000000
729140.000000
734499.000000
720388.000000
712135.000000
732826.000000
724636.000000
750550.000000
726213.000000
729385.000000
731502.000000
731060.000000
733766.000000
734604.000000
733618.000000
727708.000000
721566.000000
727234.000000
723721.000000
721471.000000
730462.000000
728818.000000
733189.000000
754987.000000
704241.000000
694814.000000
709101.000000
726416.000000
706495.000000
730502.000000
768543.000000
741960.000000
740654.000000
739164.000000
748113.000000
738209.000000
728068.000000
742741.000000
747973.000000
731035.000000
736661.000000
738875.000000
740935.000000
739589.000000
738826.000000
729388.000000
741129.000000
752667.000000
755221.000000
743307.000000
735628.000000
730010.000000
713512.000000
705567.000000
716933.000000
746260.000000
714083.000000
719905.000000
748303.000000
718000.000000
707440.000000
715593.000000
717674.000000
710553.000000
723466.000000
713427.000000
713516.000000
719506.000000
702619.000000
715500.000000
707240.000000
708605.000000
709508.000000
710957.000000
703248.000000
707322.000000
714406.000000
703535.000000
701062.000000
700746.000000
712727.000000
710740.000000
713634.000000
704638.000000
698986.000000
752120.000000
718416.000000
722289.000000
711319.000000
714864.000000
704384.000000
708554.000000
703800.000000
709207.000000
717046.000000
712224.000000
715313.000000
699740.000000
696080.000000
716300.000000
712816.000000
700934.000000
725145.000000
721125.000000
731646.000000
720266.000000
723058.000000
722685.000000
703549.000000
713059.000000
718994.000000
714148.000000
721882.000000
705268.000000
715777.000000
726846.000000
708475.000000
812672.000000
709480.000000
708374.000000
708524.000000
714133.000000
718039.000000
727111.000000
714115.000000
714464.000000
756665.000000
736213.000000
744075.000000
737462.000000
736473.000000
732767.000000
731360.000000
729192.000000
723838.000000
747848.000000
737557.000000
730918.000000
713852.000000
714625.000000
722333.000000
713212.000000
743150.000000
731066.000000
730615.000000
745348.000000
739603.000000
737870.000000
738870.000000
767199.000000
736178.000000
739384.000000
740418.000000
741495.000000
735189.000000
740939.000000
733257.000000
735047.000000
745640.000000
746795.000000
741455.000000
743707.000000
753081.000000
759173.000000
734773.000000
729171.000000
747154.000000
737501.000000
734906.000000
758915.000000
738552.000000
762264.000000
737747.000000
752047.000000
747403.000000
727503.000000
727668.000000
736386.000000
740489.000000
735282.000000
730033.000000
715498.000000
719492.000000
731165.000000
725985.000000
727672.000000
723573.000000
729524.000000
735676.000000
779190.000000
735501.000000
731827.000000
736700.000000
715120.000000
734314.000000
717387.000000
736124.000000
725409.000000
731065.000000
741745.000000
717869.000000
739171.000000
731632.000000
729522.000000
731697.000000
734420.000000
735796.000000
727349.000000
735138.000000
716180.000000
723874.000000
715441.000000
722491.000000
718490.000000
707011.000000
699095.000000
715177.000000
702069.000000
707643.000000
722675.000000
730188.000000
719099.000000
702623.000000
752274.000000
701536.000000
728335.000000
726650.000000
722559.000000
739410.000000
725713.000000
743940.000000
741834.000000
721647.000000
734141.000000
742708.000000
731637.000000
759760.000000
751207.000000
734002.000000
721524.000000
740221.000000
739629.000000
737960.000000
739758.000000
729644.000000
734684.000000
717688.000000
740598.000000
731540.000000
738762.000000
724455.000000
728099.000000
733914.000000
728732.000000
721896.000000
744378.000000
753193.000000
747635.000000
735984.000000
732210.000000
757505.000000
742682.000000
734260.000000
723067.000000
724212.000000
723506.000000
755558.000000
720420.000000
718693.000000
773135.000000
722651.000000
714969.000000
703363.000000
721275.000000
739012.000000
709442.000000
712763.000000
715933.000000
738597.000000
710505.000000
722315.000000
712606.000000
741616.000000
706691.000000
707780.000000
712771.000000
721243.000000
727486.000000
725205.000000
736188.000000
718909.000000
736409.000000
723272.000000
712828.000000
728425.000000
714170.000000
718638.000000
723551.000000
712528.000000
724803.000000
722982.000000
723487.000000
711766.000000
722039.000000
723560.000000
735904.000000
732845.000000
712858.000000
761305.000000
721601.000000
730316.000000
726438.000000
728143.000000
725632.000000
708902.000000
710638.000000
713713.000000
724251.000000
716432.000000
708024.000000
715040.000000
719310.000000
708479.000000
733152.000000
719204.000000
727331.000000
743815.000000
724989.000000
726360.000000
731658.000000
706006.000000
725698.000000
720265.000000
728208.000000
716515.000000
742006.000000
712531.000000
720405.000000
718931.000000
710252.000000
733937.000000
729194.000000
723571.000000
739045.000000
739337.000000
728088.000000
726688.000000
740549.000000
752599.000000
728086.000000
724580.000000
731273.000000
717844.000000
726693.000000
724741.000000
725344.000000
724274.000000
730169.000000
730495.000000
735267.000000
741652.000000
731426.000000
731102.000000
736222.000000
731216.000000
767405.000000
722421.000000
725454.000000
734222.000000
733262.000000
741593.000000
737075.000000
725616.000000
724024.000000
724364.000000
717392.000000
724444.000000
745036.000000
743809.000000
721824.000000
741494.000000
738001.000000
743965.000000
724746.000000
727080.000000
734042.000000
740899.000000
738153.000000
736240.000000
721182.000000
732553.000000
760291.000000
726819.000000
726637.000000
737935.000000
719379.000000
739921.000000
736567.000000
732721.000000
727202.000000
761039.000000
748777.000000
750569.000000
734527.000000
733092.000000
729214.000000
760430.000000
731456.000000
727417.000000
746139.000000
738528.000000
725702.000000
731255.000000
762693.000000
727730.000000
711436.000000
727567.000000
737112.000000
752738.000000
754232.000000
724732.000000
724403.000000
712406.000000
725703.000000
707031.000000
723241.000000
724669.000000
718940.000000
730755.000000
711766.000000
719161.000000
721343.000000
737113.000000
738794.000000
720868.000000
707495.000000
748943.000000
728579.000000
750281.000000
741601.000000
724812.000000
727546.000000
741265.000000
717052.000000
731350.000000
709898.000000
714371.000000
715184.000000
740714.000000
711598.000000
721223.000000
713803.000000
721199.000000
731071.000000
728817.000000
724050.000000
731961.000000
721071.000000
715960.000000
732567.000000
725835.000000
738706.000000
708244.000000
715252.000000
725673.000000
731134.000000
731784.000000
724221.000000
727087.000000
717601.000000
736806.000000
744372.000000
730268.000000
727575.000000
749681.000000
727860.000000
747225.000000
727308.000000
750617.000000
716732.000000
728209.000000
729604.000000
727858.000000
734290.000000
726030.000000
734492.000000
740358.000000
751899.000000
730695.000000
741347.000000
726371.000000
735117.000000
728106.000000
736985.000000
752802.000000
722615.000000
772210.000000
724609.000000
764501.000000
736600.000000
735442.000000
728878.000000
714814.000000
741017.000000
724507.000000
722516.000000
718459.000000
726331.000000
731779.000000
746401.000000
720590.000000
728079.000000
732490.000000
719532.000000
723162.000000
731665.000000
725721.000000
728380.000000
721351.000000
768001.000000
717936.000000
720608.000000
730345.000000
735058.000000
745323.000000
736726.000000
727199.000000
737989.000000
753335.000000
728702.000000
739244.000000
745590.000000
724573.000000
739767.000000
737433.000000
730892.000000
733130.000000
730847.000000
737348.000000
740101.000000
730452.000000
728214.000000
731299.000000
757879.000000
720947.000000
765726.000000
819436.000000
728880.000000
725731.000000
724648.000000
750764.000000
716071.000000
741446.000000
721995.000000
733464.000000
721919.000000
738451.000000
722245.000000
725533.000000
729961.000000
743017.000000
737366.000000
746065.000000
729602.000000
732577.000000
725435.000000
738603.000000
718740.000000
753358.000000
723818.000000
737088.000000
716999.000000
717890.000000
745223.000000
728887.000000
745034.000000
739157.000000
727487.000000
729637.000000
717200.000000
726661.000000
749445.000000
721930.000000
734384.000000
740617.000000
741246.000000
733094.000000
738481.000000
722123.000000
741758.000000
715164.000000
733433.000000
731563.000000
730792.000000
729897.000000
733376.000000
731797.000000
725414.000000
734774.000000
735151.000000
737624.000000
723275.000000
719501.000000
744889.000000
726690.000000
721031.000000
709007.000000
715276.000000
721557.000000
714586.000000
706906.000000
730661.000000
719727.000000
718398.000000
720250.000000
727626.000000
711176.000000
728604.000000
716110.000000
752251.000000
721230.000000
711336.000000
731264.000000
723456.000000
712819.000000
735676.000000
723754.000000
725383.000000
736152.000000
722119.000000
727144.000000
720263.000000
723855.000000
729359.000000
725265.000000
710834.000000
723887.000000
728444.000000
735692.000000
729709.000000
730258.000000
734954.000000
719865.000000
710912.000000
729812.000000
776922.000000
763158.000000
709215.000000
717502.000000
722093.000000
722923.000000
707279.000000
706623.000000
730389.000000
718964.000000
721828.000000
717152.000000
719032.000000
721422.000000
722243.000000
718506.000000
725567.000000
752443.000000
726950.000000
718996.000000
724761.000000
722023.000000
746107.000000
720812.000000
721990.000000
732668.000000
712463.000000
717085.000000
736756.000000
728878.000000
751087.000000
720309.000000
727097.000000
727346.000000
719985.000000
727548.000000
728027.000000
730116.000000
713178.000000
719619.000000
713310.000000
730686.000000
720417.000000
721063.000000
725598.000000
730065.000000
734259.000000
723350.000000
736179.000000
726762.000000
727493.000000
713558.000000
720448.000000
723240.000000
721443.000000
725212.000000
757918.000000
746240.000000
723703.000000
726792.000000
722616.000000
723053.000000
737954.000000
734675.000000
739650.000000
743960.000000
765710.000000
736021.000000
730126.000000
733171.000000
725293.000000
726463.000000
740901.000000
723484.000000
721897.000000
739764.000000
736213.000000
739731.000000
727004.000000
726113.000000
714234.000000
724893.000000
744077.000000
763445.000000
729473.000000
738724.000000
730562.000000
726092.000000
734629.000000
719996.000000
720456.000000
720598.000000
721755.000000
731650.000000
733522.000000
732750.000000
727855.000000
739241.000000
723660.000000
744727.000000
725604.000000
728685.000000
736639.000000
725200.000000
725403.000000
739507.000000
720384.000000
716418.000000
732257.000000
715138.000000
734836.000000
731277.000000
720000.000000
720995.000000
726830.000000
737197.000000
740351.000000
739299.000000
727784.000000
732388.000000
747519.000000
741779.000000
738807.000000
728177.000000
731554.000000
738853.000000
719949.000000
717840.000000
751194.000000
726552.000000
714384.000000
722317.000000
727564.000000
733437.000000
717048.000000
723017.000000
723626.000000
733096.000000
730136.000000
732182.000000
731328.000000
760416.000000
753602.000000
730242.000000
714191.000000
728424.000000
705131.000000
722318.000000
738879.000000
734754.000000
722224.000000
728972.000000
722479.000000
735440.000000
728639.000000
720875.000000
725287.000000
724226.000000
726024.000000
721982.000000
738412.000000
732403.000000
735974.000000
759877.000000
720170.000000
726843.000000
744890.000000
732554.000000
737155.000000
732723.000000
729745.000000
719895.000000
733152.000000
725208.000000
719995.000000
760025.000000
735544.000000
731364.000000
757091.000000
739562.000000
724290.000000
729409.000000
731985.000000
718658.000000
730095.000000
715016.000000
724304.000000
725247.000000
730049.000000
722209.000000
722244.000000
722772.000000
735692.000000
725307.000000
713810.000000
735749.000000
718685.000000
729849.000000
751627.000000
723137.000000
767086.000000
730554.000000
728493.000000
739344.000000
721847.000000
725797.000000
753074.000000
718566.000000
722363.000000
734326.000000
716031.000000
727132.000000
740972.000000
710779.000000
721572.000000
718213.000000
733630.000000
730756.000000
733328.000000
766752.000000
725876.000000
726343.000000
747231.000000
719422.000000
746492.000000
728925.000000
721335.000000
728125.000000
723785.000000
719541.000000
718179.000000
728241.000000
738220.000000
730193.000000
720784.000000
723961.000000
728104.000000
727685.000000
718191.000000
728793.000000
767550.000000
730263.000000
729192.000000
721779.000000
721529.000000
732982.000000
720054.000000
720932.000000
771381.000000
735325.000000
718553.000000
728583.000000
713794.000000
727844.000000
712303.000000
726262.000000
721608.000000
729025.000000
713007.000000
723293.000000
722408.000000
742129.000000
753060.000000
709615.000000
718610.000000
738087.000000
723049.000000
725258.000000
723164.000000
726742.000000
726005.000000
721243.000000
732561.000000
735136.000000
779184.000000
729001.000000
728975.000000
718367.000000
715384.000000
732492.000000
728496.000000
733818.000000
737053.000000
734201.000000
734936.000000
727904.000000
728152.000000
728864.000000
730480.000000
734523.000000
755031.000000
723584.000000
724506.000000
734088.000000
725215.000000
728646.000000
718891.000000
735843.000000
727171.000000
712541.000000
735746.000000
726297.000000
728455.000000
723222.000000
727292.000000
727561.000000
721404.000000
735643.000000
750094.000000
725735.000000
740265.000000
723580.000000
724969.000000
721789.000000
719346.000000
726031.000000
727004.000000
720477.000000
722120.000000
726486.000000
716016.000000
728493.000000
722216.000000
731869.000000
713507.000000
722395.000000
729941.000000
731293.000000
728150.000000
710586.000000
721707.000000
720282.000000
718782.000000
731343.000000
715979.000000
727017.000000
729209.000000
719853.000000
724547.000000
717297.000000
722073.000000
758159.000000
719608.000000
729643.000000
726832.000000
754106.000000
718299.000000
732582.000000
723499.000000
740619.000000
725228.000000
730031.000000
724450.000000
741107.000000
759189.000000
726447.000000
733872.000000
735131.000000
725751.000000
719411.000000
729524.000000
728949.000000
734518.000000
723503.000000
743540.000000
718926.000000
720121.000000
733038.000000
712614.000000
721292.000000
743538.000000
724926.000000
726945.000000
726331.000000
724351.000000
729258.000000
728533.000000
728426.000000
761671.000000
724989.000000
726051.000000
738783.000000
730736.000000
723741.000000
723474.000000
719162.000000
722108.000000
753463.000000
723640.000000
714617.000000
727084.000000
730669.000000
717974.000000
727715.000000
719917.000000
725537.000000
719143.000000
743954.000000
727005.000000
735615.000000
728746.000000
727840.000000
717363.000000
726774.000000
732134.000000
758459.000000
714712.000000
736548.000000
727389.000000
729915.000000
730802.000000
725650.000000
729342.000000
730085.000000
721988.000000
727665.000000
733846.000000
725554.000000
740609.000000
724123.000000
735833.000000
728230.000000
716497.000000
716769.000000
760837.000000
732611.000000
754794.000000
722784.000000
776306.000000
727133.000000
718191.000000
747073.000000
712921.000000
718235.000000
724224.000000
721703.000000
726873.000000
719090.000000
726810.000000
709860.000000
734505.000000
730325.000000
720583.000000
724474.000000
745041.000000
708299.000000
715617.000000
727965.000000
721986.000000
717496.000000
751757.000000
718207.000000
719257.000000
726786.000000
743390.000000
718753.000000
732175.000000
724625.000000
722013.000000
726156.000000
731769.000000
718491.000000
722103.000000
729274.000000
724680.000000
731685.000000
735885.000000
741540.000000
715924.000000
724190.000000
738205.000000
732862.000000
718914.000000
722529.000000
730453.000000
746006.000000
731149.000000
727115.000000
735625.000000
723770.000000
724864.000000
717328.000000
740386.000000
728298.000000
732416.000000
730952.000000
725607.000000
728986.000000
718149.000000
742458.000000
730975.000000
726675.000000
730720.000000
725622.000000
736363.000000
728433.000000
723878.000000
750539.000000
761095.000000
729118.000000
741808.000000
722948.000000
721611.000000
732481.000000
713527.000000
715095.000000
716828.000000
727011.000000
722334.000000
718288.000000
720386.000000
729827.000000
754582.000000
727645.000000
727004.000000
736432.000000
742252.000000
716388.000000
719505.000000
726113.000000
713407.000000
719452.000000
722445.000000
733829.000000
722005.000000
719003.000000
728601.000000
725234.000000
721764.000000
726843.000000
710825.000000
728891.000000
734314.000000
746199.000000
727694.000000
724424.000000
716636.000000
721104.000000
719629.000000
729482.000000
712987.000000
712133.000000
716553.000000
746392.000000
744848.000000
739608.000000
723085.000000
726276.000000
727082.000000
749984.000000
728953.000000
733174.000000
719230.000000
720668.000000
720964.000000
733144.000000
721339.000000
723251.000000
715468.000000
724851.000000
719549.000000
720159.000000
728826.000000
738743.000000
717418.000000
728136.000000
726668.000000
716767.000000
731130.000000
716977.000000
716567.000000
737649.000000
726070.000000
739876.000000
728960.000000
723942.000000
737032.000000
728614.000000
719638.000000
723740.000000
734509.000000
723792.000000
743027.000000
724524.000000
732083.000000
726329.000000
738794.000000
718646.000000
724479.000000
723801.000000
737694.000000
723429.000000
737625.000000
737804.000000
759064.000000
747172.000000
761747.000000
764590.000000
721252.000000
734694.000000
715653.000000
753084.000000
732608.000000
763479.000000
731792.000000
737835.000000
725671.000000
730836.000000
735596.000000
727026.000000
731251.000000
738175.000000
723275.000000
722757.000000
736352.000000
717763.000000
724015.000000
713028.000000
722694.000000
722623.000000
719257.000000
738261.000000
727434.000000
717692.000000
720522.000000
738854.000000
720404.000000
743348.000000
720612.000000
715486.000000
722713.000000
713679.000000
716024.000000
719319.000000
731435.000000
743581.000000
731080.000000
765459.000000
727281.000000
717253.000000
725566.000000
721518.000000
727560.000000
706014.000000
721323.000000
728763.000000
715578.000000
719601.000000
716743.000000
719467.000000
725440.000000
716558.000000
749520.000000
721766.000000
725696.000000
737805.000000
722971.000000
719851.000000
723838.000000
728555.000000
719935.000000
736966.000000
751638.000000
756577.000000
725323.000000
733233.000000
727733.000000
737663.000000
721836.000000
733790.000000
727626.000000
717785.000000
726060.000000
743167.000000
725635.000000
710633.000000
728980.000000
718558.000000
721353.000000
725501.000000
744533.000000
740851.000000
727452.000000
713518.000000
720043.000000
719774.000000
728925.000000
725033.000000
757493.000000
722402.000000
725619.000000
719889.000000
724668.000000
741615.000000
718355.000000
730036.000000
715834.000000
721914.000000
738706.000000
710675.000000
730664.000000
713016.000000
713355.000000
732686.000000
722261.000000
727043.000000
714844.000000
727142.000000
731027.000000
746820.000000
733392.000000
716177.000000
728641.000000
737539.000000
720689.000000
718431.000000
740586.000000
725260.000000
721122.000000
774903.000000
741352.000000
723455.000000
731143.000000
724923.000000
721812.000000
711601.000000
735888.000000
722855.000000
739354.000000
742045.000000
733571.000000
726078.000000
712670.000000
741955.000000
737420.000000
729592.000000
724094.000000
732800.000000
731790.000000
715251.000000
751026.000000
724317.000000
720772.000000
729501.000000
718444.000000
726481.000000
721740.000000
727496.000000
764092.000000
713225.000000
739770.000000
731305.000000
735350.000000
727128.000000
720647.000000
742740.000000
742514.000000
722165.000000
716479.000000
741969.000000
724699.000000
733867.000000
723265.000000
738621.000000
767916.000000
722195.000000
729076.000000
723955.000000
724307.000000
723903.000000
720296.000000
750217.000000
713904.000000
716804.000000
717929.000000
732159.000000
729349.000000
733654.000000
723421.000000
722912.000000
731534.000000
721764.000000
729409.000000
733025.000000
733468.000000
713229.000000
726724.000000
728943.000000
739976.000000
749690.000000
731666.000000
726224.000000
730664.000000
739149.000000
722215.000000
733508.000000
731151.000000
712001.000000
762617.000000
726545.000000
722587.000000
723924.000000
728096.000000
724377.000000
756008.000000
733022.000000
739785.000000
727751.000000
723231.000000
735311.000000
736500.000000
737938.000000
728804.000000
729945.000000
725861.000000
750512.000000
726980.000000
735339.000000
733152.000000
723873.000000
746967.000000
720950.000000
734249.000000
713750.000000
723707.000000
724814.000000
721276.000000
718657.000000
729076.000000
720658.000000
728943.000000
715646.000000
790656.000000
716154.000000
726677.000000
768924.000000
740638.000000
733334.000000
745488.000000
721599.000000
729438.000000
731436.000000
739926.000000
716457.000000
736770.000000
722501.000000
716653.000000
726651.000000
741913.000000
739377.000000
723554.000000
731612.000000
727829.000000
723045.000000
729251.000000
763797.000000
730400.000000
724184.000000
712018.000000
731701.000000
717385.000000
727661.000000
721932.000000
729183.000000
733659.000000
724461.000000
730531.000000
737756.000000
742542.000000
732978.000000
709593.000000
737378.000000
722853.000000
718893.000000
725416.000000
731655.000000
740077.000000
738483.000000
727500.000000
735693.000000
719007.000000
719455.000000
736404.000000
726113.000000
724497.000000
715350.000000
725419.000000
718711.000000
728587.000000
707288.000000
722956.000000
721777.000000
717811.000000
727011.000000
728707.000000
732462.000000
735669.000000
742136.000000
719185.000000
722599.000000
724790.000000
724102.000000
737547.000000
724900.000000
723204.000000
717464.000000
706996.000000
719503.000000
718088.000000
715994.000000
735797.000000
725709.000000
731701.000000
719970.000000
732134.000000
714975.000000
720216.000000
727327.000000
721883.000000
719813.000000
723168.000000
715930.000000
722210.000000
728813.000000
737743.000000
740535.000000
721504.000000
732000.000000
726237.000000
736123.000000
716844.000000
732435.000000
716876.000000
728407.000000
727020.000000
745502.000000
730350.000000
712205.000000
720535.000000
761194.000000
731523.000000
735572.000000
728235.000000
728980.000000
724941.000000
770993.000000
737922.000000
729620.000000
721054.000000
731476.000000
729248.000000
722132.000000
756783.000000
748814.000000
724323.000000
729778.000000
723912.000000
725871.000000
735925.000000
716803.000000
757218.000000
726932.000000
747737.000000
744941.000000
727326.000000
731326.000000
713827.000000
719965.000000
707789.000000
724508.000000
722891.000000
724954.000000
731341.000000
724169.000000
738345.000000
729159.000000
727748.000000
724683.000000
724581.000000
738753.000000
740795.000000
761662.000000
727638.000000
750170.000000
720060.000000
723641.000000
724958.000000
720007.000000
717773.000000
720257.000000
725940.000000
720488.000000
721201.000000
730310.000000
712407.000000
713477.000000
715242.000000
720536.000000
715235.000000
736931.000000
730542.000000
724246.000000
728261.000000
729802.000000
706072.000000
745418.000000
752821.000000
710911.000000
727179.000000
719866.000000
737587.000000
725956.000000
735912.000000
726069.000000
709748.000000
744555.000000
731298.000000
727293.000000
723076.000000
742508.000000
722290.000000
725903.000000
725241.000000
731082.000000
730390.000000
724992.000000
739569.000000
715866.000000
712558.000000
726046.000000
737559.000000
721309.000000
718768.000000
755028.000000
721675.000000
729484.000000
729041.000000
738790.000000
731163.000000
722026.000000
729730.000000
729170.000000
724710.000000
723849.000000
705380.000000
749534.000000
720139.000000
718933.000000
717923.000000
718911.000000
718461.000000
712505.000000
741622.000000
727749.000000
726937.000000
726026.000000
728827.000000
730904.000000
727940.000000
755659.000000
755557.000000
724003.000000
736122.000000
722503.000000
729673.000000
743123.000000
719767.000000
730390.000000
718071.000000
710236.000000
725586.000000
718855.000000
719791.000000
725358.000000
734665.000000
732150.000000
727056.000000
746931.000000
730433.000000
719066.000000
715655.000000
718013.000000
721087.000000
720307.000000
728319.000000
731577.000000
717040.000000
734810.000000
720637.000000
708288.000000
730213.000000
712654.000000
759576.000000
731254.000000
744115.000000
731907.000000
718968.000000
729349.000000
717376.000000
738789.000000
738186.000000
728287.000000
731411.000000
720824.000000
713491.000000
756671.000000
727589.000000
720146.000000
721976.000000
722262.000000
729987.000000
709098.000000
771352.000000
747026.000000
738041.000000
726997.000000
751869.000000
721256.000000
728328.000000
763488.000000
724178.000000
726997.000000
722915.000000
734361.000000
722254.000000
725314.000000
719936.000000
730315.000000
775886.000000
733128.000000
733922.000000
750845.000000
725488.000000
728750.000000
762579.000000
726274.000000
725014.000000
730225.000000
722591.000000
718309.000000
715467.000000
731978.000000
718137.000000
728621.000000
722839.000000
735699.000000
724471.000000
721554.000000
761695.000000
724100.000000
713866.000000
728986.000000
726766.000000
725914.000000
733569.000000
724028.000000
752325.000000
718818.000000
727181.000000
728592.000000
726004.000000
740713.000000
748132.000000
732329.000000
726208.000000
726928.000000
732513.000000
727180.000000
727891.000000
712304.000000
721852.000000
725677.000000
720577.000000
740275.000000
747599.000000
717979.000000
722462.000000
720772.000000
712688.000000
723809.000000
729167.000000
717033.000000
727333.000000
773703.000000
728687.000000
715022.000000
729621.000000
758994.000000
715989.000000
716248.000000
726775.000000
712648.000000
728686.000000
715190.000000
753067.000000
724620.000000
731851.000000
727271.000000
708572.000000
714315.000000
730644.000000
712636.000000
720233.000000
718126.000000
705512.000000
722167.000000
714973.000000
710935.000000
718708.000000
723921.000000
712863.000000
715952.000000
721216.000000
723259.000000
732217.000000
707554.000000
722730.000000
731751.000000
749367.000000
718489.000000
713931.000000
711640.000000
723094.000000
725516.000000
730561.000000
764655.000000
744446.000000
722382.000000
735288.000000
720119.000000
715600.000000
731345.000000
723427.000000
751262.000000
741550.000000
740704.000000
726735.000000
737594.000000
720632.000000
724151.000000
729382.000000
721183.000000
721111.000000
741192.000000
735535.000000
747847.000000
727641.000000
720058.000000
734640.000000
733624.000000
737505.000000
713263.000000
716636.000000
724904.000000
720523.000000
737307.000000
717197.000000
714469.000000
712262.000000
720703.000000
718194.000000
727429.000000
726448.000000
723825.000000
715545.000000
713818.000000
712321.000000
717642.000000
709806.000000
739018.000000
768473.000000
725005.000000
759654.000000
726127.000000
710590.000000
717334.000000
730495.000000
713029.000000
725391.000000
719798.000000
701170.000000
723311.000000
724362.000000
729045.000000
724720.000000
730911.000000
730479.000000
722255.000000
735013.000000
732107.000000
729938.000000
734360.000000
729717.000000
720811.000000
747998.000000
715379.000000
712816.000000
741037.000000
726275.000000
721716.000000
716035.000000
730784.000000
723825.000000
717456.000000
727184.000000
749011.000000
723699.000000
719891.000000
724284.000000
732561.000000
729892.000000
720206.000000
713401.000000
727280.000000
716405.000000
745759.000000
718905.000000
748413.000000
786721.000000
756517.000000
727602.000000
714489.000000
716737.000000
731097.000000
747431.000000
720616.000000
717345.000000
714619.000000
732474.000000
734264.000000
736017.000000
720565.000000
723872.000000
726218.000000
741471.000000
716059.000000
730136.000000
718333.000000
730652.000000
720573.000000
728554.000000
719320.000000
733630.000000
727994.000000
716848.000000
747756.000000
723721.000000
754456.000000
724086.000000
727230.000000
721650.000000
744739.000000
729326.000000
728957.000000
737224.000000
713850.000000
721887.000000
726421.000000
713054.000000
718641.000000
717606.000000
713740.000000
732884.000000
718382.000000
728959.000000
724538.000000
748150.000000
732324.000000
723910.000000
716078.000000
720085.000000
720646.000000
715240.000000
726493.000000
742291.000000
729163.000000
715644.000000
725924.000000
716613.000000
714777.000000
750206.000000
723801.000000
723357.000000
729197.000000
718106.000000
720505.000000
720339.000000
712927.000000
744944.000000
724855.000000
719918.000000
731452.000000
732062.000000
714843.000000
733924.000000
714434.000000
706425.000000
729979.000000
713546.000000
731155.000000
757385.000000
728872.000000
722671.000000
720485.000000
732626.000000
717732.000000
730283.000000
720761.000000
780194.000000
719412.000000
741563.000000
737107.000000
731125.000000
737772.000000
722660.000000
726839.000000
722445.000000
731986.000000
726202.000000
743728.000000
714931.000000
727905.000000
708568.000000
737010.000000
740395.000000
714897.000000
759960.000000
717246.000000
727669.000000
725916.000000
714524.000000
736566.000000
735111.000000
744838.000000
716868.000000
767680.000000
726644.000000
738667.000000
736176.000000
749598.000000
730559.000000
735074.000000
743673.000000
723322.000000
731161.000000
737398.000000
742118.000000
744631.000000
740508.000000
734851.000000
737729.000000
732760.000000
728165.000000
735249.000000
723362.000000
733147.000000
766756.000000
752216.000000
748147.000000
721721.000000
739797.000000
733585.000000
731483.000000
737804.000000
721702.000000
734989.000000
732814.000000
744133.000000
765628.000000
722887.000000
771807.000000
748236.000000
717453.000000
720245.000000
737089.000000
728536.000000
729649.000000
781443.000000
733891.000000
718165.000000
722268.000000
718298.000000
713528.000000
716181.000000
715290.000000
709719.000000
719710.000000
725814.000000
721191.000000
731547.000000
713474.000000
780334.000000
717795.000000
751594.000000
744704.000000
723812.000000
710097.000000
723281.000000
722456.000000
717844.000000
718173.000000
714064.000000
734146.000000
727386.000000
736354.000000
720424.000000
772281.000000
733419.000000
735454.000000
746168.000000
715185.000000
721993.000000
725428.000000
744273.000000
742956.000000
728391.000000
731280.000000
726995.000000
750606.000000
726454.000000
727893.000000
751238.000000
745345.000000
719479.000000
741383.000000
731498.000000
725454.000000
730258.000000
740166.000000
751301.000000
720290.000000
733682.000000
739872.000000
800325.000000
714787.000000
726352.000000
742864.000000
733959.000000
740909.000000
719942.000000
737637.000000
729266.000000
730854.000000
761372.000000
746955.000000
732219.000000
722337.000000
724820.000000
720418.000000
734265.000000
745517.000000
734482.000000
732939.000000
722470.000000
738263.000000
732663.000000
742395.000000
735107.000000
767599.000000
738866.000000
732529.000000
724951.000000
728077.000000
731926.000000
723066.000000
730381.000000
724426.000000
722018.000000
734747.000000
731542.000000
769134.000000
746638.000000
733862.000000
728176.000000
738002.000000
738255.000000
733630.000000
732406.000000
737871.000000
733876.000000
726058.000000
730003.000000
744488.000000
733392.000000
725910.000000
722401.000000
736660.000000
748105.000000
731954.000000
737057.000000
751837.000000
731108.000000
724463.000000
717805.000000
730975.000000
718300.000000
726302.000000
743516.000000
720418.000000
724285.000000
718407.000000
755772.000000
721793.000000
720608.000000
723369.000000
718180.000000
721181.000000
727433.000000
741865.000000
719309.000000
753365.000000
735963.000000
720923.000000
720671.000000
730700.000000
713445.000000
736533.000000
726485.000000
721210.000000
725530.000000
724481.000000
739324.000000
711432.000000
743268.000000
729916.000000
743949.000000
721439.000000
714865.000000
726400.000000
722333.000000
715289.000000
744057.000000
720730.000000
717742.000000
716171.000000
723984.000000
710319.000000
713001.000000
717298.000000
718743.000000
723778.000000
726941.000000
730761.000000
722101.000000
715203.000000
729380.000000
726843.000000
714339.000000
724772.000000
736491.000000
721013.000000
724293.000000
753522.000000
720267.000000
732239.000000
725562.000000
720134.000000
745644.000000
726856.000000
751510.000000
729583.000000
735390.000000
725581.000000
733797.000000
718537.000000
749290.000000
727147.000000
755453.000000
719635.000000
735894.000000
722206.000000
724306.000000
733294.000000
777018.000000
716644.000000
716711.000000
728056.000000
713346.000000
718642.000000
732347.000000
721772.000000
735028.000000
745987.000000
744397.000000
722687.000000
720799.000000
719162.000000
713482.000000
712301.000000
725441.000000
742675.000000
716181.000000
725415.000000
714637.000000
760258.000000
709969.000000
727738.000000
717924.000000
726835.000000
733688.000000
720826.000000
725018.000000
723858.000000
720720.000000
715904.000000
735012.000000
734151.000000
714025.000000
714419.000000
713543.000000
707201.000000
743776.000000
713963.000000
730472.000000
719911.000000
717016.000000
727404.000000
724246.000000
721011.000000
722108.000000
728341.000000
712681.000000
714903.000000
711449.000000
719982.000000
747234.000000
725277.000000
719180.000000
712269.000000
715406.000000
710779.000000
766593.000000
705557.000000
740470.000000
714353.000000
711354.000000
728977.000000
743833.000000
733637.000000
724228.000000
731239.000000
728144.000000
711653.000000
727707.000000
754960.000000
726673.000000
760100.000000
716476.000000
716751.000000
722953.000000
738651.000000
725831.000000
724833.000000
720508.000000
724861.000000
723748.000000
722832.000000
721211.000000
713439.000000
719681.000000
722207.000000
718888.000000
722189.000000
727665.000000
716230.000000
722469.000000
743664.000000
720113.000000
720635.000000
715413.000000
718932.000000
717152.000000
748857.000000
719541.000000
751125.000000
715111.000000
732242.000000
719052.000000
724276.000000
724209.000000
727542.000000
729754.000000
719338.000000
707940.000000
731663.000000
731541.000000
724790.000000
725896.000000
736918.000000
741945.000000
734898.000000
726762.000000
733873.000000
734869.000000
730418.000000
716895.000000
723357.000000
707891.000000
728428.000000
728318.000000
711093.000000
720476.000000
752780.000000
732887.000000
716642.000000
724373.000000
730931.000000
729710.000000
725601.000000
729659.000000
721708.000000
719046.000000
730391.000000
716763.000000
734100.000000
719065.000000
713179.000000
706349.000000
711548.000000
720870.000000
727302.000000
717018.000000
741096.000000
739581.000000
718877.000000
726474.000000
715900.000000
711503.000000
704808.000000
704361.000000
755174.000000
742457.000000
706654.000000
728553.000000
728393.000000
719850.000000
723585.000000
716468.000000
731498.000000
718152.000000
720986.000000
717369.000000
722518.000000
716539.000000
735469.000000
741765.000000
714669.000000
717114.000000
715164.000000
720729.000000
735356.000000
718082.000000
738360.000000
714902.000000
723906.000000
713668.000000
734268.000000
717425.000000
718126.000000
726554.000000
720530.000000
733305.000000
711518.000000
726757.000000
724544.000000
722421.000000
728454.000000
716873.000000
715687.000000
717593.000000
715580.000000
711617.000000
711983.000000
724153.000000
718644.000000
726001.000000
715905.000000
713410.000000
724348.000000
738963.000000
723282.000000
723074.000000
727179.000000
739440.000000
728537.000000
721748.000000
739762.000000
743824.000000
714276.000000
729285.000000
725423.000000
744905.000000
753378.000000
722756.000000
717567.000000
732088.000000
734182.000000
719068.000000
726722.000000
720217.000000
708192.000000
722199.000000
743400.000000
723695.000000
722582.000000
741652.000000
723520.000000
722212.000000
715552.000000
724307.000000
729996.000000
718490.000000
721092.000000
747218.000000
726777.000000
733357.000000
723134.000000
739404.000000
741192.000000
738253.000000
744277.000000
721857.000000
723305.000000
726686.000000
740404.000000
719277.000000
728753.000000
752056.000000
722699.000000
728557.000000
748237.000000
721941.000000
720489.000000
727150.000000
725647.000000
720915.000000
748662.000000
746078.000000
721373.000000
722757.000000
719014.000000
731271.000000
737387.000000
720756.000000
716222.000000
729390.000000
709579.000000
718072.000000
724111.000000
720664.000000
715645.000000
714322.000000
718635.000000
714635.000000
715954.000000
714347.000000
724212.000000
723035.000000
715572.000000
742794.000000
726136.000000
711768.000000
739967.000000
718513.000000
719063.000000
709671.000000
731352.000000
720653.000000
726284.000000
726648.000000
728550.000000
724329.000000
723081.000000
729163.000000
735242.000000
742850.000000
722924.000000
713118.000000
725044.000000
719178.000000
716221.000000
710151.000000
757426.000000
722966.000000
723747.000000
732421.000000
724887.000000
718259.000000
708055.000000
729119.000000
729011.000000
728084.000000
721942.000000
720584.000000
712767.000000
723245.000000
722673.000000
720953.000000
715882.000000
721005.000000
717988.000000
722010.000000
726202.000000
746960.000000
728527.000000
738878.000000
738207.000000
743041.000000
754575.000000
762387.000000
744634.000000
731016.000000
732254.000000
744609.000000
754343.000000
724744.000000
729550.000000
721055.000000
716746.000000
722528.000000
730292.000000
726097.000000
718600.000000
725120.000000
722627.000000
734474.000000
732123.000000
746692.000000
712687.000000
724323.000000
709926.000000
753742.000000
713524.000000
732080.000000
722122.000000
712520.000000
731016.000000
724069.000000
722749.000000
705341.000000
704457.000000
718787.000000
700465.000000
715226.000000
716294.000000
746058.000000
732830.000000
730902.000000
729156.000000
729195.000000
728254.000000
727274.000000
742430.000000
732917.000000
723053.000000
723817.000000
719914.000000
713226.000000
726857.000000
745181.000000
723841.000000
729672.000000
722485.000000
711907.000000
713814.000000
725292.000000
705251.000000
741710.000000
712357.000000
728583.000000
727077.000000
724602.000000
722526.000000
744022.000000
732932.000000
733219.000000
724018.000000
737551.000000
741609.000000
746819.000000
738986.000000
747688.000000
730339.000000
728848.000000
726335.000000
718511.000000
746542.000000
728178.000000
750994.000000
735086.000000
742728.000000
726446.000000
727510.000000
735235.000000
728544.000000
733705.000000
725206.000000
729993.000000
723723.000000
723637.000000
725881.000000
704531.000000
713667.000000
717389.000000
718022.000000
721512.000000
707092.000000
717239.000000
718725.000000
729827.000000
717156.000000
713929.000000
710648.000000
715619.000000
702100.000000
712848.000000
729460.000000
705440.000000
722916.000000
712611.000000
715492.000000
709646.000000
714573.000000
714559.000000
699456.000000
723253.000000
723167.000000
720702.000000
725782.000000
722522.000000
732626.000000
735945.000000
721090.000000
722058.000000
729242.000000
727778.000000
723057.000000
720050.000000
733140.000000
733920.000000
746834.000000
739591.000000
730206.000000
725225.000000
726891.000000
740991.000000
737331.000000
738486.000000
720870.000000
726370.000000
728756.000000
718031.000000
722570.000000
715462.000000
731277.000000
728185.000000
730463.000000
726282.000000
732017.000000
727734.000000
723853.000000
728566.000000
749916.000000
718329.000000
726780.000000
721575.000000
727141.000000
733909.000000
724992.000000
727235.000000
732442.000000
729311.000000
727335.000000
727762.000000
730129.000000
730260.000000
750563.000000
732734.000000
728827.000000
732402.000000
723948.000000
755736.000000
730992.000000
732198.000000
727708.000000
729447.000000
725903.000000
733703.000000
721916.000000
734155.000000
739441.000000
731956.000000
728193.000000
741258.000000
729310.000000
725464.000000
727152.000000
728956.000000
732293.000000
727630.000000
723200.000000
735498.000000
722324.000000
720893.000000
716512.000000
733651.000000
724129.000000
738552.000000
727943.000000
722641.000000
733246.000000
724716.000000
723969.000000
723082.000000
722110.000000
710611.000000
701477.000000
704772.000000
705540.000000
708403.000000
720478.000000
721403.000000
725680.000000
723476.000000
719730.000000
738141.000000
730862.000000
711026.000000
713740.000000
722646.000000
710181.000000
721521.000000
726064.000000
730268.000000
707705.000000
727037.000000
725611.000000
731558.000000
724234.000000
731025.000000
735736.000000
725021.000000
724864.000000
731377.000000
728032.000000
731313.000000
724646.000000
733378.000000
724792.000000
726437.000000
731067.000000
719219.000000
735665.000000
739054.000000
727894.000000
757243.000000
730450.000000
730373.000000
735936.000000
749445.000000
717718.000000
715150.000000
733059.000000
727718.000000
711588.000000
713964.000000
735507.000000
711576.000000
726398.000000
721707.000000
726327.000000
746968.000000
735412.000000
737285.000000
726368.000000
731552.000000
755340.000000
736325.000000
732366.000000
718537.000000
738434.000000
736210.000000
729139.000000
717718.000000
730233.000000
754489.000000
721568.000000
730981.000000
733393.000000
719402.000000
723866.000000
731834.000000
726925.000000
735255.000000
725215.000000
727493.000000
730224.000000
724839.000000
730465.000000
721978.000000
720819.000000
716637.000000
718982.000000
714865.000000
714585.000000
705893.000000
726515.000000
707238.000000
703728.000000
701525.000000
705496.000000
709096.000000
708901.000000
707474.000000
709667.000000
703109.000000
708991.000000
703305.000000
713506.000000
711352.000000
721634.000000
713148.000000
728314.000000
753328.000000
735103.000000
721584.000000
715171.000000
733913.000000
731591.000000
722917.000000
728445.000000
732998.000000
722772.000000
737002.000000
724971.000000
727632.000000
720439.000000
728663.000000
725628.000000
731484.000000
750928.000000
719093.000000
728027.000000
744843.000000
739297.000000
731857.000000
752869.000000
725272.000000
731883.000000
727705.000000
727280.000000
735398.000000
748014.000000
717785.000000
719981.000000
717740.000000
726133.000000
734997.000000
729294.000000
730468.000000
730227.000000
720273.000000
725836.000000
738447.000000
730645.000000
721665.000000
727232.000000
719012.000000
730336.000000
748874.000000
734325.000000
719352.000000
735729.000000
736365.000000
744246.000000
751492.000000
731824.000000
724410.000000
732732.000000
717176.000000
723380.000000
727125.000000
727503.000000
721719.000000
719735.000000
756575.000000
728700.000000
727928.000000
724074.000000
715792.000000
732496.000000
745943.000000
733786.000000
732031.000000
717779.000000
732878.000000
743024.000000
733540.000000
726418.000000
733098.000000
724803.000000
714818.000000
719779.000000
727693.000000
715884.000000
733833.000000
717351.000000
719028.000000
703403.000000
723942.000000
732264.000000
741136.000000
727054.000000
735387.000000
727635.000000
726290.000000
708849.000000
734450.000000
718861.000000
720637.000000
711752.000000
714871.000000
711918.000000
726493.000000
721112.000000
727863.000000
732055.000000
723449.000000
728070.000000
728150.000000
724929.000000
744435.000000
723894.000000
730118.000000
728901.000000
731767.000000
732433.000000
728316.000000
727997.000000
733051.000000
729151.000000
735944.000000
754451.000000
732320.000000
731021.000000
732222.000000
744057.000000
731628.000000
733226.000000
730574.000000
729367.000000
758256.000000
735695.000000
723650.000000
719784.000000
726480.000000
731587.000000
720640.000000
724138.000000
738145.000000
724962.000000
732625.000000
724798.000000
725388.000000
723171.000000
756218.000000
730207.000000
718991.000000
733537.000000
739753.000000
711178.000000
728703.000000
727485.000000
743792.000000
727268.000000
728865.000000
729439.000000
717757.000000
728691.000000
723901.000000
722251.000000
737366.000000
753836.000000
733636.000000
725682.000000
727398.000000
719857.000000
718712.000000
723002.000000
739072.000000
733903.000000
709969.000000
712090.000000
706389.000000
730120.000000
725541.000000
722515.000000
721616.000000
721396.000000
728054.000000
716173.000000
702311.000000
700468.000000
706697.000000
715381.000000
736261.000000
717921.000000
733683.000000
734411.000000
724832.000000
727386.000000
709638.000000
714541.000000
711502.000000
709639.000000
721504.000000
728093.000000
741341.000000
705810.000000
716647.000000
724993.000000
719754.000000
734671.000000
745547.000000
704252.000000
710536.000000
706050.000000
708984.000000
712404.000000
714275.000000
710265.000000
717983.000000
709947.000000
717947.000000
705214.000000
718656.000000
715635.000000
719171.000000
720580.000000
728324.000000
712438.000000
712920.000000
728842.000000
739158.000000
730211.000000
736351.000000
738983.000000
752199.000000
728870.000000
719837.000000
725323.000000
728889.000000
750790.000000
729987.000000
718591.000000
726237.000000
721233.000000
746839.000000
727638.000000
720585.000000
725835.000000
721911.000000
729595.000000
731276.000000
727571.000000
718450.000000
734225.000000
748758.000000
732396.000000
733532.000000
722799.000000
724333.000000
723888.000000
732676.000000
739157.000000
727808.000000
731293.000000
724735.000000
721532.000000
740710.000000
729229.000000
728825.000000
729930.000000
746375.000000
740380.000000
729448.000000
721047.000000
732310.000000
725188.000000
757397.000000
730225.000000
730889.000000
715901.000000
720225.000000
723172.000000
728601.000000
721477.000000
725943.000000
728137.000000
722467.000000
732369.000000
720396.000000
725577.000000
734552.000000
745601.000000
731769.000000
718014.000000
729408.000000
730915.000000
727860.000000
729667.000000
722800.000000
726177.000000
721833.000000
720619.000000
733151.000000
742775.000000
732698.000000
724261.000000
729684.000000
721996.000000
724487.000000
719785.000000
739892.000000
721853.000000
726504.000000
733010.000000
713066.000000
742791.000000
730756.000000
721628.000000
729430.000000
719524.000000
724114.000000
727514.000000
721979.000000
713888.000000
728509.000000
725917.000000
718013.000000
732148.000000
719259.000000
727305.000000
715899.000000
734351.000000
719182.000000
720502.000000
745230.000000
720212.000000
717373.000000
713882.000000
729592.000000
712926.000000
724897.000000
716580.000000
721722.000000
719748.000000
728760.000000
729033.000000
727453.000000
716236.000000
719464.000000
732885.000000
730084.000000
747055.000000
731408.000000
721039.000000
732040.000000
732900.000000
724496.000000
739355.000000
725799.000000
727896.000000
730669.000000
719579.000000
730307.000000
736553.000000
726078.000000
730028.000000
731650.000000
714958.000000
713240.000000
718961.000000
732344.000000
743380.000000
716256.000000
719812.000000
723893.000000
726315.000000
732824.000000
727350.000000
722280.000000
711550.000000
709271.000000
716605.000000
742606.000000
713777.000000
725949.000000
727394.000000
725087.000000
734328.000000
731458.000000
727734.000000
734716.000000
727557.000000
719960.000000
731920.000000
719492.000000
738015.000000
737655.000000
723165.000000
726659.000000
739241.000000
731613.000000
728205.000000
728059.000000
742650.000000
730434.000000
734100.000000
720749.000000
727532.000000
731567.000000
739408.000000
739325.000000
731490.000000
748555.000000
734793.000000
720860.000000
717228.000000
748531.000000
753947.000000
737206.000000
730589.000000
721833.000000
755643.000000
719444.000000
750838.000000
723878.000000
739690.000000
725510.000000
734632.000000
722121.000000
745037.000000
711305.000000
722592.000000
730238.000000
726305.000000
735298.000000
732826.000000
729297.000000
729477.000000
730046.000000
718924.000000
729073.000000
720417.000000
728210.000000
739410.000000
723897.000000
730619.000000
730025.000000
720711.000000
724596.000000
728589.000000
734683.000000
724874.000000
731433.000000
727861.000000
740003.000000
749795.000000
743990.000000
726585.000000
727243.000000
723069.000000
721501.000000
727943.000000
724118.000000
755522.000000
723103.000000
723597.000000
726327.000000
730788.000000
721967.000000
717621.000000
727544.000000
727321.000000
729848.000000
738506.000000
743783.000000
723632.000000
718893.000000
721471.000000
719801.000000
728578.000000
721407.000000
734637.000000
723103.000000
719609.000000
716549.000000
719175.000000
733115.000000
730315.000000
718179.000000
733533.000000
743428.000000
738493.000000
737739.000000
730306.000000
752618.000000
723243.000000
726508.000000
744471.000000
729850.000000
742167.000000
748749.000000
738896.000000
747275.000000
753580.000000
755358.000000
742446.000000
737083.000000
738502.000000
743079.000000
743043.000000
744278.000000
746590.000000
742246.000000
731890.000000
742989.000000
740990.000000
730983.000000
749776.000000
754351.000000
746222.000000
742463.000000
739997.000000
728662.000000
720466.000000
700461.000000
711965.000000
716576.000000
725797.000000
713322.000000
719030.000000
716022.000000
731243.000000
729263.000000
699450.000000
714079.000000
711887.000000
714737.000000
723190.000000
719923.000000
736435.000000
725704.000000
720252.000000
718559.000000
735383.000000
740480.000000
722414.000000
716179.000000
714592.000000
716132.000000
721320.000000
725544.000000
730639.000000
725682.000000
728070.000000
729403.000000
744635.000000
732383.000000
724342.000000
736690.000000
732362.000000
727413.000000
738451.000000
732370.000000
732830.000000
750430.000000
739326.000000
734709.000000
762635.000000
750066.000000
743634.000000
735703.000000
736673.000000
735060.000000
741615.000000
757047.000000
744727.000000
735527.000000
725063.000000
729520.000000
736228.000000
729340.000000
743803.000000
739695.000000
743119.000000
732074.000000
755387.000000
733181.000000
726984.000000
722007.000000
733345.000000
744222.000000
737039.000000
726390.000000
737934.000000
737002.000000
736308.000000
735806.000000
735608.000000
749335.000000
754540.000000
728771.000000
743161.000000
735674.000000
729659.000000
720647.000000
722591.000000
745588.000000
763493.000000
742453.000000
741190.000000
740203.000000
743475.000000
731124.000000
738554.000000
729404.000000
735661.000000
736583.000000
725515.000000
722586.000000
727099.000000
714858.000000
714660.000000
733042.000000
763013.000000
735523.000000
722069.000000
731233.000000
728585.000000
735181.000000
719874.000000
715959.000000
719829.000000
715651.000000
725439.000000
731182.000000
730035.000000
712479.000000
717444.000000
740064.000000
736366.000000
717823.000000
741829.000000
714825.000000
715559.000000
737497.000000
728625.000000
719990.000000
717119.000000
718285.000000
726376.000000
720675.000000
709344.000000
716135.000000
716220.000000
716608.000000
726858.000000
721561.000000
723531.000000
715246.000000
714303.000000
712525.000000
720867.000000
754047.000000
726267.000000
702371.000000
717689.000000
735527.000000
723873.000000
735087.000000
732907.000000
755465.000000
739694.000000
736916.000000
739731.000000
731775.000000
738500.000000
727407.000000
735408.000000
752862.000000
743794.000000
733409.000000
743396.000000
759239.000000
740532.000000
735567.000000
739344.000000
737690.000000
729199.000000
732680.000000
736355.000000
750827.000000
740466.000000
724727.000000
746642.000000
754365.000000
728979.000000
744949.000000
732177.000000
743473.000000
724602.000000
730297.000000
727686.000000
738673.000000
731211.000000
725836.000000
723048.000000
750203.000000
750417.000000
735041.000000
732093.000000
727750.000000
740301.000000
735769.000000
732157.000000
733685.000000
754179.000000
744024.000000
726153.000000
741181.000000
731456.000000
729886.000000
720855.000000
730124.000000
718242.000000
734724.000000
735920.000000
729091.000000
740192.000000
748851.000000
740990.000000
735528.000000
720721.000000
729025.000000
717859.000000
723143.000000
712446.000000
724839.000000
720686.000000
704904.000000
719248.000000
722746.000000
731183.000000
725956.000000
733340.000000
736474.000000
734628.000000
732582.000000
754969.000000
723407.000000
732645.000000
740315.000000
742599.000000
744251.000000
730610.000000
733494.000000
717988.000000
741979.000000
722652.000000
723633.000000
740563.000000
744159.000000
724928.000000
725993.000000
733630.000000
730664.000000
747987.000000
736550.000000
732463.000000
739644.000000
734117.000000
740813.000000
729070.000000
737590.000000
735556.000000
737655.000000
747612.000000
729279.000000
733238.000000
750740.000000
748169.000000
734277.000000
729961.000000
753579.000000
724773.000000
727401.000000
738997.000000
739323.000000
746298.000000
724922.000000
727727.000000
740821.000000
737000.000000
751383.000000
744232.000000
749612.000000
727041.000000
735120.000000
736691.000000
738821.000000
736646.000000
725754.000000
759596.000000
734371.000000
738508.000000
729320.000000
739196.000000
742344.000000
727943.000000
742269.000000
743576.000000
734952.000000
741266.000000
731269.000000
731136.000000
724948.000000
739911.000000
730903.000000
749616.000000
724953.000000
743295.000000
734107.000000
725838.000000
734591.000000
733521.000000
758633.000000
736487.000000
732103.000000
721278.000000
758007.000000
728301.000000
737882.000000
738568.000000
735943.000000
737819.000000
728300.000000
733789.000000
732457.000000
740265.000000
735076.000000
733432.000000
730350.000000
727110.000000
723930.000000
724698.000000
741459.000000
727438.000000
729441.000000
727452.000000
717274.000000
717424.000000
713233.000000
725671.000000
746519.000000
727709.000000
738966.000000
730244.000000
733938.000000
761389.000000
749566.000000
724362.000000
738730.000000
734162.000000
733280.000000
736495.000000
733328.000000
727617.000000
734193.000000
736346.000000
725255.000000
729044.000000
739750.000000
748335.000000
739202.000000
740661.000000
735167.000000
727937.000000
728794.000000
737963.000000
729232.000000
732572.000000
738416.000000
744572.000000
741515.000000
733993.000000
741473.000000
732373.000000
745191.000000
744043.000000
754088.000000
743098.000000
738240.000000
728095.000000
739862.000000
737469.000000
742052.000000
738010.000000
726011.000000
723476.000000
735803.000000
732904.000000
743836.000000
738401.000000
753276.000000
753899.000000
732108.000000
736608.000000
736571.000000
730526.000000
723356.000000
751309.000000
745914.000000
744532.000000
737358.000000
732718.000000
727790.000000
737760.000000
728789.000000
746551.000000
736713.000000
725232.000000
741189.000000
734846.000000
726049.000000
741020.000000
731304.000000
737667.000000
728764.000000
730654.000000
752963.000000
734618.000000
727579.000000
728909.000000
727354.000000
735398.000000
719463.000000
732065.000000
740378.000000
734770.000000
738036.000000
741705.000000
719703.000000
742183.000000
760438.000000
736942.000000
760855.000000
733202.000000
764046.000000
753719.000000
756963.000000
725557.000000
736021.000000
737646.000000
734677.000000
740678.000000
738594.000000
726171.000000
724029.000000
727125.000000
718966.000000
714200.000000
712354.000000
720737.000000
714569.000000
706871.000000
739569.000000
721469.000000
716963.000000
720379.000000
712122.000000
721157.000000
721333.000000
720853.000000
749768.000000
729231.000000
732458.000000
750616.000000
735102.000000
726060.000000
728556.000000
742599.000000
727505.000000
726187.000000
718993.000000
737976.000000
752293.000000
730092.000000
735100.000000
735940.000000
741102.000000
719706.000000
741220.000000
730013.000000
740983.000000
761463.000000
726003.000000
723733.000000
727703.000000
741012.000000
724803.000000
718641.000000
728455.000000
732398.000000
735119.000000
733305.000000
735032.000000
730198.000000
742903.000000
734481.000000
722808.000000
727176.000000
725440.000000
723885.000000
730931.000000
727380.000000
740610.000000
728312.000000
723961.000000
731924.000000
742616.000000
736106.000000
731949.000000
735108.000000
726460.000000
757536.000000
727057.000000
726426.000000
733932.000000
746633.000000
726954.000000
728273.000000
725669.000000
731876.000000
729268.000000
749941.000000
744683.000000
745670.000000
750052.000000
746969.000000
743718.000000
743271.000000
732897.000000
752072.000000
736373.000000
742233.000000
740192.000000
739133.000000
748896.000000
735025.000000
737600.000000
744238.000000
748903.000000
746780.000000
730848.000000
728166.000000
720986.000000
707075.000000
727078.000000
716958.000000
720602.000000
713046.000000
725141.000000
712998.000000
737294.000000
730492.000000
733321.000000
731000.000000
735482.000000
745649.000000
707448.000000
713631.000000
708828.000000
717571.000000
743230.000000
713649.000000
721494.000000
721199.000000
721239.000000
727961.000000
739321.000000
711541.000000
727374.000000
714041.000000
710521.000000
720190.000000
727797.000000
734094.000000
744768.000000
738421.000000
717396.000000
732359.000000
710097.000000
737800.000000
731630.000000
725675.000000
747203.000000
739231.000000
741328.000000
757875.000000
742844.000000
743878.000000
734283.000000
724683.000000
728136.000000
725764.000000
739504.000000
727199.000000
740845.000000
746463.000000
738883.000000
735453.000000
718361.000000
737800.000000
739306.000000
746123.000000
727777.000000
740633.000000
737170.000000
735894.000000
735919.000000
734007.000000
730699.000000
742018.000000
730868.000000
736081.000000
751448.000000
744352.000000
744373.000000
733338.000000
742956.000000
752613.000000
747531.000000
739470.000000
739048.000000
743893.000000
735315.000000
753848.000000
730031.000000
733058.000000
738327.000000
736791.000000
731787.000000
738390.000000
741215.000000
753620.000000
727116.000000
739137.000000
728340.000000
739918.000000
745650.000000
724588.000000
741805.000000
735757.000000
734264.000000
730777.000000
736072.000000
740415.000000
755148.000000
726633.000000
744387.000000
740185.000000
740832.000000
731311.000000
751667.000000
739032.000000
745669.000000
733348.000000
706853.000000
713042.000000
731605.000000
719563.000000
731071.000000
762421.000000
715556.000000
710290.000000
719159.000000
725076.000000
722606.000000
711270.000000
727038.000000
717794.000000
727676.000000
720682.000000
725774.000000
735247.000000
712699.000000
745057.000000
740564.000000
728466.000000
721330.000000
741093.000000
719979.000000
733295.000000
738068.000000
721242.000000
720091.000000
754518.000000
733525.000000
752514.000000
734547.000000
741958.000000
727444.000000
734396.000000
738682.000000
743903.000000
734466.000000
730426.000000
730738.000000
737851.000000
753557.000000
727400.000000
721637.000000
731205.000000
747086.000000
737342.000000
743466.000000
724541.000000
755825.000000
748652.000000
738176.000000
747128.000000
731228.000000
720356.000000
742654.000000
726343.000000
762962.000000
724580.000000
750461.000000
762247.000000
723618.000000
746106.000000
743124.000000
738012.000000
733144.000000
744516.000000
730818.000000
739481.000000
741943.000000
733963.000000
732903.000000
723618.000000
733760.000000
742009.000000
728123.000000
747073.000000
734857.000000
733969.000000
740441.000000
740548.000000
740440.000000
759206.000000
729716.000000
757983.000000
723088.000000
750927.000000
731697.000000
733706.000000
750953.000000
719367.000000
727254.000000
743881.000000
730918.000000
721411.000000
732456.000000
725805.000000
727968.000000
713688.000000
727368.000000
723626.000000
737967.000000
739723.000000
732519.000000
725360.000000
749410.000000
714042.000000
710912.000000
713855.000000
732123.000000
734939.000000
719603.000000
716047.000000
730700.000000
763660.000000
740698.000000
712751.000000
731859.000000
714998.000000
742928.000000
713293.000000
718770.000000
718532.000000
723809.000000
735969.000000
721684.000000
713861.000000
741892.000000
741269.000000
721932.000000
724181.000000
716636.000000
741288.000000
729569.000000
709638.000000
727616.000000
712568.000000
738366.000000
727250.000000
749260.000000
713568.000000
729659.000000
711387.000000
748130.000000
741132.000000
737230.000000
742940.000000
753736.000000
742319.000000
720442.000000
728133.000000
746704.000000
727352.000000
727980.000000
731935.000000
753023.000000
731941.000000
741763.000000
742231.000000
736251.000000
741751.000000
744013.000000
736391.000000
748412.000000
723880.000000
734752.000000
734545.000000
730286.000000
735326.000000
739587.000000
730738.000000
734786.000000
729523.000000
737000.000000
744408.000000
735054.000000
735269.000000
734103.000000
740069.000000
739877.000000
751322.000000
737191.000000
732421.000000
761613.000000
740601.000000
736037.000000
750602.000000
735693.000000
740168.000000
734009.000000
735825.000000
733157.000000
729148.000000
735813.000000
739478.000000
730589.000000
735041.000000
731657.000000
730840.000000
731504.000000
732966.000000
727812.000000
745311.000000
738947.000000
743456.000000
742001.000000
737929.000000
730565.000000
746918.000000
728904.000000
737844.000000
728108.000000
736187.000000
721160.000000
729858.000000
726128.000000
734957.000000
727646.000000
760182.000000
755912.000000
727577.000000
740115.000000
742488.000000
747870.000000
741052.000000
737754.000000
736102.000000
755666.000000
741185.000000
740520.000000
722361.000000
734614.000000
752364.000000
743903.000000
731924.000000
733924.000000
738087.000000
741784.000000
740861.000000
741638.000000
741291.000000
743261.000000
745702.000000
736070.000000
727820.000000
743220.000000
745771.000000
734103.000000
761929.000000
742126.000000
730935.000000
735443.000000
742197.000000
743611.000000
734855.000000
737518.000000
746785.000000
740836.000000
745564.000000
738577.000000
756055.000000
752502.000000
740293.000000
731287.000000
738094.000000
741544.000000
743331.000000
740597.000000
733816.000000
738571.000000
745863.000000
735565.000000
745581.000000
740804.000000
730895.000000
741566.000000
