909653.000000
908834.000000
891424.000000
919991.000000
890757.000000
922007.000000
902261.000000
887514.000000
903581.000000
700001.000000
912207.000000
924670.000000
871401.000000
687409.000000
904244.000000
880792.000000
895683.000000
931323.000000
881773.000000
675338.000000
912058.000000
907636.000000
912570.000000
675375.000000
882959.000000
911438.000000
874579.000000
891440.000000
886497.000000
707152.000000
682798.000000
893830.000000
884996.000000
907858.000000
900338.000000
909265.000000
904219.000000
895687.000000
889810.000000
885109.000000
919727.000000
889684.000000
922767.000000
883349.000000
694140.000000
875414.000000
907912.000000
696490.000000
892534.000000
920283.000000
865195.000000
923767.000000
911602.000000
912462.000000
896637.000000
890627.000000
924851.000000
891507.000000
892219.000000
662401.000000
892078.000000
890242.000000
942851.000000
911877.000000
910978.000000
882795.000000
898356.000000
898543.000000
896379.000000
907186.000000
906282.000000
900308.000000
913002.000000
894814.000000
895997.000000
920678.000000
906507.000000
889436.000000
906379.000000
924748.000000
919540.000000
886695.000000
678084.000000
919059.000000
919238.000000
898825.000000
898057.000000
907673.000000
921332.000000
925558.000000
904587.000000
920007.000000
909754.000000
894930.000000
903052.000000
879800.000000
891498.000000
881680.000000
915148.000000
905277.000000
886148.000000
674406.000000
914170.000000
931454.000000
919083.000000
916719.000000
924396.000000
904633.000000
925818.000000
883952.000000
910032.000000
926233.000000
862493.000000
865458.000000
700568.000000
896025.000000
911806.000000
913319.000000
663252.000000
897391.000000
929862.000000
671806.000000
888028.000000
895965.000000
900978.000000
884394.000000
912724.000000
876287.000000
897368.000000
927455.000000
866478.000000
910833.000000
909440.000000
907838.000000
922362.000000
899985.000000
892914.000000
940794.000000
887943.000000
923057.000000
922521.000000
903484.000000
875698.000000
678975.000000
903713.000000
898798.000000
912704.000000
681830.000000
896635.000000
859133.000000
893019.000000
912644.000000
707268.000000
907775.000000
899604.000000
914649.000000
672551.000000
925484.000000
888226.000000
923694.000000
885719.000000
893048.000000
935316.000000
911173.000000
896096.000000
899369.000000
883767.000000
910262.000000
901890.000000
893336.000000
906927.000000
903247.000000
932693.000000
926094.000000
713098.000000
895341.000000
663489.000000
895951.000000
896100.000000
908889.000000
912752.000000
874376.000000
926545.000000
889088.000000
906067.000000
874550.000000
873627.000000
908621.000000
910448.000000
926237.000000
903905.000000
720467.000000
917801.000000
879341.000000
894935.000000
910783.000000
917746.000000
896740.000000
887254.000000
926927.000000
888098.000000
881220.000000
891544.000000
870209.000000
903333.000000
902732.000000
878651.000000
665330.000000
662489.000000
888542.000000
897379.000000
694677.000000
905209.000000
907352.000000
927787.000000
695807.000000
896957.000000
921969.000000
908387.000000
900605.000000
635874.000000
710054.000000
876537.000000
890195.000000
901515.000000
920547.000000
873185.000000
913822.000000
712162.000000
883888.000000
921236.000000
899366.000000
922061.000000
703391.000000
901255.000000
921077.000000
677025.000000
883608.000000
676160.000000
918852.000000
911503.000000
893098.000000
678708.000000
875098.000000
902108.000000
901741.000000
893512.000000
885654.000000
670592.000000
891887.000000
711157.000000
891853.000000
902589.000000
925337.000000
923826.000000
919862.000000
919007.000000
683619.000000
660757.000000
915620.000000
900891.000000
899464.000000
899661.000000
879421.000000
921424.000000
901163.000000
886337.000000
900522.000000
908208.000000
906027.000000
911592.000000
709271.000000
909084.000000
898086.000000
917689.000000
901946.000000
887147.000000
918195.000000
898754.000000
939173.000000
897980.000000
929053.000000
910986.000000
932251.000000
886789.000000
877378.000000
903444.000000
713335.000000
890549.000000
889940.000000
900070.000000
904160.000000
904747.000000
897469.000000
918806.000000
891517.000000
908180.000000
904861.000000
890413.000000
929673.000000
882227.000000
919336.000000
914646.000000
891567.000000
716925.000000
922953.000000
900194.000000
930751.000000
893687.000000
921200.000000
918064.000000
901063.000000
913894.000000
665532.000000
921484.000000
925500.000000
900427.000000
887865.000000
911223.000000
902498.000000
884241.000000
884685.000000
908645.000000
906683.000000
882650.000000
909415.000000
917647.000000
882477.000000
907238.000000
918055.000000
931461.000000
732511.000000
903083.000000
900897.000000
883825.000000
907898.000000
907881.000000
868097.000000
687084.000000
898149.000000
918729.000000
894010.000000
887760.000000
938323.000000
918664.000000
923176.000000
922370.000000
946119.000000
884470.000000
865469.000000
898817.000000
919361.000000
894561.000000
893730.000000
902981.000000
882667.000000
690095.000000
874445.000000
906673.000000
928162.000000
657441.000000
659432.000000
890626.000000
881782.000000
899988.000000
898588.000000
669167.000000
928422.000000
692124.000000
872067.000000
899055.000000
928775.000000
905510.000000
717591.000000
890145.000000
920791.000000
957608.000000
909882.000000
924794.000000
895173.000000
904004.000000
884460.000000
733402.000000
926120.000000
913568.000000
941636.000000
893924.000000
913494.000000
868941.000000
711455.000000
891304.000000
904259.000000
879867.000000
897069.000000
885436.000000
892971.000000
649778.000000
900521.000000
921596.000000
898086.000000
912393.000000
906659.000000
699427.000000
899996.000000
893331.000000
896391.000000
933245.000000
889742.000000
930639.000000
916039.000000
662419.000000
894691.000000
889078.000000
909276.000000
907226.000000
885642.000000
938121.000000
924693.000000
912080.000000
924951.000000
912082.000000
922784.000000
902629.000000
917725.000000
909121.000000
941659.000000
923506.000000
919233.000000
907908.000000
913594.000000
947180.000000
895875.000000
905102.000000
697643.000000
874881.000000
901660.000000
926135.000000
896572.000000
927945.000000
907207.000000
931392.000000
902304.000000
921405.000000
883570.000000
900305.000000
700931.000000
723100.000000
884737.000000
905357.000000
899268.000000
899338.000000
883483.000000
898060.000000
917409.000000
931218.000000
701488.000000
887838.000000
885916.000000
912376.000000
905762.000000
722837.000000
911971.000000
924080.000000
903614.000000
874693.000000
938276.000000
914204.000000
918887.000000
916418.000000
917228.000000
922612.000000
889775.000000
922465.000000
914289.000000
929647.000000
898196.000000
903527.000000
894873.000000
676209.000000
697718.000000
931191.000000
675463.000000
900081.000000
910994.000000
934604.000000
904176.000000
903090.000000
913059.000000
649841.000000
672326.000000
913708.000000
926010.000000
876269.000000
884788.000000
910435.000000
890620.000000
918886.000000
922311.000000
882848.000000
660530.000000
909889.000000
889652.000000
907919.000000
917915.000000
891114.000000
918088.000000
901994.000000
892396.000000
915841.000000
887778.000000
882139.000000
907922.000000
915801.000000
897379.000000
871811.000000
908314.000000
865347.000000
923584.000000
904150.000000
917789.000000
888335.000000
892741.000000
920845.000000
916481.000000
921182.000000
920815.000000
739264.000000
895842.000000
896219.000000
895379.000000
886707.000000
916939.000000
903089.000000
901753.000000
641524.000000
911106.000000
883317.000000
746022.000000
898261.000000
896052.000000
645131.000000
657251.000000
902386.000000
696628.000000
915433.000000
921744.000000
896334.000000
682772.000000
887031.000000
947997.000000
899792.000000
684701.000000
911936.000000
697419.000000
899326.000000
913583.000000
929081.000000
881478.000000
908476.000000
667337.000000
901602.000000
888173.000000
886969.000000
912676.000000
679255.000000
905924.000000
893305.000000
929588.000000
898470.000000
902102.000000
921293.000000
876391.000000
704946.000000
879090.000000
917260.000000
907242.000000
898001.000000
673781.000000
674200.000000
918224.000000
712595.000000
914870.000000
891765.000000
930452.000000
883769.000000
893088.000000
879689.000000
929252.000000
902120.000000
913202.000000
900993.000000
923723.000000
696231.000000
928954.000000
890046.000000
920413.000000
681655.000000
926214.000000
914717.000000
910879.000000
947370.000000
880398.000000
920164.000000
940529.000000
894054.000000
888761.000000
896930.000000
915444.000000
907519.000000
880754.000000
894305.000000
691427.000000
879963.000000
871700.000000
917027.000000
924110.000000
914265.000000
657591.000000
886781.000000
907331.000000
889594.000000
870542.000000
867366.000000
910458.000000
936942.000000
876727.000000
700866.000000
690978.000000
931103.000000
871665.000000
902781.000000
881701.000000
923434.000000
895366.000000
876299.000000
896670.000000
892013.000000
924801.000000
904278.000000
913413.000000
909759.000000
904106.000000
923188.000000
889982.000000
892691.000000
909098.000000
897668.000000
912365.000000
696225.000000
897183.000000
902548.000000
877889.000000
889431.000000
902622.000000
906578.000000
888947.000000
919068.000000
930030.000000
870807.000000
900500.000000
909230.000000
680663.000000
875514.000000
907517.000000
877192.000000
885121.000000
921249.000000
906609.000000
909378.000000
908947.000000
909208.000000
896420.000000
899686.000000
858963.000000
895215.000000
923309.000000
686714.000000
901704.000000
920000.000000
893792.000000
862459.000000
896824.000000
891297.000000
907507.000000
923291.000000
921986.000000
868736.000000
685912.000000
932137.000000
917436.000000
939009.000000
918645.000000
916796.000000
901867.000000
915681.000000
900356.000000
704924.000000
705001.000000
908764.000000
915153.000000
675177.000000
910311.000000
694707.000000
896690.000000
885535.000000
681101.000000
715066.000000
904098.000000
928198.000000
921981.000000
922994.000000
721504.000000
895198.000000
877435.000000
873327.000000
889158.000000
913487.000000
886736.000000
888840.000000
878892.000000
893597.000000
906817.000000
910694.000000
663967.000000
920768.000000
866374.000000
918798.000000
919859.000000
908389.000000
900963.000000
864228.000000
917953.000000
891214.000000
924862.000000
915745.000000
908650.000000
896961.000000
903974.000000
661069.000000
927268.000000
877425.000000
662491.000000
879241.000000
871121.000000
901285.000000
922635.000000
671222.000000
903218.000000
852436.000000
892342.000000
900256.000000
702469.000000
880467.000000
902702.000000
918925.000000
901230.000000
916455.000000
887122.000000
879050.000000
649120.000000
901512.000000
904614.000000
899652.000000
933746.000000
868256.000000
939828.000000
887005.000000
676273.000000
899402.000000
896909.000000
905597.000000
906911.000000
913517.000000
909566.000000
895395.000000
906775.000000
909989.000000
905840.000000
680406.000000
930307.000000
907389.000000
894726.000000
932990.000000
882374.000000
891614.000000
902903.000000
886801.000000
932702.000000
893978.000000
888747.000000
885455.000000
890461.000000
681346.000000
919384.000000
909151.000000
925427.000000
909219.000000
936129.000000
669842.000000
901475.000000
901835.000000
918167.000000
865287.000000
918427.000000
913839.000000
928770.000000
900267.000000
891842.000000
883709.000000
892576.000000
700420.000000
895607.000000
881669.000000
678344.000000
900913.000000
689959.000000
659081.000000
886615.000000
925786.000000
906426.000000
892583.000000
700307.000000
891856.000000
891560.000000
895782.000000
907053.000000
894909.000000
896895.000000
894587.000000
907753.000000
686691.000000
899980.000000
947308.000000
894751.000000
880630.000000
885694.000000
934347.000000
910728.000000
894883.000000
679049.000000
904337.000000
921153.000000
902924.000000
915208.000000
917568.000000
927525.000000
898861.000000
897311.000000
904413.000000
877753.000000
877537.000000
913573.000000
893156.000000
893339.000000
680980.000000
908052.000000
862638.000000
906453.000000
730209.000000
656321.000000
900258.000000
904837.000000
907126.000000
900058.000000
678314.000000
886600.000000
908217.000000
918741.000000
895817.000000
924478.000000
886655.000000
879981.000000
878141.000000
878375.000000
926448.000000
903546.000000
896727.000000
908975.000000
923645.000000
886813.000000
874414.000000
854717.000000
906015.000000
920799.000000
870485.000000
876305.000000
922046.000000
910914.000000
921105.000000
907346.000000
893650.000000
893357.000000
930624.000000
898162.000000
888516.000000
694281.000000
890309.000000
909358.000000
886562.000000
892998.000000
907152.000000
917365.000000
896507.000000
920903.000000
889551.000000
881411.000000
876665.000000
917671.000000
901331.000000
903129.000000
909524.000000
888458.000000
901657.000000
902022.000000
914715.000000
922394.000000
901970.000000
663013.000000
658124.000000
885646.000000
910007.000000
897821.000000
859555.000000
928918.000000
891798.000000
687280.000000
872889.000000
926993.000000
669994.000000
920271.000000
890629.000000
908157.000000
895834.000000
700318.000000
907180.000000
911231.000000
877145.000000
655930.000000
683344.000000
918687.000000
885420.000000
886331.000000
909639.000000
898412.000000
933216.000000
937895.000000
891313.000000
881908.000000
907849.000000
909510.000000
894980.000000
904180.000000
697207.000000
684968.000000
892547.000000
915916.000000
912849.000000
878701.000000
889524.000000
898874.000000
888136.000000
886243.000000
911214.000000
888621.000000
886109.000000
886121.000000
929133.000000
891313.000000
888787.000000
878498.000000
684143.000000
890340.000000
912776.000000
908213.000000
910561.000000
907152.000000
921226.000000
917879.000000
919211.000000
705357.000000
891655.000000
924585.000000
660774.000000
892777.000000
877156.000000
644263.000000
902805.000000
937002.000000
893515.000000
728547.000000
882883.000000
941030.000000
903487.000000
905873.000000
925488.000000
905568.000000
902601.000000
878268.000000
716487.000000
908636.000000
891741.000000
910643.000000
917754.000000
907668.000000
912981.000000
893978.000000
887227.000000
896942.000000
690815.000000
681842.000000
914761.000000
900574.000000
896594.000000
906653.000000
877036.000000
921643.000000
898509.000000
887214.000000
694429.000000
909799.000000
876829.000000
885584.000000
921573.000000
931526.000000
697569.000000
881115.000000
870941.000000
918837.000000
886838.000000
910269.000000
902308.000000
895936.000000
906363.000000
896359.000000
897313.000000
918938.000000
902853.000000
911903.000000
907723.000000
906080.000000
908189.000000
908193.000000
921614.000000
928597.000000
682968.000000
671053.000000
914109.000000
893498.000000
890429.000000
935052.000000
923463.000000
904075.000000
663209.000000
678903.000000
914830.000000
910832.000000
904851.000000
892199.000000
869726.000000
889766.000000
901818.000000
886287.000000
900358.000000
924345.000000
879867.000000
916164.000000
910574.000000
917806.000000
903857.000000
905222.000000
699908.000000
917233.000000
873429.000000
925221.000000
693357.000000
904783.000000
923375.000000
905982.000000
914351.000000
900556.000000
888155.000000
883293.000000
921125.000000
906065.000000
874907.000000
880425.000000
919430.000000
889810.000000
924078.000000
909450.000000
865042.000000
871712.000000
716749.000000
914494.000000
894392.000000
911320.000000
912443.000000
925045.000000
886980.000000
655126.000000
911482.000000
926926.000000
932983.000000
899546.000000
892721.000000
959075.000000
881936.000000
901596.000000
913609.000000
668689.000000
920434.000000
922561.000000
904621.000000
909772.000000
902459.000000
924475.000000
897096.000000
894895.000000
889215.000000
916928.000000
895729.000000
885070.000000
672197.000000
896041.000000
918000.000000
886116.000000
901929.000000
914963.000000
878843.000000
693264.000000
908755.000000
886881.000000
912110.000000
933281.000000
897451.000000
892429.000000
697951.000000
887955.000000
876254.000000
656887.000000
896262.000000
885798.000000
872151.000000
677051.000000
907809.000000
961919.000000
907962.000000
918283.000000
908707.000000
910067.000000
906862.000000
902908.000000
894527.000000
897354.000000
900577.000000
871019.000000
889377.000000
934789.000000
930930.000000
891410.000000
639627.000000
899145.000000
917172.000000
894977.000000
909586.000000
902465.000000
890171.000000
889216.000000
878632.000000
870865.000000
917846.000000
884894.000000
917535.000000
924574.000000
920873.000000
891900.000000
905724.000000
887717.000000
882947.000000
931225.000000
910167.000000
903272.000000
907044.000000
911744.000000
896323.000000
891314.000000
903118.000000
895496.000000
875030.000000
898305.000000
909256.000000
908757.000000
901750.000000
891568.000000
878119.000000
889932.000000
888516.000000
909832.000000
702772.000000
896842.000000
911114.000000
917768.000000
893979.000000
889398.000000
897880.000000
899095.000000
898625.000000
889535.000000
892902.000000
879450.000000
907687.000000
923163.000000
915488.000000
730407.000000
935686.000000
880234.000000
876832.000000
918360.000000
893811.000000
890223.000000
910743.000000
906499.000000
889916.000000
887653.000000
738669.000000
894996.000000
901200.000000
913793.000000
872927.000000
903972.000000
915037.000000
900094.000000
876337.000000
900116.000000
915441.000000
857440.000000
902310.000000
888750.000000
882499.000000
912347.000000
898868.000000
911720.000000
903016.000000
913141.000000
895855.000000
882953.000000
878182.000000
935167.000000
670481.000000
897794.000000
930618.000000
891685.000000
898263.000000
904690.000000
681043.000000
887650.000000
893949.000000
910124.000000
890012.000000
698357.000000
882098.000000
876665.000000
914400.000000
903990.000000
890319.000000
887526.000000
881445.000000
695742.000000
878992.000000
682636.000000
903178.000000
669061.000000
919730.000000
904112.000000
903836.000000
906579.000000
899801.000000
671234.000000
898152.000000
868841.000000
893950.000000
905548.000000
913171.000000
900206.000000
886793.000000
905850.000000
691849.000000
936448.000000
871836.000000
711199.000000
874076.000000
924584.000000
704737.000000
901894.000000
908289.000000
901360.000000
902722.000000
909151.000000
643369.000000
890033.000000
902991.000000
897740.000000
900555.000000
690658.000000
891869.000000
899045.000000
896554.000000
680795.000000
886582.000000
872300.000000
918025.000000
882710.000000
882939.000000
879939.000000
701239.000000
672669.000000
681509.000000
933247.000000
878714.000000
923252.000000
900281.000000
902638.000000
911685.000000
907513.000000
926122.000000
905081.000000
898338.000000
886566.000000
913847.000000
713986.000000
910107.000000
900916.000000
924753.000000
884903.000000
897344.000000
901874.000000
904085.000000
921745.000000
928975.000000
919597.000000
915779.000000
892194.000000
891622.000000
886009.000000
930682.000000
890656.000000
937138.000000
923152.000000
905235.000000
680236.000000
886858.000000
921491.000000
894446.000000
895917.000000
693601.000000
890095.000000
913411.000000
890179.000000
715052.000000
684659.000000
887723.000000
914007.000000
876533.000000
912791.000000
926846.000000
897075.000000
899611.000000
893297.000000
905337.000000
927960.000000
893249.000000
921980.000000
906341.000000
688088.000000
906787.000000
921008.000000
908495.000000
918321.000000
926728.000000
687795.000000
896721.000000
896856.000000
713286.000000
912651.000000
711255.000000
903072.000000
896624.000000
877159.000000
689132.000000
885334.000000
909811.000000
672558.000000
921959.000000
907498.000000
881865.000000
919198.000000
883439.000000
688197.000000
673977.000000
906457.000000
889022.000000
698233.000000
885532.000000
917379.000000
899587.000000
867569.000000
913964.000000
909582.000000
903908.000000
887434.000000
897899.000000
661240.000000
911853.000000
888199.000000
902628.000000
656848.000000
916089.000000
915329.000000
902768.000000
934612.000000
707293.000000
687225.000000
880249.000000
914968.000000
953374.000000
912105.000000
897780.000000
937028.000000
909170.000000
881876.000000
902603.000000
919568.000000
902709.000000
673044.000000
888171.000000
654257.000000
953411.000000
928568.000000
675713.000000
900780.000000
699716.000000
885529.000000
916308.000000
929345.000000
922499.000000
891133.000000
911671.000000
923447.000000
904034.000000
895947.000000
873958.000000
907812.000000
898940.000000
875456.000000
659562.000000
905674.000000
915412.000000
879701.000000
920052.000000
913898.000000
887689.000000
912148.000000
927016.000000
926134.000000
889086.000000
895271.000000
897546.000000
686762.000000
916538.000000
894887.000000
891276.000000
917605.000000
913039.000000
869386.000000
908378.000000
701077.000000
900646.000000
921300.000000
663027.000000
720959.000000
655283.000000
876089.000000
897367.000000
914898.000000
933062.000000
901390.000000
897610.000000
705853.000000
909142.000000
919037.000000
716496.000000
876384.000000
897182.000000
682993.000000
900326.000000
664452.000000
960091.000000
918381.000000
922520.000000
881884.000000
890232.000000
902931.000000
880858.000000
918106.000000
906409.000000
691057.000000
896815.000000
910127.000000
919863.000000
901010.000000
909024.000000
702893.000000
896366.000000
892257.000000
893052.000000
891061.000000
894258.000000
900454.000000
897135.000000
912082.000000
897064.000000
898775.000000
885101.000000
931120.000000
893480.000000
893620.000000
885841.000000
935570.000000
902876.000000
902111.000000
883973.000000
919606.000000
909692.000000
908444.000000
905815.000000
898949.000000
913159.000000
663340.000000
935815.000000
905547.000000
915826.000000
906384.000000
909936.000000
904804.000000
901272.000000
914844.000000
878367.000000
900461.000000
914222.000000
880418.000000
900298.000000
902782.000000
905743.000000
926910.000000
925239.000000
911117.000000
902383.000000
912531.000000
887383.000000
907841.000000
895828.000000
867525.000000
889997.000000
878641.000000
868453.000000
717731.000000
900864.000000
923852.000000
902131.000000
910916.000000
887228.000000
914184.000000
919914.000000
902190.000000
889721.000000
928505.000000
881989.000000
917327.000000
920003.000000
896962.000000
880373.000000
888319.000000
668253.000000
886118.000000
895268.000000
908985.000000
911868.000000
917756.000000
911758.000000
878953.000000
908223.000000
887913.000000
944096.000000
926202.000000
912137.000000
882734.000000
659246.000000
903929.000000
913592.000000
893706.000000
909730.000000
900272.000000
678252.000000
894177.000000
910522.000000
710041.000000
899676.000000
910416.000000
655325.000000
874841.000000
914858.000000
908232.000000
922445.000000
716403.000000
933387.000000
872469.000000
907555.000000
911588.000000
880323.000000
901149.000000
905047.000000
868062.000000
905968.000000
919762.000000
872995.000000
891010.000000
908403.000000
884404.000000
651185.000000
646102.000000
904768.000000
911978.000000
702598.000000
907441.000000
910956.000000
936854.000000
935068.000000
942760.000000
903084.000000
898700.000000
913936.000000
885750.000000
713409.000000
894473.000000
897289.000000
910025.000000
910608.000000
932004.000000
911151.000000
894876.000000
901790.000000
865107.000000
923713.000000
679343.000000
899761.000000
912721.000000
922005.000000
902419.000000
698055.000000
894873.000000
917747.000000
927357.000000
889739.000000
914970.000000
916192.000000
920430.000000
926025.000000
908083.000000
912334.000000
928180.000000
901041.000000
903006.000000
699752.000000
879047.000000
908781.000000
906401.000000
872837.000000
905184.000000
877087.000000
883622.000000
919519.000000
890052.000000
928118.000000
892803.000000
903412.000000
913422.000000
861631.000000
902638.000000
913399.000000
906790.000000
916854.000000
909853.000000
913514.000000
916848.000000
923367.000000
886434.000000
882091.000000
884455.000000
894953.000000
891230.000000
922095.000000
907522.000000
920894.000000
710266.000000
914659.000000
909641.000000
884835.000000
895659.000000
906094.000000
905775.000000
879954.000000
899650.000000
904094.000000
898001.000000
887388.000000
887629.000000
903053.000000
701568.000000
915049.000000
896197.000000
867756.000000
896635.000000
895872.000000
666622.000000
677495.000000
906222.000000
932190.000000
895612.000000
903932.000000
898682.000000
882009.000000
690380.000000
923516.000000
881006.000000
889164.000000
911487.000000
871928.000000
890355.000000
889060.000000
881992.000000
912102.000000
906926.000000
920713.000000
885447.000000
919972.000000
885874.000000
882531.000000
905158.000000
887724.000000
897455.000000
882587.000000
906048.000000
887615.000000
875473.000000
922010.000000
894980.000000
660004.000000
913600.000000
660529.000000
917781.000000
687032.000000
900033.000000
866764.000000
689704.000000
921032.000000
883437.000000
902225.000000
714401.000000
903028.000000
897333.000000
906424.000000
905185.000000
668714.000000
889967.000000
893657.000000
920020.000000
913620.000000
907145.000000
915960.000000
950192.000000
889364.000000
910468.000000
688628.000000
874077.000000
928696.000000
901088.000000
882484.000000
907344.000000
889084.000000
924650.000000
667869.000000
924930.000000
712206.000000
919870.000000
894968.000000
949126.000000
910827.000000
937836.000000
664744.000000
701890.000000
897816.000000
910647.000000
915639.000000
906380.000000
699057.000000
931364.000000
665651.000000
873402.000000
913890.000000
888460.000000
901484.000000
922210.000000
908448.000000
671467.000000
883390.000000
899411.000000
898708.000000
903623.000000
907222.000000
708381.000000
896520.000000
912977.000000
901524.000000
909025.000000
908862.000000
914386.000000
915513.000000
889139.000000
685741.000000
925837.000000
894828.000000
889155.000000
903761.000000
940714.000000
931792.000000
909064.000000
904967.000000
916654.000000
898930.000000
910372.000000
897570.000000
926918.000000
908359.000000
897617.000000
685588.000000
878333.000000
880491.000000
691341.000000
925314.000000
913626.000000
895949.000000
868713.000000
706999.000000
900703.000000
690186.000000
911300.000000
899917.000000
899217.000000
639320.000000
911248.000000
905806.000000
914271.000000
681430.000000
889654.000000
653715.000000
887116.000000
905143.000000
889852.000000
902926.000000
647080.000000
895409.000000
868475.000000
881449.000000
923225.000000
880973.000000
879084.000000
870524.000000
719409.000000
892765.000000
889203.000000
889609.000000
906538.000000
890725.000000
961640.000000
902047.000000
909657.000000
912056.000000
887027.000000
915935.000000
912507.000000
712892.000000
900816.000000
885170.000000
915737.000000
924626.000000
890356.000000
900602.000000
688301.000000
884144.000000
700694.000000
908532.000000
917959.000000
893502.000000
928644.000000
920855.000000
886107.000000
690859.000000
878747.000000
879039.000000
872388.000000
867729.000000
886535.000000
914138.000000
912810.000000
903436.000000
925896.000000
930684.000000
932633.000000
887922.000000
905590.000000
907863.000000
894481.000000
906242.000000
890737.000000
911666.000000
891499.000000
894014.000000
670981.000000
922816.000000
904069.000000
911255.000000
917585.000000
662701.000000
886315.000000
909813.000000
918056.000000
908624.000000
929707.000000
903510.000000
914702.000000
924907.000000
920664.000000
869724.000000
896353.000000
922829.000000
877660.000000
886266.000000
920787.000000
925468.000000
911222.000000
886367.000000
943236.000000
932135.000000
909707.000000
907874.000000
906704.000000
939447.000000
888971.000000
895908.000000
894680.000000
910240.000000
903404.000000
900923.000000
668469.000000
905828.000000
893329.000000
926342.000000
884464.000000
897106.000000
904868.000000
942082.000000
899642.000000
901557.000000
914610.000000
670758.000000
892621.000000
899234.000000
918640.000000
904659.000000
892286.000000
889227.000000
931693.000000
943479.000000
907504.000000
895593.000000
908485.000000
924152.000000
721431.000000
881405.000000
919167.000000
685765.000000
915345.000000
864246.000000
918341.000000
909780.000000
901717.000000
910450.000000
881297.000000
897282.000000
888754.000000
909702.000000
924271.000000
885804.000000
916808.000000
895063.000000
923677.000000
697790.000000
905178.000000
870570.000000
892528.000000
902805.000000
893906.000000
910725.000000
914798.000000
915937.000000
890117.000000
885350.000000
919612.000000
888505.000000
893316.000000
894947.000000
894797.000000
889233.000000
890723.000000
925615.000000
931078.000000
891399.000000
860240.000000
919572.000000
921797.000000
890620.000000
922141.000000
891077.000000
907678.000000
671387.000000
916499.000000
901329.000000
895066.000000
906672.000000
915292.000000
908813.000000
890115.000000
904359.000000
904654.000000
919391.000000
918003.000000
918217.000000
652680.000000
923988.000000
908028.000000
922758.000000
693003.000000
920218.000000
907773.000000
913182.000000
897075.000000
891717.000000
912896.000000
909929.000000
910688.000000
922921.000000
678673.000000
869895.000000
916207.000000
878041.000000
913480.000000
895507.000000
880314.000000
892137.000000
892827.000000
862853.000000
913375.000000
894184.000000
874946.000000
929563.000000
693879.000000
894844.000000
919146.000000
904601.000000
691768.000000
912161.000000
893565.000000
892333.000000
918081.000000
896158.000000
901937.000000
891930.000000
691504.000000
887540.000000
944868.000000
902765.000000
708456.000000
944122.000000
897766.000000
891458.000000
918966.000000
894486.000000
919672.000000
892946.000000
923421.000000
907246.000000
901831.000000
898452.000000
897488.000000
675388.000000
898003.000000
861408.000000
912478.000000
691590.000000
700864.000000
861270.000000
919663.000000
917616.000000
932488.000000
874723.000000
704813.000000
890702.000000
900973.000000
888607.000000
682183.000000
879495.000000
888847.000000
901477.000000
888965.000000
889265.000000
885442.000000
930109.000000
871741.000000
914567.000000
888518.000000
904029.000000
892347.000000
913907.000000
896813.000000
896650.000000
656542.000000
903602.000000
669679.000000
921357.000000
880047.000000
885636.000000
888078.000000
875307.000000
900864.000000
728269.000000
654922.000000
930243.000000
893742.000000
949016.000000
879650.000000
873534.000000
916521.000000
696962.000000
905833.000000
871042.000000
921851.000000
904484.000000
903100.000000
914168.000000
900169.000000
873269.000000
900685.000000
903881.000000
874498.000000
910924.000000
907931.000000
908034.000000
908650.000000
914345.000000
912085.000000
902776.000000
901366.000000
690962.000000
693288.000000
890853.000000
912686.000000
900256.000000
915758.000000
871103.000000
916920.000000
858721.000000
904737.000000
896188.000000
907470.000000
915344.000000
671108.000000
690611.000000
897360.000000
913863.000000
918897.000000
921893.000000
888801.000000
905649.000000
719659.000000
676435.000000
902521.000000
921191.000000
923938.000000
922760.000000
891439.000000
886154.000000
870250.000000
919590.000000
930081.000000
901931.000000
888664.000000
927825.000000
916370.000000
935293.000000
899368.000000
870975.000000
889392.000000
913290.000000
686491.000000
716420.000000
865132.000000
908865.000000
907355.000000
703287.000000
894715.000000
903671.000000
910214.000000
901588.000000
690339.000000
871101.000000
890198.000000
902652.000000
886404.000000
914049.000000
917158.000000
879791.000000
682165.000000
892909.000000
903422.000000
886363.000000
866164.000000
895996.000000
904458.000000
903163.000000
896250.000000
925461.000000
951064.000000
929118.000000
916356.000000
880561.000000
679341.000000
884242.000000
934203.000000
918620.000000
899954.000000
891865.000000
903773.000000
889984.000000
901597.000000
889378.000000
880843.000000
896941.000000
937537.000000
896898.000000
921107.000000
902413.000000
927633.000000
925198.000000
914385.000000
874153.000000
922502.000000
915565.000000
901102.000000
698538.000000
687752.000000
901475.000000
918582.000000
894162.000000
920959.000000
902822.000000
908494.000000
935548.000000
875529.000000
894314.000000
869075.000000
901050.000000
901817.000000
919052.000000
920952.000000
910650.000000
915898.000000
918905.000000
719014.000000
662229.000000
891563.000000
919659.000000
920979.000000
896882.000000
924642.000000
880431.000000
903842.000000
901852.000000
859744.000000
904159.000000
916630.000000
887381.000000
893445.000000
930128.000000
902160.000000
871050.000000
880527.000000
874008.000000
901580.000000
878424.000000
912549.000000
910544.000000
892814.000000
906666.000000
875117.000000
920292.000000
872184.000000
727308.000000
882343.000000
898207.000000
917493.000000
679444.000000
906119.000000
895441.000000
887023.000000
907702.000000
904275.000000
935984.000000
896669.000000
905754.000000
883486.000000
880219.000000
888901.000000
904507.000000
904351.000000
871844.000000
695291.000000
716253.000000
892330.000000
931547.000000
895461.000000
905502.000000
945080.000000
678217.000000
657997.000000
917377.000000
897268.000000
666726.000000
923109.000000
922389.000000
877030.000000
859909.000000
892520.000000
896536.000000
674196.000000
892340.000000
884954.000000
673120.000000
878700.000000
661134.000000
902942.000000
927645.000000
900625.000000
698390.000000
892842.000000
918330.000000
896169.000000
889913.000000
919122.000000
709781.000000
909668.000000
897147.000000
906726.000000
893817.000000
700586.000000
892299.000000
892542.000000
885980.000000
897923.000000
922393.000000
896308.000000
882232.000000
902418.000000
905710.000000
885043.000000
906303.000000
929693.000000
918288.000000
696697.000000
889272.000000
865834.000000
651491.000000
921667.000000
685015.000000
889539.000000
917060.000000
924359.000000
881281.000000
894851.000000
890400.000000
933873.000000
896310.000000
880333.000000
866885.000000
895930.000000
890998.000000
916533.000000
941269.000000
872472.000000
874650.000000
873334.000000
902176.000000
886872.000000
895920.000000
898192.000000
886966.000000
878639.000000
902729.000000
706180.000000
693857.000000
709976.000000
919790.000000
904958.000000
910154.000000
891349.000000
890548.000000
888685.000000
869114.000000
887201.000000
917075.000000
871948.000000
906703.000000
891666.000000
896904.000000
897131.000000
726238.000000
882724.000000
893877.000000
909277.000000
902280.000000
668703.000000
868726.000000
888228.000000
912262.000000
930000.000000
911419.000000
915648.000000
921937.000000
896770.000000
891976.000000
891447.000000
651825.000000
866064.000000
872065.000000
901530.000000
920268.000000
898367.000000
880150.000000
895727.000000
896204.000000
908143.000000
884520.000000
882880.000000
906549.000000
873785.000000
863448.000000
924136.000000
896008.000000
908347.000000
912162.000000
897223.000000
912013.000000
926686.000000
706305.000000
920337.000000
878245.000000
909123.000000
892865.000000
901965.000000
914398.000000
678547.000000
895445.000000
675512.000000
693561.000000
918790.000000
892611.000000
723464.000000
887692.000000
912246.000000
679056.000000
918675.000000
696215.000000
706475.000000
919539.000000
897521.000000
888835.000000
902895.000000
864038.000000
882993.000000
904034.000000
898632.000000
924436.000000
881402.000000
904951.000000
699930.000000
895568.000000
877856.000000
873732.000000
663504.000000
902952.000000
887406.000000
911925.000000
905959.000000
909641.000000
891001.000000
902317.000000
885714.000000
894359.000000
946966.000000
918484.000000
878384.000000
884552.000000
676306.000000
903070.000000
897896.000000
870996.000000
909820.000000
891427.000000
936201.000000
908502.000000
880900.000000
901225.000000
913429.000000
910120.000000
898887.000000
918286.000000
695321.000000
701218.000000
898039.000000
891694.000000
943712.000000
870004.000000
901862.000000
875123.000000
903304.000000
901945.000000
870928.000000
873570.000000
885642.000000
930356.000000
891540.000000
917394.000000
682883.000000
875476.000000
942910.000000
920475.000000
902755.000000
881797.000000
902868.000000
906507.000000
666321.000000
906402.000000
875920.000000
901956.000000
892376.000000
916532.000000
926801.000000
920837.000000
892255.000000
666731.000000
904818.000000
883214.000000
914266.000000
929221.000000
888750.000000
887680.000000
680208.000000
894897.000000
890885.000000
866514.000000
892473.000000
677841.000000
900938.000000
906551.000000
910841.000000
905961.000000
895208.000000
902019.000000
891141.000000
897522.000000
895727.000000
902077.000000
896266.000000
897592.000000
927998.000000
893841.000000
899201.000000
923908.000000
885228.000000
890762.000000
903362.000000
888670.000000
888945.000000
885846.000000
909342.000000
874305.000000
892126.000000
888570.000000
906710.000000
888501.000000
934961.000000
882999.000000
886651.000000
888331.000000
924908.000000
888412.000000
885062.000000
702309.000000
917434.000000
890478.000000
897168.000000
919945.000000
880883.000000
940616.000000
653985.000000
879287.000000
906475.000000
911423.000000
892288.000000
905963.000000
903463.000000
673556.000000
865686.000000
898169.000000
912155.000000
893747.000000
886433.000000
907497.000000
892551.000000
885422.000000
904418.000000
919705.000000
891479.000000
883419.000000
920349.000000
881050.000000
904938.000000
896432.000000
910452.000000
701020.000000
873640.000000
918458.000000
690224.000000
918276.000000
908556.000000
912196.000000
895129.000000
890762.000000
894506.000000
910874.000000
880343.000000
876546.000000
894846.000000
913196.000000
915647.000000
908292.000000
880144.000000
882755.000000
926594.000000
909337.000000
883778.000000
892282.000000
893482.000000
922614.000000
900086.000000
857637.000000
686623.000000
888147.000000
886002.000000
892461.000000
913220.000000
906803.000000
910492.000000
901833.000000
891468.000000
918803.000000
899005.000000
888676.000000
687591.000000
884185.000000
900659.000000
896732.000000
916128.000000
922465.000000
912922.000000
886433.000000
674142.000000
862404.000000
937165.000000
921030.000000
871193.000000
882531.000000
890920.000000
892063.000000
902502.000000
908689.000000
893612.000000
735357.000000
903052.000000
910291.000000
932839.000000
894308.000000
912423.000000
646168.000000
924905.000000
869564.000000
674969.000000
909916.000000
905781.000000
898250.000000
896436.000000
892783.000000
905856.000000
915867.000000
877039.000000
890548.000000
890803.000000
702595.000000
955453.000000
938663.000000
697588.000000
897045.000000
907656.000000
887297.000000
889135.000000
727529.000000
890665.000000
900533.000000
885460.000000
901896.000000
919468.000000
891755.000000
895580.000000
911234.000000
647002.000000
883742.000000
892693.000000
697380.000000
689546.000000
870399.000000
915775.000000
892858.000000
895122.000000
914249.000000
897302.000000
907692.000000
666200.000000
896762.000000
899626.000000
896010.000000
931872.000000
893039.000000
909013.000000
677920.000000
718401.000000
903077.000000
911808.000000
917328.000000
903927.000000
697461.000000
892943.000000
883850.000000
885672.000000
865625.000000
914329.000000
928928.000000
905370.000000
896041.000000
905115.000000
880942.000000
904652.000000
910654.000000
886139.000000
921823.000000
910894.000000
920816.000000
890202.000000
905596.000000
869209.000000
899283.000000
905290.000000
928936.000000
907049.000000
661014.000000
901923.000000
884799.000000
910965.000000
896320.000000
702758.000000
914287.000000
907902.000000
880739.000000
890626.000000
916567.000000
930393.000000
896870.000000
893883.000000
700492.000000
910602.000000
884984.000000
721934.000000
907445.000000
911230.000000
900432.000000
902184.000000
900193.000000
891812.000000
904219.000000
892702.000000
906096.000000
893952.000000
887832.000000
741586.000000
665594.000000
893816.000000
904797.000000
913184.000000
882576.000000
897481.000000
906680.000000
902635.000000
880715.000000
927607.000000
941301.000000
879802.000000
912649.000000
888891.000000
901734.000000
910937.000000
894460.000000
713371.000000
894929.000000
884508.000000
921926.000000
906420.000000
922284.000000
731378.000000
865292.000000
892867.000000
916195.000000
907154.000000
908129.000000
934033.000000
702376.000000
882207.000000
885695.000000
932872.000000
901659.000000
909957.000000
942910.000000
877903.000000
898600.000000
938607.000000
905680.000000
877449.000000
878621.000000
934087.000000
916435.000000
651516.000000
867048.000000
899235.000000
700342.000000
941215.000000
915775.000000
855028.000000
901225.000000
652643.000000
875303.000000
925347.000000
922300.000000
905768.000000
884858.000000
930772.000000
726460.000000
909708.000000
918223.000000
920632.000000
909009.000000
927591.000000
904846.000000
886903.000000
900450.000000
908787.000000
909009.000000
930363.000000
893146.000000
907296.000000
905042.000000
888638.000000
903324.000000
904902.000000
941254.000000
923967.000000
675766.000000
881122.000000
901610.000000
901533.000000
696653.000000
702964.000000
870691.000000
902609.000000
878450.000000
922360.000000
856490.000000
951457.000000
909226.000000
876213.000000
890535.000000
895385.000000
890353.000000
896051.000000
933453.000000
897833.000000
901952.000000
892854.000000
871134.000000
880650.000000
907334.000000
902191.000000
913438.000000
687602.000000
927326.000000
901314.000000
907490.000000
909263.000000
916668.000000
896620.000000
910335.000000
671688.000000
871234.000000
904827.000000
903916.000000
889539.000000
915912.000000
898190.000000
902443.000000
886940.000000
650252.000000
887470.000000
917678.000000
919375.000000
910667.000000
907123.000000
917664.000000
908436.000000
894238.000000
885635.000000
922441.000000
679524.000000
900023.000000
905953.000000
653585.000000
923543.000000
678521.000000
904419.000000
879471.000000
894485.000000
906698.000000
886651.000000
863496.000000
915344.000000
922087.000000
875428.000000
894484.000000
889573.000000
905211.000000
710636.000000
898587.000000
896950.000000
651265.000000
919194.000000
910558.000000
917132.000000
676595.000000
907785.000000
894607.000000
685361.000000
908469.000000
914607.000000
904091.000000
876771.000000
886690.000000
889633.000000
938397.000000
652173.000000
902592.000000
903969.000000
700491.000000
692878.000000
924275.000000
941682.000000
917261.000000
901728.000000
873580.000000
669364.000000
924444.000000
880413.000000
883661.000000
906655.000000
891917.000000
903281.000000
912495.000000
879687.000000
870956.000000
894161.000000
707002.000000
908891.000000
887766.000000
889755.000000
937391.000000
697644.000000
895307.000000
865650.000000
917558.000000
904449.000000
712161.000000
901628.000000
896700.000000
894887.000000
890243.000000
912580.000000
891200.000000
909363.000000
915699.000000
891981.000000
654039.000000
928862.000000
896121.000000
886799.000000
909184.000000
935889.000000
889555.000000
912680.000000
884487.000000
705352.000000
900820.000000
926564.000000
901558.000000
914237.000000
915713.000000
893581.000000
870629.000000
881714.000000
889061.000000
916829.000000
906296.000000
892186.000000
924593.000000
691976.000000
864937.000000
907483.000000
902999.000000
910301.000000
934676.000000
905090.000000
914131.000000
890772.000000
901042.000000
894292.000000
886812.000000
904334.000000
901674.000000
900740.000000
919926.000000
875269.000000
931937.000000
913244.000000
880044.000000
897423.000000
722887.000000
924576.000000
881297.000000
967689.000000
862185.000000
887221.000000
881102.000000
876109.000000
901974.000000
934666.000000
881973.000000
925212.000000
884524.000000
888593.000000
707907.000000
899214.000000
882565.000000
909562.000000
880507.000000
897010.000000
690802.000000
888457.000000
911230.000000
899881.000000
892563.000000
664864.000000
904799.000000
860506.000000
914285.000000
928429.000000
909152.000000
706697.000000
898753.000000
886934.000000
939612.000000
883407.000000
873472.000000
685525.000000
908265.000000
895637.000000
894688.000000
916812.000000
944687.000000
895617.000000
904982.000000
886667.000000
900593.000000
717286.000000
909335.000000
890468.000000
900921.000000
911120.000000
894796.000000
914110.000000
920375.000000
920787.000000
908667.000000
904876.000000
917614.000000
913779.000000
932118.000000
684580.000000
902422.000000
887142.000000
903298.000000
889270.000000
902971.000000
910677.000000
883345.000000
904639.000000
924988.000000
913491.000000
909074.000000
910950.000000
911993.000000
899751.000000
876895.000000
908632.000000
887340.000000
896661.000000
895740.000000
907496.000000
907935.000000
893088.000000
882693.000000
905451.000000
908028.000000
898768.000000
918664.000000
682812.000000
880767.000000
878063.000000
924245.000000
896147.000000
901261.000000
918652.000000
910922.000000
902840.000000
889643.000000
717001.000000
940151.000000
891072.000000
921442.000000
911235.000000
899369.000000
871654.000000
907740.000000
921958.000000
931744.000000
889967.000000
874779.000000
899450.000000
886327.000000
918906.000000
934509.000000
911314.000000
906124.000000
925007.000000
907348.000000
926625.000000
907694.000000
901839.000000
682806.000000
909421.000000
894706.000000
888736.000000
878346.000000
915502.000000
923832.000000
898772.000000
898698.000000
903067.000000
906419.000000
908937.000000
913531.000000
636919.000000
895005.000000
894537.000000
888687.000000
672108.000000
895795.000000
933554.000000
887493.000000
895825.000000
902180.000000
893071.000000
888251.000000
911932.000000
904719.000000
903559.000000
911329.000000
655390.000000
920821.000000
908045.000000
928071.000000
669796.000000
901335.000000
907048.000000
890433.000000
910296.000000
888943.000000
696660.000000
933877.000000
687952.000000
884952.000000
912333.000000
892713.000000
925002.000000
900265.000000
904045.000000
912249.000000
941400.000000
901252.000000
917970.000000
907654.000000
904602.000000
923316.000000
909802.000000
901884.000000
902756.000000
913373.000000
907325.000000
701175.000000
874519.000000
901181.000000
925783.000000
710213.000000
905771.000000
912020.000000
904507.000000
692396.000000
671870.000000
931650.000000
668615.000000
891203.000000
902631.000000
941140.000000
884084.000000
923355.000000
692735.000000
906803.000000
889154.000000
915129.000000
683210.000000
915404.000000
926116.000000
932112.000000
890638.000000
889488.000000
911985.000000
703223.000000
917811.000000
897364.000000
915296.000000
913748.000000
889457.000000
719969.000000
910691.000000
922497.000000
889277.000000
703288.000000
905410.000000
914650.000000
916771.000000
911791.000000
924608.000000
926635.000000
901970.000000
680908.000000
915702.000000
880654.000000
932145.000000
925746.000000
925057.000000
931092.000000
899800.000000
899149.000000
919941.000000
918962.000000
906830.000000
910288.000000
888768.000000
903050.000000
691008.000000
892472.000000
922852.000000
904825.000000
872126.000000
694575.000000
904807.000000
885612.000000
892195.000000
683364.000000
940310.000000
909113.000000
710144.000000
669779.000000
932602.000000
904034.000000
900748.000000
920734.000000
910264.000000
906947.000000
908217.000000
881743.000000
921212.000000
908762.000000
901129.000000
900099.000000
871282.000000
917095.000000
914797.000000
903059.000000
923285.000000
686159.000000
900496.000000
911022.000000
908194.000000
910670.000000
876438.000000
922434.000000
922308.000000
901513.000000
911845.000000
879267.000000
718019.000000
882689.000000
896707.000000
913574.000000
882167.000000
932124.000000
922118.000000
889153.000000
921326.000000
897724.000000
889402.000000
677746.000000
918720.000000
898782.000000
664677.000000
946360.000000
909014.000000
912040.000000
894713.000000
899764.000000
878431.000000
940336.000000
930413.000000
877886.000000
889197.000000
869256.000000
903434.000000
731138.000000
886939.000000
923310.000000
888305.000000
674617.000000
905009.000000
903400.000000
930119.000000
687623.000000
908080.000000
724704.000000
889234.000000
887897.000000
904258.000000
892709.000000
879609.000000
920612.000000
913701.000000
881085.000000
913517.000000
915265.000000
873388.000000
901170.000000
907303.000000
929019.000000
910785.000000
877261.000000
917696.000000
889039.000000
902702.000000
883101.000000
916397.000000
894930.000000
920445.000000
899256.000000
902798.000000
919961.000000
909894.000000
938511.000000
927620.000000
909305.000000
930448.000000
928494.000000
898147.000000
902937.000000
701639.000000
935750.000000
916227.000000
958946.000000
899655.000000
917108.000000
682424.000000
885593.000000
669156.000000
906765.000000
897895.000000
884200.000000
911156.000000
912726.000000
909491.000000
909929.000000
892632.000000
929781.000000
902189.000000
874343.000000
905549.000000
916679.000000
888813.000000
678140.000000
896421.000000
898402.000000
888508.000000
910203.000000
889131.000000
898508.000000
903609.000000
939997.000000
914159.000000
883767.000000
887197.000000
896173.000000
889361.000000
882967.000000
879890.000000
899682.000000
895791.000000
717954.000000
950527.000000
917201.000000
898719.000000
929268.000000
921293.000000
868518.000000
921864.000000
900552.000000
899278.000000
915102.000000
910604.000000
887377.000000
909430.000000
917368.000000
892228.000000
883800.000000
940042.000000
907141.000000
928705.000000
922778.000000
921385.000000
934974.000000
692804.000000
691518.000000
879291.000000
893008.000000
918627.000000
922366.000000
908310.000000
908720.000000
947015.000000
890446.000000
708985.000000
910492.000000
691672.000000
915710.000000
890820.000000
858224.000000
714566.000000
921411.000000
918791.000000
896027.000000
870622.000000
709798.000000
938487.000000
949953.000000
893750.000000
949085.000000
909346.000000
935768.000000
895499.000000
939535.000000
904554.000000
905210.000000
894318.000000
904729.000000
884868.000000
886003.000000
920430.000000
880820.000000
921001.000000
922612.000000
901857.000000
894838.000000
924602.000000
926272.000000
902571.000000
941790.000000
898222.000000
913390.000000
873860.000000
908961.000000
880784.000000
925672.000000
918304.000000
902199.000000
913982.000000
905660.000000
919140.000000
937322.000000
916392.000000
931836.000000
907416.000000
918477.000000
908397.000000
901903.000000
910367.000000
923139.000000
911949.000000
894310.000000
917096.000000
898756.000000
913651.000000
917018.000000
903526.000000
917118.000000
910357.000000
700697.000000
929725.000000
939900.000000
932102.000000
887216.000000
925199.000000
887513.000000
904481.000000
911131.000000
917005.000000
927045.000000
917037.000000
915410.000000
904477.000000
896391.000000
911486.000000
906002.000000
711530.000000
899123.000000
913167.000000
944805.000000
943351.000000
924220.000000
909795.000000
944606.000000
894155.000000
932232.000000
950878.000000
888865.000000
907304.000000
880886.000000
889374.000000
703005.000000
748858.000000
934676.000000
724824.000000
725936.000000
907664.000000
889882.000000
896613.000000
904651.000000
931416.000000
880950.000000
898994.000000
903507.000000
895819.000000
670106.000000
911426.000000
906799.000000
938850.000000
905801.000000
875741.000000
899089.000000
917057.000000
908485.000000
902286.000000
891554.000000
922837.000000
899074.000000
868214.000000
913799.000000
892863.000000
898088.000000
889773.000000
903749.000000
905017.000000
913636.000000
906521.000000
906511.000000
903239.000000
903446.000000
899334.000000
895260.000000
914271.000000
723253.000000
919959.000000
736445.000000
911411.000000
912861.000000
908842.000000
907085.000000
889039.000000
926810.000000
910725.000000
936192.000000
885482.000000
900431.000000
906293.000000
879697.000000
907693.000000
685717.000000
926880.000000
885784.000000
905167.000000
887379.000000
925987.000000
896971.000000
916566.000000
901548.000000
687767.000000
896464.000000
881171.000000
866008.000000
906053.000000
891584.000000
883725.000000
885816.000000
929251.000000
861927.000000
880008.000000
880260.000000
892847.000000
885699.000000
879198.000000
887031.000000
901905.000000
910331.000000
921926.000000
872276.000000
903948.000000
911513.000000
904185.000000
872164.000000
895436.000000
888561.000000
889943.000000
915469.000000
873983.000000
898566.000000
876751.000000
914392.000000
863155.000000
887679.000000
905431.000000
900438.000000
897751.000000
871954.000000
876966.000000
895360.000000
855691.000000
897973.000000
663651.000000
873358.000000
900668.000000
910778.000000
909534.000000
893199.000000
873447.000000
882453.000000
878311.000000
890038.000000
871722.000000
662667.000000
926444.000000
878608.000000
914900.000000
901575.000000
917029.000000
910519.000000
907376.000000
930830.000000
727603.000000
901412.000000
901836.000000
900788.000000
896416.000000
875919.000000
887712.000000
868646.000000
911245.000000
921233.000000
921928.000000
914866.000000
918552.000000
910890.000000
679717.000000
907619.000000
896564.000000
915498.000000
903843.000000
882811.000000
882464.000000
887868.000000
910705.000000
888064.000000
691319.000000
902442.000000
882721.000000
718707.000000
923312.000000
894218.000000
911433.000000
904927.000000
912150.000000
884880.000000
878260.000000
897592.000000
878584.000000
921174.000000
908387.000000
880711.000000
888621.000000
899402.000000
884354.000000
918261.000000
867853.000000
899920.000000
688555.000000
899652.000000
896237.000000
905939.000000
880000.000000
920708.000000
897144.000000
893955.000000
911723.000000
915212.000000
865028.000000
912499.000000
880217.000000
883944.000000
710293.000000
954739.000000
878916.000000
902348.000000
908721.000000
926058.000000
905524.000000
915668.000000
916533.000000
904586.000000
880851.000000
915869.000000
662040.000000
930592.000000
917433.000000
899991.000000
918768.000000
874693.000000
921860.000000
897905.000000
907896.000000
873253.000000
892486.000000
864579.000000
907122.000000
905955.000000
706324.000000
880278.000000
857857.000000
681072.000000
901445.000000
874718.000000
878586.000000
895995.000000
886846.000000
883191.000000
866131.000000
896705.000000
894073.000000
910579.000000
915904.000000
871325.000000
871809.000000
878009.000000
877716.000000
847664.000000
903018.000000
680655.000000
895667.000000
868500.000000
904872.000000
875517.000000
877408.000000
886365.000000
887101.000000
862365.000000
895334.000000
883150.000000
902316.000000
903852.000000
692852.000000
925795.000000
668860.000000
872709.000000
902117.000000
895385.000000
909968.000000
879880.000000
907527.000000
894879.000000
893932.000000
865181.000000
909362.000000
933752.000000
902125.000000
931662.000000
889270.000000
915953.000000
888192.000000
888748.000000
883680.000000
887041.000000
904897.000000
894791.000000
893150.000000
920219.000000
914587.000000
847009.000000
900266.000000
896325.000000
868910.000000
895250.000000
888297.000000
906910.000000
903702.000000
884405.000000
895805.000000
688257.000000
898947.000000
902864.000000
877715.000000
879244.000000
902691.000000
900833.000000
863630.000000
889436.000000
899197.000000
876260.000000
873679.000000
903159.000000
888794.000000
902382.000000
889502.000000
702985.000000
892713.000000
888141.000000
894468.000000
874893.000000
917065.000000
891158.000000
895937.000000
893464.000000
869691.000000
894722.000000
854701.000000
873926.000000
863692.000000
919291.000000
909225.000000
910655.000000
896359.000000
883760.000000
683828.000000
907791.000000
871779.000000
871464.000000
892633.000000
905986.000000
906948.000000
905541.000000
913937.000000
873484.000000
873350.000000
890647.000000
860887.000000
688856.000000
878039.000000
894669.000000
890261.000000
895253.000000
905147.000000
892503.000000
674008.000000
883091.000000
878838.000000
865178.000000
896467.000000
903117.000000
867072.000000
910368.000000
862846.000000
880538.000000
883557.000000
893765.000000
897973.000000
872166.000000
894465.000000
887579.000000
686557.000000
891144.000000
913694.000000
905360.000000
684317.000000
900077.000000
883691.000000
886557.000000
907710.000000
876712.000000
908345.000000
875002.000000
896895.000000
878846.000000
870258.000000
893296.000000
866174.000000
906071.000000
892160.000000
901345.000000
903591.000000
863597.000000
916356.000000
898482.000000
895085.000000
888805.000000
855615.000000
658142.000000
887651.000000
887367.000000
900595.000000
927161.000000
922978.000000
870880.000000
911083.000000
907755.000000
906185.000000
899544.000000
881032.000000
884757.000000
866944.000000
892335.000000
914624.000000
899972.000000
925419.000000
919374.000000
692243.000000
906011.000000
867432.000000
903069.000000
889592.000000
880227.000000
892969.000000
876589.000000
863466.000000
896946.000000
866578.000000
919877.000000
869375.000000
878409.000000
694665.000000
912707.000000
881055.000000
862677.000000
883917.000000
860943.000000
881723.000000
902023.000000
891927.000000
883631.000000
671682.000000
918354.000000
891160.000000
913184.000000
895514.000000
865869.000000
904673.000000
718982.000000
899129.000000
902612.000000
917007.000000
893879.000000
858715.000000
919024.000000
890519.000000
875395.000000
891031.000000
903777.000000
880358.000000
699664.000000
857988.000000
898618.000000
873869.000000
888743.000000
907687.000000
927861.000000
840380.000000
640523.000000
872529.000000
893502.000000
864930.000000
891164.000000
885248.000000
911553.000000
874030.000000
880731.000000
864463.000000
887399.000000
895267.000000
871373.000000
885873.000000
905277.000000
908569.000000
897016.000000
858865.000000
701141.000000
868759.000000
900316.000000
888375.000000
863268.000000
900126.000000
892261.000000
905854.000000
897557.000000
685498.000000
903282.000000
914519.000000
680010.000000
901901.000000
908766.000000
881534.000000
861433.000000
890643.000000
895753.000000
878259.000000
874484.000000
887071.000000
891743.000000
892110.000000
894762.000000
899935.000000
861254.000000
892888.000000
904847.000000
875820.000000
902214.000000
909137.000000
868966.000000
692574.000000
906062.000000
683528.000000
909507.000000
890883.000000
883489.000000
883429.000000
895081.000000
911267.000000
908765.000000
902353.000000
918957.000000
906799.000000
888489.000000
698107.000000
894347.000000
884824.000000
877167.000000
868665.000000
914300.000000
899381.000000
887329.000000
665448.000000
898456.000000
901055.000000
908148.000000
901132.000000
903814.000000
892800.000000
907377.000000
898570.000000
902668.000000
899900.000000
907593.000000
914397.000000
901978.000000
862050.000000
893600.000000
893640.000000
908995.000000
882112.000000
883641.000000
883808.000000
884354.000000
874631.000000
893131.000000
881115.000000
900423.000000
889715.000000
899411.000000
692884.000000
886775.000000
682205.000000
677949.000000
866514.000000
912826.000000
918682.000000
900281.000000
887881.000000
901326.000000
893883.000000
895431.000000
925344.000000
893159.000000
866549.000000
885257.000000
856601.000000
887386.000000
683534.000000
881443.000000
913020.000000
896379.000000
880180.000000
867867.000000
899136.000000
684709.000000
891427.000000
884807.000000
886362.000000
907190.000000
909469.000000
878157.000000
662487.000000
866387.000000
923286.000000
905526.000000
888887.000000
897400.000000
863811.000000
872324.000000
867417.000000
904320.000000
874232.000000
906881.000000
681571.000000
899662.000000
895369.000000
882622.000000
675422.000000
902930.000000
875647.000000
901244.000000
931642.000000
907127.000000
923294.000000
906621.000000
901705.000000
899188.000000
925795.000000
854079.000000
881634.000000
869462.000000
892001.000000
899741.000000
887387.000000
921106.000000
901038.000000
905374.000000
905796.000000
908163.000000
910125.000000
889268.000000
864783.000000
904444.000000
886695.000000
892832.000000
922720.000000
894067.000000
893339.000000
703460.000000
874633.000000
890985.000000
861094.000000
910898.000000
910949.000000
886724.000000
900990.000000
890287.000000
884903.000000
887112.000000
880831.000000
861897.000000
877501.000000
880610.000000
870888.000000
843732.000000
904716.000000
891739.000000
888346.000000
695211.000000
900040.000000
914561.000000
858944.000000
897379.000000
875446.000000
887336.000000
864752.000000
904703.000000
887005.000000
905344.000000
900702.000000
870574.000000
870898.000000
896004.000000
872847.000000
891320.000000
888109.000000
894290.000000
876189.000000
907782.000000
906291.000000
902613.000000
897037.000000
679358.000000
897837.000000
919029.000000
871321.000000
915547.000000
889982.000000
885163.000000
904573.000000
906264.000000
891642.000000
904689.000000
699845.000000
851043.000000
875515.000000
894045.000000
879276.000000
880535.000000
867907.000000
885161.000000
865887.000000
913328.000000
861775.000000
899268.000000
884191.000000
852216.000000
890923.000000
912167.000000
899930.000000
886854.000000
908718.000000
907412.000000
906404.000000
870007.000000
888978.000000
874876.000000
906577.000000
859138.000000
914207.000000
911755.000000
859949.000000
913190.000000
855865.000000
884619.000000
883580.000000
930713.000000
889997.000000
700329.000000
883044.000000
674376.000000
873863.000000
900782.000000
911192.000000
856941.000000
902601.000000
898429.000000
907792.000000
687149.000000
898382.000000
900107.000000
899300.000000
901934.000000
898852.000000
890402.000000
872156.000000
892418.000000
911636.000000
900625.000000
663784.000000
899067.000000
902644.000000
915590.000000
865843.000000
914205.000000
912356.000000
906889.000000
907824.000000
909780.000000
895060.000000
912003.000000
884677.000000
911208.000000
898179.000000
900941.000000
893858.000000
849767.000000
892974.000000
876472.000000
914858.000000
893504.000000
650465.000000
926863.000000
928058.000000
719490.000000
877863.000000
869439.000000
900310.000000
874524.000000
902753.000000
900411.000000
924940.000000
892012.000000
887228.000000
926382.000000
867244.000000
873788.000000
895662.000000
909579.000000
899694.000000
856001.000000
907253.000000
885727.000000
872644.000000
899211.000000
889768.000000
878194.000000
693945.000000
882872.000000
939273.000000
880570.000000
883535.000000
911649.000000
913836.000000
885721.000000
895645.000000
887487.000000
892220.000000
888307.000000
914182.000000
879385.000000
715101.000000
887097.000000
905402.000000
907332.000000
884098.000000
882221.000000
896892.000000
889800.000000
884080.000000
875109.000000
894318.000000
887070.000000
888744.000000
900649.000000
909926.000000
905931.000000
909516.000000
903647.000000
891601.000000
905791.000000
896911.000000
896526.000000
897898.000000
926722.000000
897759.000000
902148.000000
897410.000000
684054.000000
881119.000000
930527.000000
894739.000000
920435.000000
878951.000000
741295.000000
912693.000000
892831.000000
906938.000000
704923.000000
897963.000000
900596.000000
899957.000000
879525.000000
914551.000000
891974.000000
911117.000000
881682.000000
897731.000000
892226.000000
876760.000000
898142.000000
871639.000000
882365.000000
900119.000000
884853.000000
902013.000000
923395.000000
896456.000000
916107.000000
707314.000000
913378.000000
874302.000000
880861.000000
903944.000000
861775.000000
912110.000000
901488.000000
913119.000000
872011.000000
922302.000000
903397.000000
894744.000000
884198.000000
888456.000000
868512.000000
866449.000000
891678.000000
910676.000000
917360.000000
926436.000000
875599.000000
877360.000000
903473.000000
912039.000000
862174.000000
853911.000000
874202.000000
892434.000000
876683.000000
895963.000000
895231.000000
916078.000000
925606.000000
897726.000000
910866.000000
903499.000000
714569.000000
892013.000000
916395.000000
696924.000000
953159.000000
897543.000000
881406.000000
906719.000000
906519.000000
725185.000000
923136.000000
909983.000000
885013.000000
907677.000000
899157.000000
850334.000000
885212.000000
902411.000000
863003.000000
873609.000000
911010.000000
880294.000000
888678.000000
892984.000000
921843.000000
898476.000000
905181.000000
889766.000000
663488.000000
899267.000000
878662.000000
890980.000000
898153.000000
909007.000000
894347.000000
836003.000000
940465.000000
901888.000000
870711.000000
883576.000000
870678.000000
910372.000000
900780.000000
886278.000000
905672.000000
695381.000000
877634.000000
862231.000000
892738.000000
703534.000000
865815.000000
896930.000000
843319.000000
895487.000000
853148.000000
898029.000000
917562.000000
912783.000000
873336.000000
929561.000000
859994.000000
882047.000000
667144.000000
862593.000000
911542.000000
876079.000000
868012.000000
875099.000000
909494.000000
891041.000000
885338.000000
896700.000000
905332.000000
843803.000000
892148.000000
885438.000000
909520.000000
866426.000000
922770.000000
869151.000000
920593.000000
901729.000000
915509.000000
931162.000000
931487.000000
886009.000000
874860.000000
915783.000000
914212.000000
934509.000000
879452.000000
893197.000000
868758.000000
878306.000000
888663.000000
888065.000000
899820.000000
897625.000000
910484.000000
888446.000000
895088.000000
655356.000000
866360.000000
906827.000000
894069.000000
899455.000000
893384.000000
893341.000000
882822.000000
897133.000000
929045.000000
890122.000000
911990.000000
896572.000000
914942.000000
882711.000000
868265.000000
905522.000000
897180.000000
914495.000000
924376.000000
935502.000000
918788.000000
692877.000000
929861.000000
687894.000000
942683.000000
910894.000000
887775.000000
905080.000000
899522.000000
885812.000000
919432.000000
892506.000000
907228.000000
909258.000000
886527.000000
710267.000000
910633.000000
895314.000000
872012.000000
913555.000000
690539.000000
898067.000000
885420.000000
874745.000000
863357.000000
925989.000000
850668.000000
882671.000000
855786.000000
897579.000000
886236.000000
879302.000000
916909.000000
890228.000000
917013.000000
878096.000000
889119.000000
906514.000000
907345.000000
897916.000000
875348.000000
904893.000000
892927.000000
899657.000000
886617.000000
873751.000000
886260.000000
899673.000000
872665.000000
893245.000000
934502.000000
878299.000000
907867.000000
918407.000000
896223.000000
909880.000000
904349.000000
914933.000000
921431.000000
920875.000000
890522.000000
923082.000000
897716.000000
881084.000000
899289.000000
884203.000000
886925.000000
883920.000000
896808.000000
865853.000000
917998.000000
696070.000000
849348.000000
702344.000000
899560.000000
902814.000000
885072.000000
879273.000000
895634.000000
893254.000000
869746.000000
925070.000000
898656.000000
672334.000000
904124.000000
893312.000000
928052.000000
902929.000000
932913.000000
890285.000000
916019.000000
911254.000000
913181.000000
875817.000000
903261.000000
914953.000000
902447.000000
894294.000000
900478.000000
903824.000000
895632.000000
880253.000000
885734.000000
895986.000000
910707.000000
905574.000000
856681.000000
877783.000000
878346.000000
916082.000000
902910.000000
894018.000000
880052.000000
896051.000000
902588.000000
891914.000000
910553.000000
920950.000000
887241.000000
890845.000000
910611.000000
896097.000000
901746.000000
897650.000000
915819.000000
892422.000000
867227.000000
888532.000000
874422.000000
876834.000000
894056.000000
899935.000000
899008.000000
880591.000000
911243.000000
895412.000000
875611.000000
898915.000000
883879.000000
874318.000000
882199.000000
873987.000000
915894.000000
884464.000000
895218.000000
686882.000000
712514.000000
882097.000000
907771.000000
912810.000000
866319.000000
887148.000000
894409.000000
882708.000000
904446.000000
899791.000000
891376.000000
914151.000000
888277.000000
930077.000000
898901.000000
889797.000000
896029.000000
867497.000000
892715.000000
896021.000000
928501.000000
705131.000000
914694.000000
663780.000000
892823.000000
886610.000000
901222.000000
699258.000000
742397.000000
869884.000000
907808.000000
692790.000000
873312.000000
711166.000000
934919.000000
885093.000000
904932.000000
897110.000000
865238.000000
905587.000000
897640.000000
881717.000000
858892.000000
945460.000000
922956.000000
870697.000000
927617.000000
923216.000000
888184.000000
919056.000000
912039.000000
905823.000000
884823.000000
872473.000000
912289.000000
898825.000000
901096.000000
894969.000000
905283.000000
898843.000000
934904.000000
898747.000000
863730.000000
728030.000000
936583.000000
907982.000000
923686.000000
868688.000000
888559.000000
910639.000000
883131.000000
884763.000000
862276.000000
875709.000000
893245.000000
900639.000000
897595.000000
910154.000000
908576.000000
870380.000000
852563.000000
866656.000000
884117.000000
873568.000000
699816.000000
907483.000000
920985.000000
910785.000000
868925.000000
886626.000000
890039.000000
718633.000000
911173.000000
914280.000000
908392.000000
894292.000000
706094.000000
899705.000000
873929.000000
894824.000000
895405.000000
861657.000000
698592.000000
887507.000000
692064.000000
904703.000000
909233.000000
903587.000000
883932.000000
942921.000000
886174.000000
883132.000000
888032.000000
696841.000000
897332.000000
896306.000000
895005.000000
927123.000000
684848.000000
901980.000000
893838.000000
894242.000000
884672.000000
879076.000000
886921.000000
858322.000000
923180.000000
859433.000000
894235.000000
904283.000000
872920.000000
879167.000000
686682.000000
893871.000000
893690.000000
885916.000000
883686.000000
898272.000000
723181.000000
888060.000000
871565.000000
900769.000000
901231.000000
898835.000000
880341.000000
894042.000000
881325.000000
893772.000000
861522.000000
881973.000000
882384.000000
911398.000000
908006.000000
881251.000000
888264.000000
892706.000000
884885.000000
904070.000000
916216.000000
892030.000000
852238.000000
916312.000000
875516.000000
874163.000000
871119.000000
944521.000000
878452.000000
867434.000000
916905.000000
897516.000000
921211.000000
905931.000000
877081.000000
883565.000000
881529.000000
874109.000000
888478.000000
878023.000000
881780.000000
882982.000000
882597.000000
919194.000000
892237.000000
910747.000000
892727.000000
886954.000000
879091.000000
904848.000000
887345.000000
906963.000000
867951.000000
895277.000000
873286.000000
869034.000000
885014.000000
885918.000000
864377.000000
928925.000000
923146.000000
887099.000000
885168.000000
910362.000000
899156.000000
922108.000000
919413.000000
862674.000000
901089.000000
875124.000000
863172.000000
866872.000000
911684.000000
882351.000000
876117.000000
915337.000000
920118.000000
887683.000000
882186.000000
882255.000000
891929.000000
887024.000000
885805.000000
909239.000000
866281.000000
879217.000000
708353.000000
900720.000000
677887.000000
853817.000000
872065.000000
857699.000000
902688.000000
903067.000000
920626.000000
901730.000000
912779.000000
877570.000000
894089.000000
878468.000000
867533.000000
893523.000000
894487.000000
913006.000000
728515.000000
891304.000000
886731.000000
703784.000000
927908.000000
885917.000000
895051.000000
895903.000000
901853.000000
913754.000000
935343.000000
885880.000000
711794.000000
902992.000000
878138.000000
919617.000000
885927.000000
891252.000000
870045.000000
908454.000000
874046.000000
911129.000000
883522.000000
858348.000000
876749.000000
909876.000000
741593.000000
897616.000000
894990.000000
902430.000000
872634.000000
862046.000000
866084.000000
877562.000000
713594.000000
918160.000000
877403.000000
896283.000000
925695.000000
908662.000000
932496.000000
877878.000000
906111.000000
890989.000000
912272.000000
888755.000000
912271.000000
887794.000000
888142.000000
888301.000000
938716.000000
906174.000000
905100.000000
890091.000000
889157.000000
895175.000000
904798.000000
921759.000000
690573.000000
916100.000000
899619.000000
893574.000000
867602.000000
913897.000000
884853.000000
889494.000000
895827.000000
914960.000000
869653.000000
914393.000000
875281.000000
901838.000000
884539.000000
919779.000000
