5698.207290
10189.784740
7150.069470
5807.378100
6529.337770
6017.733360
7132.697030
6617.471440
6574.716700
6807.931410
6540.470270
6054.567200
6208.275910
7365.522970
6117.173890
6834.665860
6473.978530
7280.855130
5685.984740
6701.068830
6380.493510
5006.322510
5983.942030
6060.381290
3779.242170
6506.816480
5319.257650
7107.833120
5940.218770
6767.637920
6671.335200
4333.402440
7026.252740
5895.576520
6652.060730
7126.140660
6695.258160
6215.630230
6473.844460
3777.715130
11196.327610
7194.400090
6170.310370
6730.010260
6988.470460
4362.541610
6726.158320
6637.169790
4990.908560
6154.740130
6436.997020
6427.854960
6869.075420
7995.514760
7077.764380
6509.569060
5708.999970
4952.211160
7917.709300
5964.681100
7916.250140
5576.545470
8522.242050
7684.291250
6997.008490
6144.326660
6634.095070
8275.615240
8349.869560
6933.357620
4702.741560
8178.914100
7541.555330
6800.082050
7888.792630
6956.029710
6806.060810
9167.672350
8774.404500
6941.416990
6667.889110
2352.610520
7815.406970
6926.735880
8759.243080
1876.557860
8569.447360
6753.199980
8067.222510
1958.271150
7793.577330
7472.358730
3532.222540
6006.508140
5899.131210
6452.472940
7276.880720
5605.170190
6692.049270
6106.760070
5975.780550
6272.558040
5777.897540
6726.934300
5768.847820
6870.907910
5255.177300
5456.809150
5415.052480
6600.013770
5721.934480
12264.295570
7021.205510
5346.678830
6784.301060
4749.104670
6172.331610
6064.620280
4902.122950
6600.374320
5788.551520
5316.035550
6775.480340
5749.125630
5881.608010
6066.966140
6236.047520
6750.849130
4946.753900
8246.015990
5831.794450
7407.496480
4303.448110
7357.847860
5698.712250
6275.565050
6363.518970
7894.439770
4219.573240
6116.253850
7811.367850
4239.452200
6234.276500
5562.211800
7354.217560
6331.084380
5584.235370
5101.812570
7769.834850
4864.470810
6306.338200
7509.248300
6816.288740
7207.747930
5021.686740
6787.178980
5774.156370
7256.625660
4888.099740
6186.973650
5827.762320
5638.239070
5946.199080
5964.216890
9677.227400
2649.419380
6149.521500
10964.548490
6580.395510
7969.997550
7323.713350
7281.947270
8090.410930
8382.937650
7905.662330
7384.812680
8411.082580
6848.946470
6644.020660
7519.931670
8047.787850
8065.272290
8441.515720
7671.313150
7189.662970
7904.102040
7474.171310
7591.114420
8178.427710
7977.042540
7078.163170
5674.740840
8260.462850
8275.930790
7624.366700
5605.862770
5056.204100
7220.868310
8323.838070
8596.586270
7951.127400
6180.889420
6928.759910
8098.680420
8529.587140
7627.100720
7752.255640
7993.658300
7413.754580
8258.439350
7038.082450
7482.496340
7506.654630
8172.135220
7657.861510
7475.144190
7871.844840
7575.956990
6971.034050
7311.833930
7850.035380
8626.070640
7204.432020
7383.854270
7638.231750
8177.130040
7151.493670
8081.576800
8074.502190
8035.896630
7283.718750
3346.487730
7077.368650
5785.027840
7504.945000
5353.341620
5960.890910
6123.392610
5810.977900
6396.709630
6543.801740
6687.557550
6675.822000
6309.900270
5732.434610
7680.397310
6823.640830
5108.434760
6714.912150
5862.532630
6454.943060
6019.319390
6914.149620
7435.216380
4088.039750
6596.811150
5483.018500
5586.171630
5930.166190
7999.843070
5277.158050
6155.210620
6082.131480
8312.561520
6777.203030
8282.671470
3412.458560
6552.866870
7142.508350
8373.913010
6495.391410
6291.526030
6586.462810
8129.386260
7162.324630
5128.977750
5901.866930
7369.901900
8634.075690
5402.735250
8328.062700
5932.394940
6052.151500
6265.395710
8752.199240
7192.248200
7669.318810
5540.772370
7672.011960
4119.593880
6563.041700
7539.713060
7926.600490
4959.214490
6025.982540
5254.725510
8753.070130
5380.515240
7345.240270
6293.799290
7107.235350
7345.157040
7625.475870
7908.286210
8484.854520
6454.339180
7214.721510
8537.994290
6103.710390
6353.999880
5650.657870
7425.241900
4718.455870
5840.589180
8479.605690
4952.019380
6610.212230
7055.611130
4394.272440
9381.928530
3913.031190
8603.457670
6019.428600
9023.653010
5808.902690
5975.458800
7293.530980
5315.842630
8291.290390
6798.571850
4199.081850
9764.082830
5071.635780
8606.849110
5768.870120
5609.305440
9045.749850
4200.907060
8022.178640
6301.104190
7466.225990
8177.009300
5255.407190
9021.987720
7994.771750
6809.662730
8448.972420
6420.276730
6083.567900
6070.290760
6490.104790
7513.968920
7047.818470
7482.441680
7906.642730
5763.700640
5963.884260
5807.316420
6522.327040
6189.306310
4190.582410
6031.006270
9054.758770
4609.744780
6590.120560
8457.521840
4030.842340
7100.072950
5515.208780
9280.310080
6225.665310
5087.645890
9251.222060
6458.604960
5117.543780
8265.550260
6016.317440
3797.989230
6520.310980
8339.688730
7784.710100
5197.947610
7913.213170
7537.115610
3825.552720
7484.329500
5925.754000
6193.215090
4376.279130
7058.620580
6456.833240
8119.185070
4950.352540
7435.473640
4650.052890
8468.534630
6071.304180
7084.068370
6538.413640
6873.528880
7194.394330
6321.258370
3511.004770
8040.144230
4236.055900
7955.836940
4717.865850
5985.267520
7372.427960
5338.291350
7316.549370
5412.730550
6614.321640
4782.026970
4220.809120
6808.170360
8468.824190
8665.659500
7038.159400
2455.226260
7089.422920
8457.264600
6134.023360
6368.374560
4021.863350
5850.817990
5946.191970
8348.406500
7775.370030
3856.700340
5747.151440
6916.747790
6663.090260
8250.218970
5405.870020
5843.137230
6347.085470
4805.866740
7164.317460
8779.056470
3168.203250
5348.446560
8879.718310
4823.674350
6372.340760
6472.199240
6681.340540
7315.068140
5276.300870
6000.731750
5984.414410
3022.181390
5435.742470
7725.081650
6782.089860
5364.093470
5641.886780
7141.638930
6631.056660
8276.600750
5780.860660
4158.892950
5609.133650
5774.533270
7148.273040
4274.650980
5804.943520
6815.627670
7386.177790
7557.352730
6170.852850
5083.676820
7707.242870
7696.730680
3954.854790
7068.341570
5208.226780
5000.849790
6618.101130
7666.974870
7056.572930
7768.895720
5345.532900
4589.109320
5909.052780
6107.273400
6043.525600
6267.775790
5392.325210
6743.150860
6971.341950
5966.706980
4898.966220
7401.245500
5995.439440
5514.862050
5466.276280
6614.968310
6079.558640
6421.174900
6579.618410
6233.272000
6337.166750
6824.012080
6977.939190
6756.999430
6305.903650
6139.507070
6888.576600
6970.080190
5881.334410
6256.931620
5650.247600
6476.749880
7674.757020
5761.005650
7157.849770
6008.563360
6376.242470
8568.561840
6367.724770
5576.669370
6170.663750
6389.935120
6234.320230
5278.868440
8545.549770
7208.430730
6345.746830
5886.455930
5291.021020
5310.534180
6378.464850
7032.968070
4939.065370
5165.948040
8177.723640
6147.431180
5222.578440
6162.020060
5970.905210
5222.929910
7343.572830
7799.471600
6201.194580
5261.176480
6254.287050
5408.932650
3879.668250
8692.589940
7701.000140
7522.285770
7616.043420
6640.434940
5621.696520
8488.064630
9607.646530
4062.724250
5527.539160
8359.345430
8676.103400
4527.366620
2687.634710
5567.546690
5000.054590
6513.104550
6315.794040
8300.313460
6321.113740
4841.041500
5713.778710
8269.028280
6696.438220
5263.357780
7280.530580
5519.942440
4504.013500
6108.458900
7056.007590
5699.015400
8180.220960
6718.149380
3977.515570
7452.806580
7523.165330
8134.827210
8994.516680
6687.113880
3836.373410
9650.055570
5203.009250
4935.536550
8738.350740
7287.659160
3477.460990
3565.183650
6254.353790
6000.702870
6261.786120
5494.243590
9410.508910
6429.062170
6816.851220
5917.103230
7405.166550
6315.730560
4890.573680
5346.340940
9099.591750
5976.764730
4111.406930
5870.918760
6003.358650
6930.182730
6866.745420
5854.754070
6053.824000
7996.201470
3841.287170
4205.469710
4969.161170
4685.817330
3960.701970
3957.040480
4617.555510
4442.879430
4271.041650
4251.807380
4984.109070
2844.913550
3720.507740
4201.607640
5176.019280
3678.187800
4589.835230
2053.861400
4220.478550
4593.314730
4581.077430
3536.727310
4872.351080
5066.031610
2719.315470
4553.025020
2337.656380
4911.525300
4355.266530
3786.049330
4864.978120
4538.114100
4052.828350
4049.907980
4021.817720
3656.125630
3604.185130
4908.187870
3613.103150
4572.536310
4428.730180
4576.058220
3252.938650
4696.014070
5349.638250
4445.287790
4993.679740
3998.480190
4702.802870
4367.257630
3463.769350
3616.172860
3661.337970
4820.429310
4671.745070
5772.097240
3928.770750
3417.094680
3952.458870
4630.547900
4443.402400
3860.935400
4572.233040
3854.118990
2475.503430
3540.260060
4605.250710
4320.216600
4261.067930
3001.300920
4474.283290
3909.123890
3175.365530
3388.982100
4558.798280
4702.724210
5161.818910
3718.434520
3884.643380
4672.797860
3101.851550
4597.349890
4663.978990
5248.009790
5158.620080
3982.165160
3637.283670
4177.488740
3936.646600
4310.823650
3831.375940
4393.399630
4554.929450
3947.853990
2952.906800
4902.525740
5896.522850
6049.963430
5097.084310
6268.846730
3465.449270
6295.932570
5393.620380
6314.708110
6474.035310
6285.037440
6300.670690
5609.851750
5512.847540
4956.459650
5439.320060
5179.954070
6321.369030
6418.428170
5696.497520
5295.120070
5595.204750
5157.057240
6057.422890
5977.955450
5516.043820
5286.059940
6420.999380
5142.063820
5141.768940
4877.287580
5800.080970
5708.325570
5205.505750
6490.255240
5434.547050
6244.426530
6302.616690
5864.629980
3555.854650
5786.322250
5042.847060
4381.003540
6136.741510
6181.263590
5868.805740
6140.918730
5242.359690
5654.231170
5836.865560
5075.987720
3744.332010
6139.915500
5820.579220
4908.907380
6057.555320
5150.749280
5631.379230
2750.483100
4304.425970
5691.355910
5000.713790
6040.173750
4129.536300
4632.930430
4400.501150
5695.599800
6172.643520
5876.272750
4678.922850
4124.800800
6375.479830
3711.712240
6797.259550
6936.607440
4947.942000
5876.730490
4519.657010
6684.545320
5440.023440
6630.602020
6781.988810
6016.600120
6098.930480
5079.685390
5663.838200
4829.500390
5116.021160
4849.498720
7301.121110
4893.832180
5089.099330
5665.745230
5440.776980
3860.794520
5450.639790
5822.010700
5083.280390
5310.942040
5722.594870
5397.360700
4880.533480
5992.040670
6050.384770
5997.819090
5316.885410
5360.012070
4893.197170
3730.889140
5185.967300
6222.773870
7010.539930
6437.111610
5539.215550
6220.768430
6050.551660
5278.099220
5460.375250
5958.550920
5661.942890
5889.775250
5560.820650
6457.675840
7226.635130
6077.300950
5167.510980
5286.521280
5997.558110
5042.685390
4845.483140
6362.778030
5910.396850
4500.403080
4573.153420
5869.964610
4989.600340
6508.050690
5859.242360
5818.856520
5882.253980
4947.776150
6683.677070
5568.173500
4605.323990
6689.164410
5547.160600
6906.272180
4108.085100
4947.089890
3452.917270
4480.646790
5611.384250
4041.834490
4333.246940
1976.946920
4397.277610
3767.369250
2625.343170
4679.684230
4338.438570
3364.514610
4282.656980
5154.088680
4929.354370
5030.952980
4598.669440
3613.487700
5073.314110
4525.422120
3585.617690
3890.424450
3389.792100
3656.061680
4184.184420
3446.536110
3762.967750
4150.545350
5292.003610
3998.736750
3530.167870
3955.167430
4640.785350
4952.998600
4362.080960
5148.605660
5131.515520
4393.136660
3726.847000
4763.204890
4530.860000
4419.098080
5161.477150
4719.210410
4912.338280
4798.745350
3935.029000
4155.611040
4010.035320
5308.193680
4637.093940
3943.216970
4813.256060
4051.076240
4410.123650
4074.536910
4177.676520
4931.101930
4161.478710
3998.454840
3598.232640
4398.237460
4700.787970
4779.537320
4230.894900
4248.624790
4648.201010
5201.289200
4176.456240
4263.338920
4392.937580
4375.623430
4292.603310
3936.329760
4715.479560
4294.833070
4641.423990
4639.264430
4294.607400
3816.035460
5028.044680
3174.420510
4432.936200
3634.226220
4537.627500
4199.378480
4572.866700
4078.568510
3659.939640
5070.488410
3862.756670
5255.310710
4888.679220
4453.704210
4444.334260
3596.309520
4696.976720
3917.887300
4511.948420
4671.929870
2576.434300
4576.729090
3867.854290
4311.405070
4431.151740
4008.790800
4531.418690
3707.774390
4522.314910
5097.633360
4004.300040
4437.897700
3867.648690
4208.550900
4022.792240
3540.070830
4425.848070
4154.447010
5192.574710
4404.590930
3871.236040
4772.888700
4991.364250
4152.700770
4128.986770
4688.155600
3771.088320
4071.481640
3358.706520
3939.406600
5331.318970
4259.065830
3426.691250
3621.069450
3884.061830
4610.367280
3639.606210
3125.622270
4805.133290
4046.135800
4092.796080
3640.311970
3165.285550
3589.486000
4021.463400
3549.457910
5139.018920
4631.472280
4114.955180
4251.521250
4890.014590
5296.927610
4971.497900
4745.097640
4428.338300
4609.301360
3873.075420
3899.939330
4863.873800
3848.970820
4336.716400
3988.330010
4681.116120
4592.494360
5168.441490
4673.144820
4259.105910
4031.470200
5529.184550
5668.482130
3668.950930
4642.842930
4880.380150
5463.850580
4419.163850
4657.897000
4942.962540
4643.757560
4309.683360
3624.444100
4217.557260
5279.419630
5056.326730
4744.235700
5204.702720
4993.751170
4064.542230
5722.955470
4804.028540
4914.252640
5494.410650
3418.514580
4457.466560
3333.846920
4167.105040
4091.926630
4587.065590
4005.534620
4129.156530
4998.960070
3672.964590
3765.886100
3807.756210
4614.324300
4113.247580
4462.548480
4430.906930
4012.435240
4364.346290
4606.949940
4210.105600
4596.010200
4273.991500
3934.442960
4287.923490
4839.292820
4113.726800
4337.150760
4416.809580
4211.515520
4027.829640
4759.833930
4425.747800
4300.515970
3814.809660
4061.312930
4262.002610
4386.987390
4578.384900
4669.476120
4743.862290
4372.770150
4290.215530
4018.136360
5090.511590
3678.317510
4688.519200
3847.515100
4600.295250
3114.998720
5125.107390
3976.020610
3702.047560
3807.230530
3591.614480
5166.820570
5504.146920
3672.249960
4479.290920
3868.370950
4963.851570
3970.918630
4862.267540
5759.678630
5537.373270
3107.740200
4809.959780
5082.529670
4828.748030
5078.067730
4465.238780
3225.517610
4323.172840
3903.192020
2703.669570
5432.262770
3831.382200
5433.584140
4638.840850
4313.018200
4668.124680
4637.143170
4479.065290
4049.270810
5245.614580
2845.774900
3025.538830
4600.337540
4628.732580
3688.866810
3576.599270
4534.847220
4606.875230
4139.897680
3712.721050
4288.262230
5364.377300
3405.423950
3632.142310
3718.118130
4914.631880
4772.591800
1805.660220
3712.296340
2699.610400
4278.867550
3691.668590
5367.069080
3679.509380
3896.551300
4461.337530
3965.453660
4283.407960
4309.564340
5095.575920
3962.118090
3541.697090
5661.743490
4875.023430
4088.520030
4941.007330
5022.961940
3899.313020
4610.496620
4407.488730
4334.292420
5239.690060
4903.741850
3694.348850
5775.048950
4927.464710
4259.373460
4999.108420
4590.818890
4618.632350
5763.489100
4687.271180
4315.991500
5358.903170
5131.388740
3821.272320
3917.437800
5137.061000
4868.713670
4598.627620
4149.681160
4655.064810
3483.969460
2782.502460
4279.183650
5528.805470
5020.336740
4657.789030
3461.861000
5040.608430
4654.725500
4032.541910
5451.598850
4703.228140
4499.841590
4001.536690
5072.865350
4586.768200
4795.495030
4516.232920
3895.770560
4771.935240
4705.765170
5536.422990
2455.735160
5016.982070
4049.425280
4575.362180
4660.824890
4762.977760
3120.947910
2418.052160
4878.403930
2984.072470
5389.090090
5445.081310
5381.521050
4697.524000
4430.782410
4137.448460
5030.554370
4229.308220
4845.400070
4918.117240
3935.611370
3578.064270
4022.797330
2529.594420
4447.462660
4736.727980
4282.190300
5449.592680
3862.254220
4465.103060
5073.710290
4721.814710
4347.686090
5079.647180
3837.633100
3297.335280
5291.699890
4662.369530
4933.734340
5187.093750
3351.480900
4244.284400
3821.517300
4817.861770
5541.403990
5500.701310
4849.141690
3274.506830
4734.197700
4279.192750
4478.201460
5000.115990
5514.151050
4547.583840
4950.852750
3678.241630
4637.517040
5289.515910
4432.862030
4152.217440
4846.026350
4271.148380
5101.774740
4803.929870
4909.328710
5246.148340
3979.346350
5538.452330
6296.003560
5104.776760
5570.239300
2133.633280
5986.590640
5048.103790
4509.244710
5105.898870
4163.415330
5309.006140
3952.584210
5649.920280
6157.584930
3920.619680
5615.857210
5230.327370
4194.246640
5422.944080
5926.036950
6179.812310
5379.530240
5214.363470
6137.417670
5021.527400
4478.921620
5133.152180
3745.689390
5609.485550
4638.157140
5521.479560
5630.257620
4920.577270
6224.426710
3553.144010
3761.939720
3084.270240
5418.999250
3215.848100
2791.090380
3619.918680
5223.140460
5139.111110
3542.724490
5422.537180
4580.843980
4859.611690
4696.619000
5428.263750
2579.985730
3591.044980
4640.380510
4768.310930
2428.696120
4623.073130
4098.821020
4522.391440
4782.624390
2980.857040
6507.938560
5127.904490
4304.875150
5648.036840
5821.547800
5419.719580
6672.078280
5406.264490
5747.488550
4631.076560
6425.508420
4012.287690
4042.805780
5118.919670
5266.463010
6508.466010
4035.812730
3404.365080
4916.710050
3294.602640
4445.329140
5384.437040
3472.303170
3469.125390
3170.995840
5941.436280
3740.792050
4516.310070
4767.562740
3246.344570
3769.648800
3318.030460
3546.972100
5610.909390
5672.027960
5035.114850
4811.553260
4765.793210
3978.291050
5238.160100
5659.561240
3555.235690
5490.734380
4560.732910
4179.434200
5034.210240
6137.918270
6385.587490
5129.710520
4766.397930
2875.514040
5790.356590
4995.226600
6438.913490
6142.440680
3950.261980
5780.607810
5269.270210
5604.335980
5232.671040
6242.094440
5999.329490
4547.659350
4319.821230
5641.757450
4932.015440
6220.995640
4745.522610
4005.281290
3346.306460
3505.942600
4784.823290
3982.652130
5860.124390
5499.470120
5080.117160
4771.156530
3473.607390
5503.093350
3454.722410
3945.070680
5061.835720
4405.093900
4162.985420
3184.305450
5298.733660
6151.316040
5440.995750
3708.474930
5455.471080
3914.269870
5525.528350
5853.252990
4657.896340
5600.121180
4518.546880
3908.879040
6222.989660
5242.771050
6076.073370
5113.383010
6424.618140
4723.273040
3569.201820
6253.936060
5743.937120
4244.148340
5111.061500
5288.271970
4502.512650
4035.478270
3232.028220
5561.939880
6163.970050
4218.934170
4102.501330
3142.367290
4826.237400
4497.275090
4342.459900
4817.514570
3708.307380
4159.950480
4900.711620
5470.173060
5373.858370
5721.620640
4675.910760
5104.356800
3965.523440
4567.508200
4103.947960
4702.225810
4135.610910
3710.364480
3697.896580
4350.053130
4163.224830
3957.058720
4526.103930
5020.379380
3833.550850
3046.810220
3332.615450
3659.427730
4007.455920
3503.738380
3162.800630
3576.838800
3901.568010
3254.188900
2240.585550
2702.145780
4576.256430
3902.649100
3960.254910
2339.475830
4056.683570
3789.569650
4464.932790
4037.730020
3271.278380
2869.148650
3284.215830
2792.512570
4150.798680
2868.964270
3543.564870
2966.531040
3954.962750
4316.161400
2951.663310
3592.619940
5151.471340
3532.749570
3601.756850
2812.786130
2850.252420
3274.621780
3595.200740
2862.674760
3846.765530
2730.821280
3483.460980
3029.704720
2034.032950
3611.463170
2598.138080
3283.333940
3066.841760
1819.897610
3020.635650
1404.748160
3496.945530
3248.557820
2333.735410
2259.676330
4969.340930
2392.567570
1911.689190
3401.507780
2767.364030
3948.754390
4104.920250
2463.848590
3563.566430
3468.570110
3274.319110
2882.412410
2839.863790
2844.660540
2944.225440
3887.307300
4028.490020
2591.775810
2811.956060
3905.753400
4016.063050
3798.501210
4885.813190
4683.482420
5417.843180
5260.308560
6296.828450
4780.997050
4906.799880
5890.140580
5892.331400
5367.781740
4969.454200
5711.568910
5822.757670
4871.351570
3971.335640
4572.472110
3706.113990
5795.158090
4805.547480
5856.496080
3813.026650
4540.437710
5350.431100
4207.362310
3549.889320
3929.032920
4482.148000
2920.952000
4259.067700
5351.824490
5255.293740
5571.281780
5315.219000
5125.627980
5783.743600
3469.555740
4951.137290
5035.421850
3667.488400
5713.539500
5651.887560
5937.441100
6117.767600
5507.722320
4858.448500
3365.711460
2899.928300
5069.134500
5769.366730
4578.904980
4551.899690
4748.758900
4873.788240
5114.973650
4996.253080
4227.961600
5258.057140
5010.884860
3758.451550
4830.665360
3570.721770
5465.103920
5301.396100
3935.266640
4590.355610
4174.719000
4259.347720
2024.929910
3171.410780
2589.695690
3805.489260
3932.775890
3832.082810
3469.688930
4156.445950
4006.846320
3071.109060
3235.382270
4556.897810
2281.830940
3786.916670
4654.117300
4008.024150
4385.376220
5319.117580
3221.472280
4514.588650
3000.430840
4808.849130
4578.331180
4544.125290
4134.340120
2898.057840
4101.930140
4742.332740
5202.921830
3691.618900
4232.915340
4423.189180
4438.666030
4622.560630
5438.881610
5209.412240
5139.990930
4247.848310
4982.866460
3388.894410
3872.281290
3369.548380
3632.872740
4600.813500
3866.296270
5367.393940
5350.340550
3764.043640
4095.395850
4318.956650
4063.607410
4322.929990
5700.417450
5155.523840
3811.865750
5795.666760
5327.227740
5729.815700
5030.742770
3363.564240
3868.681270
5316.361790
1760.816890
3256.105780
2831.438040
5140.091200
3759.663710
4353.872110
3931.999680
4069.135620
4658.719950
4679.705110
3516.900840
4779.758170
4373.315200
4928.935510
5016.245060
4759.716630
5621.699130
5278.851230
5828.776990
6443.464500
4377.843800
4391.418890
5950.342020
5652.797010
4400.602130
4274.620570
4756.273820
4770.712600
5052.532040
6192.952980
4250.544190
5785.190500
5124.827160
3406.108040
4979.640230
3934.326690
3769.224650
4670.121510
3986.875020
2952.522370
3640.402100
4504.073340
5745.007600
4620.614630
4894.048950
4489.633860
3798.407130
4401.028790
3925.113930
6250.857870
4972.958330
5839.845810
4628.397450
5501.655540
5832.339860
5485.376980
5520.386560
4683.130990
4736.857580
3911.473700
4154.420460
5283.201870
5250.336730
4842.249030
6083.097950
5922.717620
4619.446110
5756.010880
3697.666380
4457.746530
4141.882340
4038.214430
4887.163390
4969.139310
5161.034630
5009.727640
6170.975780
5231.182600
4896.849000
3894.581580
4895.786630
3885.747680
4499.833770
4156.897020
5035.150370
4913.547820
5396.367900
5474.602860
5675.264250
5649.771920
5526.042270
5610.416240
5584.838500
5190.187190
5721.465020
5634.491420
5689.392030
5703.944200
5506.743740
5510.484410
5478.157210
5020.204970
5603.051160
5790.487910
4866.607680
4770.182600
5442.585550
5627.707710
5687.765860
5528.415260
5880.187290
5841.840580
5493.485100
5658.689560
5379.003290
5617.956980
5501.514940
5534.703990
5602.357900
5423.532790
5563.849270
5571.134400
4886.100280
5473.693520
5537.577270
5293.231350
5625.764580
5547.880480
5567.810470
5458.889250
5426.761260
5546.450740
4226.163570
5653.136270
5502.479030
5651.348680
5427.274500
5575.037170
4977.727520
5169.660870
5557.815490
5502.032070
5593.625660
5586.528590
5511.817860
6177.762840
6175.853330
5276.809240
5180.714320
5513.526320
5364.370370
5464.091830
5720.011110
5679.852020
5668.313240
5532.937260
5756.422780
5450.584900
5558.719150
6576.259480
4944.052450
5155.385870
4827.443250
5136.189440
6666.275960
5295.419640
5563.617840
5472.957350
5405.983980
5518.188950
4779.653610
5597.100840
6327.474960
5704.376830
4572.661090
5420.407090
4251.813900
5596.505290
5400.180730
5568.947120
5069.899790
4150.005360
5559.452140
5536.828550
5806.701480
4429.797020
5654.346450
3662.756630
5408.462430
3493.076530
5662.168450
5249.301630
5618.412730
5744.424460
5393.869700
5480.477820
5232.424840
5458.668880
5534.162240
5464.845780
5558.631920
5142.930050
5256.098710
5540.222420
5694.350890
5349.087730
5530.948050
5246.584600
6563.349630
5556.786040
5585.956780
5446.737690
5482.827740
5676.697550
5441.341890
5639.916600
5480.996290
5650.519120
5328.130440
5710.832930
5314.233850
5453.546980
5711.523190
5579.021020
5360.077840
4854.894600
5680.437350
5590.658980
5438.427700
5646.543530
5679.758640
5517.111330
4672.035500
5292.764860
6748.961260
4945.217650
5571.028520
5696.838780
5348.947010
5414.271960
5412.697290
5031.670470
5465.139030
5166.706510
5676.296170
5185.387460
5346.469660
5007.843540
5718.626690
4933.446680
5776.868840
4322.316890
5405.678850
5450.273690
5534.059200
5591.617260
5308.075020
5202.695200
6070.566930
5287.189750
5362.636940
4826.542580
4589.464080
4967.468940
5887.151210
4670.069440
5576.474110
5396.904210
5087.119450
5350.131270
5504.375820
5288.670890
5542.389150
5344.213130
5357.133010
4228.197890
5374.123950
5269.248130
5119.146220
5252.292420
5265.449100
5257.149460
5669.135050
5167.999730
5169.005300
5155.754380
5485.499110
4994.958540
4965.174740
5339.326940
5615.378180
4977.796680
5107.834490
5121.843470
5023.312530
6032.761160
4975.641660
5499.750500
5810.994470
5033.547850
5427.707200
5000.576400
4544.507640
5324.202810
5619.307110
4559.814530
4954.916740
4691.874970
5389.399890
5138.773680
4602.570510
6066.463530
3600.124030
4139.060110
4292.594230
3549.688920
3552.361300
6640.381660
5938.799120
5962.715080
4333.141350
5780.089900
5347.250400
5438.720080
6072.364380
4821.505500
5081.947220
4912.440980
3101.292580
5654.809040
4442.822730
4536.454170
5171.143750
4735.860340
4008.218290
3175.252330
3360.233680
4640.271660
4845.150910
4368.510390
4421.943540
4391.578090
4663.728800
4588.627980
5089.100580
5125.079050
4402.708500
4633.350420
4882.386240
4997.087090
4182.046520
4582.660580
4788.309390
4879.228670
5057.221030
5482.732040
5043.832180
5144.632440
4539.748960
4698.621510
4584.116600
4645.525780
4589.286990
4297.651670
5256.443670
4615.977360
4510.187540
4727.303100
4652.509290
5800.062040
5179.583780
5218.169310
4823.144190
4876.151360
5307.454860
4594.822510
4886.121590
5192.536940
5334.111220
4675.559150
4865.346600
5444.841410
5337.970740
5170.261340
4803.358300
5363.378340
4899.663240
4999.937270
5106.188100
5131.521190
4753.043690
5096.402450
5249.322220
5142.271530
4585.078020
5263.119420
4689.242550
4621.549170
4963.945050
6485.568000
4639.109080
5336.881220
5008.974550
4804.678800
4634.832030
4479.652810
4911.543930
4903.695860
4760.921860
4862.020850
5251.271620
4615.041220
4655.026530
4780.053730
5099.833240
4471.860920
4025.056850
5220.572100
3899.666730
4829.132490
4806.229100
4598.336210
4721.293090
4663.480800
4163.224850
4496.639310
4573.901340
4223.927260
5187.904660
5204.255570
4998.679400
4326.296260
4818.984910
4863.745930
5425.084210
4767.871970
4980.726760
5200.256670
5304.971960
4921.464190
5004.506460
5424.165130
5290.123090
4905.637290
5173.837110
5391.061740
4738.524000
4920.504800
5049.863570
4813.314950
5029.195050
4772.353890
5279.182430
4983.435860
5313.129690
5819.900570
5188.978360
5338.058800
5049.654630
3664.556840
5366.792120
5541.785120
5385.499040
5410.718070
5197.804300
5266.465650
5325.650960
5514.605850
4597.261650
4676.121030
5133.698790
6677.768400
6754.775400
6297.177790
7630.398130
4077.412230
5735.480260
5033.639690
6979.275040
6379.736030
5266.293850
7374.428530
6518.406860
6787.473550
7154.299000
5617.478360
5615.400690
5419.013420
6427.974110
6026.183440
4270.498440
3343.564680
5872.831730
3966.235470
7459.004970
6016.774990
6525.963240
4009.481070
7379.499860
6060.578750
5123.268400
5080.125730
6024.061340
5054.562080
5904.640180
5756.731640
6437.213110
6827.979610
4575.051040
3926.541910
5970.741650
6347.894340
7801.028440
5835.867760
5872.529300
6533.116210
3776.423400
4349.832650
6687.791080
6118.490630
5948.277030
5115.287320
4101.985700
7304.469540
4454.303140
6851.331200
5901.291260
6831.205270
4218.989610
5636.307230
6982.117850
4151.970110
4712.046870
8655.786820
9573.704010
10457.522610
10047.242590
7424.141070
9684.073680
9274.306670
6780.415130
7153.417530
7060.462110
7595.891630
8017.220130
7127.510580
7167.041180
6824.920870
7185.190960
6681.172160
7624.587420
6328.403480
8163.990420
6995.915940
7577.775390
7650.770340
7951.044610
7539.352800
8002.607580
7543.263550
7791.457610
6850.604940
7080.607890
5861.045070
7212.772610
5034.102810
7810.721630
7537.596390
8075.427020
7066.390940
8248.599700
7023.470240
8541.404220
3707.919140
7830.878890
7825.054820
8089.100220
7627.379570
7891.718790
7910.375970
7584.788030
7642.555720
7738.117260
6810.688260
7805.743030
7397.752040
6875.791830
6709.935700
7672.221570
7890.570380
6977.614320
7597.153910
7421.962410
7137.115330
7901.173350
6859.345670
8258.729480
6828.940370
7943.237160
7219.691620
5841.081800
7821.621790
7248.022930
7035.460340
6579.742870
6746.991500
6734.119060
6178.428370
7677.136230
7492.569670
7592.117920
6160.647240
7004.132240
6644.189000
5818.220770
6680.589470
6979.988130
5735.745080
4640.050280
4634.099260
6910.224970
5468.705750
5575.626470
7219.362110
6551.779830
7453.429050
6419.939950
7262.859690
6082.091070
5921.180830
6676.559260
7402.377200
6806.153950
5517.778810
7660.667420
5706.512600
2708.573270
6848.166550
846.916920
6192.261260
8184.167830
5538.180990
4109.079360
4848.373550
6640.958250
6301.993340
8311.123420
7124.866760
6550.111540
4998.018770
6100.070200
7412.614630
4926.777590
5826.946910
6480.581320
7791.161210
6537.478170
4679.350060
5355.881740
5960.344040
5749.275490
5083.711130
7426.479310
7397.619020
5912.712360
5551.504640
5947.522830
7457.615520
7339.658110
5805.706870
8713.425560
8462.583170
8893.734830
7919.630250
8593.540260
8695.757330
8952.397180
8999.887500
8267.537510
8537.522410
8205.969840
8252.527340
7651.548480
7965.747290
8002.240630
8647.526800
8847.991500
8724.100320
8404.773910
8534.425740
8679.802100
8651.080300
8225.206150
8394.895900
8528.420960
8554.502880
8811.349020
8579.456490
8599.191680
8683.759200
8444.876070
8630.920270
5231.835720
3601.948650
4612.386560
5084.788850
4825.672580
3671.779620
4413.695700
6927.495200
3881.701070
6075.525760
4832.133660
6236.314050
7381.431530
6760.408470
6232.000290
3267.135160
4021.663060
3418.998070
5115.495140
5734.885010
5806.673280
6694.715340
6496.755950
6042.152340
6541.162510
6053.606420
6458.221010
5574.018590
6663.448360
4426.828910
6139.132250
5743.647650
2478.681750
3578.121410
6668.649400
5824.376330
7287.596560
7781.265990
5153.752110
4940.026860
6585.871900
4812.491160
6395.715970
5358.210930
4840.523520
6621.424250
7346.820070
6620.158730
5889.644360
6326.200750
8120.745390
3710.858800
5215.879770
6503.123210
3029.728390
3764.385470
2940.631980
4152.885200
3697.422400
3588.474850
2807.157470
3558.162020
1029.505440
1421.684520
1392.386320
1820.033100
2879.533780
3935.216250
3043.102540
3948.037580
4337.074090
3708.954320
2970.214140
5016.297630
6914.491970
5064.873760
4869.799460
5211.015950
4998.753590
4887.297300
4794.919030
3651.292640
5287.428830
5325.692380
5161.194680
5433.195570
5314.492370
5707.801880
5068.193790
5109.796570
5158.613700
4696.729490
4672.201430
5355.217940
5297.686390
5078.494820
4941.473120
5145.225390
5145.715740
5144.959630
5471.961170
5353.262890
5168.970310
5262.950700
5330.911210
5188.155390
5164.730930
5413.450290
4769.383350
4901.984520
4587.704170
5115.612440
5430.086800
5395.247770
5319.849000
5088.681320
5246.201560
5492.713420
5479.075380
5282.274450
5454.134390
5439.805620
5440.773570
5172.316750
5395.223790
5255.305540
5082.372300
5174.651700
5563.270130
5326.577480
5396.723230
5303.701320
5507.603870
5315.832840
5385.477820
5278.274100
5515.352150
4772.110630
6844.433370
5270.315710
5335.822250
5014.041630
4263.871350
5260.206040
5257.592970
5265.640020
4882.821900
5519.531860
5399.418540
5377.208040
5589.255230
5386.559380
5139.665920
5069.629490
5469.340410
5353.327600
3997.787710
5303.868200
5429.204780
5408.606750
5070.923420
5414.274720
5319.353360
4865.730550
5360.798380
5486.489780
5199.507590
5438.545760
5262.916830
4821.881340
5192.456200
4520.961840
4844.690940
3744.160930
4432.312920
4035.471970
4988.375130
5409.922370
5253.349500
4471.547440
4074.705150
4330.941270
5935.102040
4967.621280
5499.538190
4561.163730
4123.184460
4322.295640
4576.827480
5020.140570
6130.839400
4320.568030
4524.547380
5526.603900
3899.852610
6498.611800
4316.327980
4255.521030
5519.859420
4966.079810
4299.451080
4525.835010
3832.184220
3435.522030
4569.395900
5016.966060
4019.901830
5412.781360
4365.876580
4685.729730
5212.355550
3885.771550
3704.467920
4555.083620
4199.666550
4334.819970
4727.619630
3370.603560
3971.255840
5118.887240
4639.084560
4654.137350
5323.554090
5323.054470
5363.488470
4536.568890
5468.163640
5387.689910
4500.803520
4885.457890
5098.374070
4877.808560
5044.107670
5109.977530
4955.360250
5341.278960
4741.732890
5150.377330
5429.950930
5381.195950
6355.050900
5180.464930
5460.408790
5280.232070
5182.529980
5163.250990
4887.928900
4905.828330
5262.789570
5337.455080
5330.287330
4603.581840
5035.099440
4988.462130
4746.064660
4557.010150
4845.949360
6111.824500
4005.014510
5260.979150
5449.877750
5090.049290
5000.398910
4887.945210
4969.120180
6360.432710
4842.892790
5362.556480
5335.298410
4599.603730
5259.468310
4969.922240
5114.676220
5129.875800
4976.186710
4490.622510
5355.007200
4742.873700
5153.504740
5096.653960
5462.328940
4981.791850
4977.887730
4470.260990
5366.237510
4934.323480
5305.311500
5164.047820
5246.030460
5331.522860
5264.590190
5294.376420
5155.934410
4843.233620
5270.374930
5344.289490
5058.128410
5171.976490
5058.968230
5120.326840
5267.565590
5274.824420
4953.885710
5258.106750
5284.962990
5310.464930
4975.929820
5162.661580
5449.781970
5196.362190
5198.147900
5220.864280
5341.521680
4905.639780
5287.742330
5310.220550
4923.997590
5107.558970
5186.207980
5329.989990
5243.520390
4931.801280
4927.697820
5302.269940
5317.721920
5026.820920
5267.507490
5247.616290
5129.175710
4671.574530
4875.504500
5251.605490
5634.461300
4964.200970
5221.036510
4651.986850
5284.915260
4830.874270
5457.574560
5500.587050
4620.330690
5421.636720
5386.584530
4954.764680
4885.369490
5171.567190
4816.877290
4994.180370
5286.302750
5340.536360
5056.767040
5297.385160
4992.615940
4798.966850
4704.266350
5278.914700
4975.446100
5550.007880
5073.653560
4920.723190
5381.609910
5092.975370
5024.569460
5098.163900
5103.527980
4925.312280
4759.720710
5487.175040
5003.353970
5131.596990
5022.480520
4727.322620
4424.549080
4929.191770
5292.770080
5383.174010
5094.903680
4998.465720
5423.927670
5414.718430
5167.956330
5351.978660
5194.303270
5042.378860
5081.222760
4855.718530
5452.437850
5458.345770
5411.900680
5057.940160
5177.630740
5403.261100
5309.622770
5393.732450
5427.595790
5214.138560
4907.719570
4879.164460
5190.685660
5370.109780
5404.721870
5259.356280
5436.758650
5405.243150
4786.089430
4900.495670
5299.247060
4800.573660
5363.160210
5968.353830
6652.316380
5436.491820
5565.529660
5095.794140
5483.036640
5040.897790
5672.231670
5311.728320
5355.629210
5192.597450
4640.383010
4706.183100
4865.274220
4544.851780
4626.020370
6075.819660
3208.805040
4191.564330
3922.047610
5308.387630
5193.950070
6673.150890
4592.785500
5209.926160
4523.351870
5281.845720
5952.930490
5846.921130
5055.523270
5302.620620
5080.310200
5170.622820
5229.368450
4655.287800
5221.649190
5378.054320
5464.809770
4840.921090
5287.088150
5277.617760
5226.674570
6244.929060
4847.115940
3478.135440
5038.816420
5204.898540
5257.127630
6071.477320
5337.848330
5088.543590
5168.345190
5293.011380
5055.245100
5540.612400
5665.880400
5346.225040
5427.990860
5322.577630
4638.854740
4987.821280
5381.358040
5092.292730
5480.187780
5060.660960
5010.320370
5490.080720
6377.751220
5776.278530
5101.081470
5391.827620
5465.773640
5511.780890
5375.802240
4619.644510
5319.594450
5432.807490
5114.190700
5316.209680
4698.205610
5343.331870
5369.680800
5392.779880
5422.157380
4027.262980
4923.523360
5379.211840
5033.121170
4951.693150
5425.947750
5472.031320
4815.593730
4869.910070
5252.462830
5431.534970
5314.630190
5376.883320
5302.605910
5504.544270
5574.669670
4973.676570
5234.401410
5382.595490
5241.732090
4685.401860
5024.459060
5402.195890
5622.121150
5592.545950
5141.188380
5395.323730
5435.836520
5698.374260
5340.788990
5334.907740
5248.851590
5454.962100
5528.047780
5311.036300
5405.924360
5369.935610
5318.118410
5345.499850
5269.927170
4675.816580
5007.443490
5386.165750
5175.571810
5095.858880
4761.488290
5230.738980
5097.624460
4427.492560
5337.647100
5586.844320
4825.101660
4907.208560
4536.003430
5268.222890
5176.377090
5069.858460
4915.124340
5238.247550
4821.248210
5130.773810
5172.491080
5060.438790
4885.800830
4802.085380
4428.980000
5003.431020
5642.539540
5240.030960
4625.237800
4521.149290
5701.036530
5790.408710
5938.476010
3431.898560
5698.415580
5828.975690
5707.612790
5690.596380
5891.470570
5550.336920
5686.469300
5463.661330
5915.189190
5552.913090
5501.485080
5907.292190
5698.111420
5789.489060
5830.564220
5567.916320
5450.573080
5674.500010
5328.080400
5824.959830
4483.448700
4984.676070
5480.101740
4735.213200
5511.026480
5620.943630
4488.581090
5556.589880
4827.952280
4576.274260
3871.423780
6378.595380
5543.589130
4680.523010
5342.434930
5049.452910
3394.334380
5195.133930
4968.123650
4684.896260
5589.316130
5037.484030
4832.569760
5723.342350
4564.941000
4458.438460
4705.078070
5038.771270
4686.793540
5443.424940
3804.917370
4030.525790
3700.018020
4217.449490
4406.458980
3463.063030
5555.496290
3279.271120
4250.966430
3743.141090
4951.448910
4749.012850
5611.734400
4683.512450
5405.051060
5495.253910
4089.651560
5405.430530
4913.767440
3677.162710
5685.921820
5252.752760
5345.643110
4384.529000
4212.638920
4370.013200
4310.532710
3733.357550
2786.931270
5102.188320
5453.052420
4147.745580
5526.289140
4244.666640
5203.795910
3933.469570
4326.521890
4372.483010
2710.562710
5380.481750
4701.708220
3193.152760
5850.094510
5097.673760
4726.609160
5045.221420
5298.839350
4991.116140
3344.642980
3611.927560
3904.854000
3298.951400
5075.713890
4721.344480
4174.514270
5239.455010
4415.812340
4151.737560
4089.271790
4107.883900
4473.877850
4474.624940
4778.080440
4774.876870
5151.111990
5136.007300
4566.994400
5123.700850
6099.970120
5358.354410
4597.606530
6250.639150
3796.994950
5881.118600
4498.629950
3435.349260
4273.137170
5282.963820
5383.519260
2470.892820
4870.535750
4682.196390
4383.940870
6005.792670
3322.368260
2575.457340
4085.050200
3505.128110
5535.492880
5125.147540
5541.010620
4216.128600
3903.141080
4761.796040
3047.694440
4244.547070
4217.290720
4394.365520
6613.411000
5666.721730
4916.613700
5182.429460
5530.809740
6047.920570
3478.980460
5080.360540
5892.608650
6319.216120
5333.605840
5121.389040
4337.467120
4587.739130
5660.203870
4741.522650
5293.393070
5705.327430
6042.040320
4845.904500
2455.917960
5792.948600
4823.143220
4172.040980
3952.775200
4919.369660
5646.792650
5002.800110
4125.234400
4235.939890
4965.635190
4005.458960
4820.723390
5184.339680
4009.945180
3935.758920
4378.628720
5322.429130
4845.855030
5980.635260
4379.683200
4554.319210
4434.818710
4657.721020
4219.716990
5090.695310
3969.333710
4462.300990
5504.730300
3426.364110
5634.495660
6009.146550
5551.785220
3643.537450
5115.280750
5306.463630
4112.646580
3867.321890
5638.835290
6496.196310
4775.912100
5490.384530
3609.793380
4175.655070
4667.559880
5553.335690
5587.914920
4744.632090
5630.483240
5296.337100
4797.689730
4632.479200
4503.417300
5153.624640
4874.994500
5100.669460
4653.146610
4803.095270
5904.109860
6646.455460
6606.381840
4885.744580
5972.510350
4405.486110
5128.155500
6218.815670
5947.267070
6011.794390
4763.391280
6171.830020
4011.859490
6365.511100
3626.480310
6497.944670
5232.252400
5413.591190
4963.865410
4762.947710
5320.270830
3104.314300
5469.099790
4904.472040
4603.187140
4096.585510
3882.749410
4112.268490
3556.069010
4015.611140
6561.156630
5596.501810
2777.025110
3816.564300
4042.376230
5565.120010
6407.787150
3683.557670
6354.311000
4109.169230
3927.412380
3900.067230
2674.541310
5909.852670
5974.654780
4875.207770
6002.497200
4632.589100
4890.978680
6401.364260
5132.218050
6125.907630
6103.135760
5945.957230
5806.663460
3174.975940
5404.668370
5772.736130
5762.025490
5374.098080
4201.733620
6395.079350
2855.677990
5341.307460
4173.358250
3913.048470
5231.424600
5865.726170
5053.136410
4534.329580
2870.986470
4907.367600
6165.777230
3770.465630
5750.573490
5566.172940
6203.573880
6020.211110
5994.899770
3900.288410
5159.058780
5384.542080
4397.932010
3646.424240
3504.883050
4671.356930
6552.585690
3620.364760
4189.107290
3739.631300
3014.794420
4565.066740
5195.209690
4422.345760
4559.061200
4977.490970
6246.450090
4048.107220
4996.927810
6249.898290
4141.317710
6350.044290
6124.861510
6343.307640
4382.474760
5039.424060
6425.762630
5285.989630
3396.121880
5360.182180
4327.051910
4544.354950
4422.735830
3426.982050
6164.414920
2891.772910
5348.280320
5474.753300
4254.470110
4841.762160
4978.545530
5842.359940
5369.025890
5520.952840
5097.806630
5377.894500
5009.563210
5834.134550
4954.587320
5428.570720
5160.577080
5550.045510
5091.732420
5635.765450
6781.739240
5491.257990
4111.557980
5287.757530
4933.607870
4466.097450
4097.675190
6629.858400
6438.052830
6342.731200
5144.088790
5877.888850
3718.556030
5905.035560
4496.117090
4544.728730
4422.946820
6910.755040
6179.922620
4510.245970
5392.688460
3588.353560
3448.801160
5702.158230
3442.177320
6113.220610
5561.948830
6279.970650
4844.553930
6457.427060
6131.997090
4426.205060
4246.977300
5319.367600
3114.870260
5661.313650
5298.436380
5626.830010
5709.163130
4193.245570
3485.051010
4137.490760
4488.307960
4476.922960
5748.235090
5643.865100
4503.082410
4897.955840
4136.243230
4151.236900
4162.292750
4872.594820
5459.736520
6498.946430
5210.390880
5035.439040
5532.206650
5771.296470
5025.852250
4048.409330
4391.070800
4322.502390
3898.911640
4050.710810
3355.568030
5494.666870
4442.319410
5622.385910
3583.717400
3100.324750
5863.544350
5978.750900
5125.235770
5011.602470
4471.741280
4113.816160
4241.163050
4203.673290
5118.750860
4544.032990
4080.730360
5419.160100
3957.084720
3567.810510
3575.011710
5579.552060
4690.377840
4851.757490
4544.532830
5742.610270
6453.949560
3711.767710
6044.790940
5408.109770
6382.914660
4809.393940
5120.437570
6577.734270
3882.800100
5703.046120
6131.877860
5831.428630
2882.846180
5089.933710
6010.269870
3949.769260
6461.059440
4889.118590
6748.585610
5460.086830
4790.178250
5060.427850
5753.740210
5430.133760
4384.514920
5884.794440
5659.336610
3827.855800
4596.890540
4966.402760
4031.019940
2954.755800
4022.973120
6086.547910
5052.731750
5917.441930
5904.009150
4684.144090
4375.488190
3708.829470
3480.285670
4907.187670
5889.680590
5744.349440
5897.169160
6303.559310
4236.925790
4724.902200
4255.347960
4638.079600
3202.595320
6007.873850
3729.404100
3754.497050
5330.107010
5944.377450
3808.351150
3705.768450
3688.085810
5391.074420
6112.165000
4792.465040
5793.236650
4674.951400
5518.550370
5011.678880
6037.804040
3410.050560
5650.263670
2853.534690
4347.502510
4216.725120
5448.983980
5186.864710
5626.924280
3276.060970
5799.428950
2892.439840
5119.120860
5764.270900
4864.144260
4735.825550
4893.864340
6277.321820
5855.975490
5874.531650
4593.586720
4102.155620
4422.461700
5518.595590
5571.763840
4758.296360
4587.190690
4249.205040
3166.905050
5098.594890
5565.743660
3027.689820
6144.639950
3979.773380
6235.623850
4497.985250
6492.188370
5284.399830
3480.614400
4165.145490
6542.451670
5647.989690
5361.045390
4111.062110
4864.607430
5072.987220
4867.609400
6080.109260
3922.383080
6141.646450
3880.685560
2671.698430
6350.566140
5354.650620
6096.487360
5394.797880
5737.826860
4629.939480
4801.602220
5727.836360
4609.645020
5576.318940
5517.558900
3436.739380
6048.149050
4596.941510
4149.786310
5342.576070
3608.410810
5471.795870
3664.051860
6564.533910
4618.623440
4416.640480
5611.873230
3699.777920
4681.665450
4532.803760
4363.390800
4167.986730
3740.452990
5741.185760
5556.256700
5419.858790
6253.958350
3542.593000
4641.896310
5271.003500
6619.022940
4258.096510
6268.347270
6323.345330
6718.675210
4184.797220
4298.321880
4336.743030
5913.873510
5420.488920
5683.036760
3840.938220
4148.760280
3574.547120
4931.224140
6474.641370
5293.697570
4347.428590
5010.771030
3683.414550
5725.130870
3065.073540
5382.948220
3787.435700
4842.727730
5306.505930
5373.083740
5051.005870
4774.203910
4089.070060
6187.263000
6106.019570
4470.329140
4369.119240
5823.830630
6455.205590
4545.378360
4738.608550
4358.470470
3460.500540
4328.548830
5997.612810
4580.065580
6033.703000
3906.577970
4998.851970
3729.366240
6165.904880
3146.479570
5865.286720
5887.293960
5271.580270
6047.928360
6790.163330
5114.469320
5272.779920
3327.132500
5589.762930
4278.696460
4692.793160
5684.349310
2868.757890
5515.999510
5301.353080
6289.339740
5753.447370
6087.264480
4429.515200
5839.323120
6238.665210
5205.688440
3567.011030
5055.676260
6199.494120
2737.599130
5561.398690
5469.826000
4958.862420
2421.745340
2768.389350
5843.425690
4471.519350
4121.282250
3370.672850
5298.612300
5328.954630
5265.198750
3626.404370
4161.885860
5425.005480
3937.841590
4600.248300
5776.293080
5000.366940
4329.965570
3821.074260
2724.597610
4190.274470
5062.494640
4667.307690
3395.801400
5745.190250
5560.658870
4791.722790
4109.302100
4665.638060
2749.261590
5558.675950
5209.555050
5977.793600
5553.418290
6113.574640
3500.663170
5812.443660
3910.482790
6274.820430
5756.398400
6172.933420
3963.939640
5124.618800
5512.738570
6607.071050
5409.789350
4157.319450
5814.500110
3197.677110
3187.958990
5359.961560
6034.216950
3529.479930
4748.420070
2572.784600
6139.643750
3142.288100
5395.997450
4221.769300
6074.932390
5834.315280
5269.661580
5966.588710
6327.483100
4478.197750
5491.681840
6237.368160
3957.092920
5677.188830
4398.126210
3985.969800
5303.695630
4505.658690
3064.362990
4891.031170
3548.400730
4714.394250
2406.062940
3647.261240
2784.440720
4269.850560
4890.290270
6262.679540
6761.172080
4042.002620
4837.359060
4091.216620
6134.301840
5415.114770
3700.219550
5261.606740
6138.461970
6505.193970
6141.001880
4167.973620
5240.308220
2807.881860
3326.205050
4672.243540
5040.054030
3674.977460
4663.671930
3049.395580
5333.283520
5467.030420
4331.318100
4181.878200
4335.316270
3871.923240
4672.348820
5024.523930
4330.800300
5142.921180
6230.806780
3807.074070
5315.289280
3572.340780
5785.001210
4401.569520
5392.927640
4144.303130
5821.769140
4403.382950
6002.754970
5295.264760
6269.212130
5612.575150
5589.082740
5673.983040
4937.944130
4061.326520
3757.585950
6080.576620
3625.530220
3893.040280
4767.064020
3840.479980
5452.898180
3808.381140
5983.009260
3510.383810
4636.206380
4467.759130
3617.900000
5596.304410
4704.762100
4007.343010
4749.434370
5488.803520
4813.310240
4394.608960
3409.502050
5398.737150
3110.359260
4159.016740
3781.927230
5483.077200
3584.572290
3298.521710
5684.880680
3708.212780
5341.275620
5128.723790
5128.342740
6435.061070
4270.196650
4224.866170
4374.734780
4048.315300
4094.211240
6142.789180
2946.723950
6071.896950
5959.810730
5209.447940
5758.472930
5397.137120
3241.532960
5223.868990
5351.838140
4158.028410
5327.331580
4530.154580
4690.349760
6099.881870
5579.900620
5687.449870
3304.933810
4584.005180
5402.621290
3301.778750
1907.476750
3816.612950
5943.452690
5255.799780
5817.995120
6093.985070
5919.375560
5924.635400
5336.895400
5449.972100
4777.243960
6002.834110
5855.920340
4673.675090
5463.499140
6020.509020
3463.749460
4694.922240
5289.096380
4931.891980
4590.174530
4441.149770
5145.782770
4307.038250
4389.268910
4246.899850
4782.746270
4912.223540
4457.353620
5146.677530
5695.013380
5404.023830
3457.633690
4778.399320
3867.604740
2864.137340
5802.245190
2950.654420
5400.472310
4611.308380
5265.029100
5613.910100
5318.176790
5055.382010
4829.908790
4637.445240
5163.130600
6552.018790
3763.299510
3213.874670
4696.533150
4348.124680
5429.977970
3387.950250
3424.586310
4603.493910
4863.267350
5271.279440
4074.525150
4837.934650
5743.612640
5633.811700
5903.894040
3491.642730
5956.049040
5030.068730
6118.948040
5201.108230
5708.807600
5873.371150
3566.990710
6110.316350
5257.396160
5313.526170
4922.682250
5637.000300
5529.950640
4522.639480
4683.009580
5264.790500
5353.547660
3823.937650
4385.630040
5852.804400
5735.440090
5780.395990
3705.237460
2506.394370
5446.155420
4013.839250
3879.508560
3341.983060
4826.684710
4981.535340
5138.530050
4785.170540
5845.559520
4891.706860
2944.327930
5861.329770
2665.134340
3017.292450
6638.034330
4734.566290
6653.179750
5764.095800
2707.669630
5643.612650
3775.947060
3313.976890
3927.694060
5709.942540
3857.998350
6386.410570
3382.770850
4105.283200
4544.893610
4342.544310
4646.541900
4996.505590
4283.901260
4274.905570
5198.511220
5271.829640
5881.131580
3532.399670
5324.753350
3315.036580
3698.460460
4710.424470
5238.104630
6105.713520
6161.848900
5331.945350
5652.475270
4970.809900
4309.831020
5290.178760
4382.305790
3820.801110
6044.914770
5701.439780
3968.817170
6315.211670
5088.772320
3982.139370
6618.573340
3506.963200
6035.296980
5509.977870
5907.550550
4640.632830
2554.350350
6273.963550
6230.256120
5198.154520
3958.884980
5821.647680
5544.759730
3604.455340
5646.151630
4455.844890
6534.463380
4445.552340
5344.339360
5048.463560
6013.799040
5761.670290
5312.732190
4398.207960
5677.278410
4434.862570
5044.716360
3866.040810
5153.216660
5968.473070
2995.486590
2402.338100
4612.089780
4082.481220
3036.721060
4711.005290
2865.703950
5441.964420
2612.127920
4033.423040
4769.189900
5579.952000
3501.276710
3815.166920
5040.412940
3555.196200
5157.897720
4620.496090
5395.535870
6084.156390
4411.259860
5732.670710
4689.842340
6069.588330
4207.710230
6250.617740
3630.710380
5842.743480
4984.142290
5328.438360
5458.699310
4027.635130
4701.230040
4881.580140
6004.680660
4849.946020
5830.819290
4181.971750
5228.712490
5389.488130
5177.711860
5364.298900
5565.477740
5435.358360
5701.547810
5489.500280
5526.806990
4993.691930
5395.193070
4433.918990
5431.915070
5930.113180
5352.054840
6488.433990
5570.977350
5395.737000
5567.949230
5476.396560
5328.881160
5367.552990
5486.125970
5539.841890
5436.733290
5374.016230
5434.307140
5416.929460
5413.901030
4735.710790
5489.185960
5019.115430
5214.531370
6212.432840
5582.778500
5480.978760
5741.163340
4871.694900
5600.569340
5105.886800
5446.988300
5798.802020
5533.241360
5676.029530
5056.840030
6001.000100
3860.955140
5177.040030
4814.328220
4882.738580
3175.717610
4865.355540
5606.036690
4977.852280
6758.902590
4740.577930
4739.976360
4907.175910
5007.948480
4858.928500
5282.194880
3922.194240
5318.310450
6478.856490
3611.948970
5235.857350
4886.324600
4977.626560
6082.320360
5663.676820
4734.054080
5244.588930
6045.237580
4768.794280
3764.955450
5357.377880
5511.899200
4762.144990
5838.679800
4639.364030
4745.373140
4772.955020
5257.579320
4782.268670
4559.184570
5074.788180
4006.182390
4967.606500
4863.268480
4193.316790
3942.615210
4980.372590
5421.088080
4434.745980
4353.943150
5083.735180
5431.758040
5436.775230
5655.833280
4902.278990
5605.330360
5248.709670
5349.818190
5261.125250
4944.134880
5119.960630
5044.986380
4872.896070
4539.457970
5385.570540
5140.942440
4767.575060
4840.076370
4997.901850
4945.172980
5290.927450
5265.890770
4386.609000
4885.940490
5330.524860
5028.743400
4191.698910
4610.731500
4594.570140
5123.002980
4669.001830
5003.442830
4959.396950
4633.944020
6373.956580
5292.580100
4822.420200
4789.299600
5171.277290
4403.997230
5020.428830
4717.566100
4833.020590
4621.571420
5016.760550
5721.254600
5335.431870
5273.235100
5400.936490
5104.101210
4869.320570
4609.269120
4979.975690
4741.559850
5635.813120
4910.445140
5092.891890
4550.781800
4918.753760
4763.726580
4963.753700
4876.811160
4698.945220
4882.824330
5558.509800
4246.108940
5020.430440
5545.377780
4933.731810
4887.221660
4343.481140
4903.597570
3886.779700
3994.876310
4288.897380
3355.736790
2636.611390
4154.242530
4933.837960
4966.468360
5770.328560
5535.500970
2572.211750
5989.712690
5879.048010
4677.392710
5348.061290
5202.892680
4117.690050
4455.515190
4556.597050
5240.061210
4726.589190
4083.541060
4337.237890
5005.474820
5474.322610
5038.296730
4212.440190
6294.747770
5458.152040
5508.086730
5578.057600
5392.361590
5196.083880
5494.544100
5525.963390
5385.169270
4979.434220
5623.051580
5502.962520
3996.753820
6352.021680
5536.802810
5361.271820
5235.834530
5210.713880
5412.858720
5461.612380
5530.077400
5498.505220
5364.130680
5176.161150
5365.113910
4938.744890
4047.546880
6427.522350
5127.673750
5468.727620
5207.233030
5276.558650
5220.259030
5213.478640
4736.027110
5560.640990
5472.708520
5053.867070
5488.359540
5607.309020
3477.757570
6401.824850
3845.685700
5296.207550
6068.968970
5208.469240
5196.322490
4246.877190
6838.787470
4472.526980
5912.326980
4570.391510
6143.727200
4307.036290
4846.659000
5378.740760
4766.978870
5394.780490
4266.915640
4707.948880
5521.221280
3797.720680
6290.808030
3821.632990
6415.582950
4350.885660
5103.474320
4658.458770
5413.887740
5064.671980
4180.358450
5508.890800
5194.611710
6081.961730
4743.397680
5457.478760
5527.769570
5069.815560
4940.475200
3152.565480
4612.326850
5107.590720
6394.261550
4958.332690
4958.621600
4847.422220
5135.267930
4600.811630
4711.930630
4315.925280
5242.196060
4572.751250
4668.999840
5045.836810
4837.778860
5294.093570
4798.815770
4157.659080
5124.385400
4775.646470
3733.850000
4907.338860
4778.079950
5242.109580
4119.834040
3713.581040
3152.782140
7366.265600
7485.470310
7161.110470
7416.594480
7030.367250
7583.657470
7669.652140
7636.079710
6782.214190
7529.941920
7633.184820
7580.089430
7292.579410
7253.083660
7624.779770
7289.370950
7097.910910
7459.756440
6973.852060
7733.654210
6950.154240
7690.722020
7358.924620
7417.861710
7440.665450
7411.915350
7650.798600
6082.057380
5751.951040
5584.807930
6345.719860
5644.364310
6894.610480
6509.426520
6370.778380
2976.323480
2788.926520
3216.202440
3464.160210
2063.267520
5802.728530
3769.811620
2789.472690
4560.175410
5951.397510
4145.386380
4325.659060
4534.749210
4282.270740
5453.702830
4626.001870
4199.080790
5315.351910
5244.661400
5612.594330
5064.556740
5582.614930
4674.223430
4780.242200
3730.755610
4698.742030
3907.185730
4326.644480
3050.998680
5119.257120
5195.241020
4687.111210
5633.072590
4983.976830
5200.259970
5923.968680
5353.868380
4206.398420
4734.020060
4666.135050
4476.730370
4848.053320
2545.134410
4754.013450
6147.687650
4606.018310
4315.221780
5080.034850
4326.439520
4018.205800
4017.501340
4060.427870
3470.363010
4018.488150
3751.498650
4583.277060
3899.535840
4597.712850
3268.795990
3922.969010
4562.178740
3988.682350
4220.365920
2836.057350
4033.703880
4349.711590
5029.154800
2159.994960
2902.396620
2578.121300
4568.496770
3821.112280
3276.677520
3435.961840
5425.444150
5428.282510
5313.488450
5717.292950
3115.707060
3970.546710
5799.785350
3905.287410
4565.708250
4943.602460
3819.980850
5600.440150
5387.907410
5894.513730
5341.749540
6201.363990
4790.111300
5996.669520
4753.741680
5598.413370
4104.111680
6342.669770
5401.599080
4258.505000
5593.413070
5680.152510
6660.449090
5358.742800
6039.890700
5072.775960
5980.243400
6296.942790
6204.024380
6137.561900
5022.596170
5506.265710
5833.774630
4659.185430
6433.706520
6264.085120
6004.455900
4504.840630
4807.515490
4538.285690
4424.004410
4396.448670
4750.330360
4710.921910
4808.390350
4564.205910
5066.871330
4552.670760
4514.348420
6246.131710
4143.331630
4918.213070
4056.255990
4997.785960
4740.574540
4826.574850
4825.292190
4069.215800
4020.818890
4518.351590
4246.295340
3702.385750
5017.236080
4493.588100
4729.646100
4485.948450
4385.758330
4803.922330
4078.973890
6743.034960
5311.040150
4661.559150
5003.136530
5041.735460
4662.190400
5043.464530
4518.579750
4745.973730
4013.770500
4516.003850
5352.974920
4304.889460
5215.053560
5567.103370
4648.377730
4827.900630
5329.225830
4646.679460
4896.113450
5169.525930
5386.378820
5338.405290
4910.935530
4831.172220
4686.578050
5225.447570
5632.971410
4640.854410
4574.171620
4351.716610
5218.226330
4912.080530
4660.017930
4865.463540
5126.596090
5018.909670
4745.264870
4875.238640
4203.298070
3613.416800
4954.537210
5096.908720
5196.754740
5256.496490
4528.943430
4830.451990
4857.761690
4793.424500
4947.852950
5284.452470
4963.969270
5072.607910
4759.119350
5169.944850
5450.919820
4263.475710
4912.326710
4746.689220
4526.458020
4882.428460
5189.723310
5126.755660
5125.645480
5302.380800
4213.409730
4613.011460
6720.282660
4807.605830
4808.527580
5174.710370
5248.565950
3967.120580
4862.092840
5054.002950
4273.961720
4412.322370
6388.657120
4421.862510
5016.764330
4439.238710
4778.685770
4470.564320
4904.090240
5051.279620
5006.816130
4989.993600
4592.582640
4950.650460
5387.224660
4506.618350
4732.808840
4676.335800
4812.907720
4847.806010
4657.261400
5180.876950
4964.728220
4371.588820
4941.593100
4494.856410
4788.831420
4488.186990
4955.912520
5187.123040
4620.182980
4718.785950
5390.931610
4478.633670
6580.807420
5855.978110
5033.808120
4681.582190
4213.696760
4374.969820
5163.822530
5088.644040
4700.736500
4636.240610
6151.959860
4412.389890
5133.965980
5450.339730
3867.035380
4940.716520
5507.617150
4443.029250
5068.869230
4808.774080
4674.102680
4688.006910
4673.291680
4991.784610
5365.397650
4685.835000
5293.167970
4970.146530
5845.614660
4530.861920
4995.012250
5434.016720
4973.464400
4168.915390
5125.053280
5268.732260
5054.976010
5261.100670
5038.871580
5669.431450
4401.894440
5665.162980
5876.358230
5031.159780
5094.690050
5001.446600
4845.862290
5456.427090
4801.845770
4730.882020
5011.926760
4828.662060
4564.521000
4232.249950
4873.618920
5188.837330
4949.086620
4720.509880
5331.638930
5125.974790
5209.248730
5370.934080
4753.764870
3829.529440
4912.120400
4621.209640
5070.249100
5160.521760
5347.794490
5067.976000
5053.161550
5123.281870
5272.471440
4827.454630
4942.635530
4362.103580
5467.398660
5290.630380
5331.751770
4987.709760
5105.095840
4923.378500
5322.912050
5189.050740
5107.546490
4202.240210
5004.412930
4645.298020
4968.866490
4485.356500
4610.530350
4550.278200
4782.243410
5359.744160
5290.827650
5439.655640
5300.743490
5096.896610
4905.212150
5392.824530
5237.456570
4972.055620
5361.470970
5066.669900
5049.777380
5136.484570
4814.136700
4850.924370
5446.935120
4724.861540
6311.695780
5174.123260
4935.821690
5439.270050
4697.924650
5185.245060
4753.850730
5018.210420
4196.570110
4639.872830
5156.173640
4327.043870
5976.609490
5221.896850
5331.737140
4567.270310
4837.140210
4619.253200
5167.764040
5414.040450
5234.130540
5054.195850
5007.304460
5255.307420
4992.177980
5359.459040
5150.303480
5002.507850
4248.298430
5157.684830
4810.673130
5440.729810
4316.612650
4944.083740
4655.673810
4611.466230
5107.174270
5159.577300
4490.800050
5497.045440
5303.729920
4913.938970
4519.655650
4495.362790
4952.641520
5231.186200
4994.195300
4505.705290
2923.337630
5150.420970
4674.249990
4803.651020
4611.695080
4921.406760
5538.611050
4873.739830
4905.798990
5325.508750
4921.416790
5375.645090
5093.848800
4928.657580
5288.924320
5051.885920
5416.387600
5391.632080
5138.496540
4714.970370
5169.704700
5664.025850
5270.186760
5056.579440
5284.450860
5291.132160
5180.745960
5367.864660
5156.400410
4920.137590
5149.935480
5054.900500
5114.261090
5233.741970
5094.300980
4898.560520
4979.009680
6397.254360
5378.215380
5465.322110
5151.216240
5208.837030
5027.803090
5182.389770
5124.815890
5259.553100
5237.643730
5517.318980
5307.703710
5540.861760
4712.938070
5457.997560
4585.670700
5303.661950
5144.539210
4853.777570
5181.005360
5248.273720
4939.035710
4665.602850
4889.350870
5315.905850
5335.514190
4600.064960
5349.111060
5454.898760
5127.461540
5064.155320
5200.873210
5203.927950
4728.786740
4785.833830
4885.535120
5152.220390
4894.044160
4805.615220
5336.958250
5037.035350
5118.573710
4978.686080
4849.735500
4455.450150
5184.279970
4911.947010
4619.133530
5189.329140
4809.696770
5736.136440
5098.299370
5236.512840
5325.804930
4822.747520
5283.038910
5404.411250
5077.966720
4912.398790
5507.469410
5064.795120
5334.974470
5354.167590
5011.259000
5239.047860
4807.780250
4898.335780
5273.540910
5140.513640
4685.881090
5187.046490
4715.264580
4878.700200
5031.420390
4840.869970
4699.031010
5183.478440
5459.132320
5286.943190
4937.746990
5119.910430
5381.735430
4698.982120
4941.812160
4979.419400
5184.459570
4827.893220
5230.783880
5242.934210
5244.407040
5061.393700
5108.645340
4671.231560
4872.286750
5446.892930
5413.978760
4780.146860
5046.247330
5369.219420
5187.668340
5209.849790
4958.383130
5245.625260
5149.219230
4190.335240
4973.551080
4226.622460
4658.454640
4977.706780
5271.500720
4562.647810
4296.982890
4907.051130
4771.613000
5049.676620
4977.879680
4951.080170
5376.120430
4526.555420
4279.685670
4987.640610
5466.057210
5285.426810
5420.665010
5210.676120
5287.014580
5098.116170
5069.057500
4907.328970
4910.967340
4899.224420
4465.226210
5262.589360
5244.443980
5004.972790
5193.081620
5401.646390
5173.075530
4873.421190
4186.864540
4922.737130
5054.038520
5044.453380
5054.260020
5118.180520
5019.432900
5532.393740
4040.660930
4977.472650
4969.795640
5160.364030
5159.333740
5065.926080
4749.359820
5217.221100
5241.072610
3234.936560
4909.614940
4243.448380
4972.357640
4822.019180
4801.885150
4536.031210
4713.343730
4620.497470
4894.980980
4926.279650
4903.723190
5151.656580
5209.248160
4428.206670
5216.649440
4588.145030
4680.352710
4202.706600
5006.388820
4996.739460
5096.610460
4923.627840
5103.588020
5328.976450
4891.404970
5220.497440
5282.767240
4764.749750
5090.324770
5006.542320
4709.186560
5189.180910
5283.391370
5141.324650
4880.477350
3929.558240
6090.283810
4797.284390
4864.641800
4805.122620
5535.919620
4942.599510
5329.686880
5232.758160
5271.284020
5048.336480
5256.056880
5178.620750
5010.715070
5170.792120
5207.706480
5075.231160
4800.688290
4923.272350
5926.568150
4887.859660
5031.883650
5180.845730
5373.129740
4384.503980
4502.657620
5440.960570
4966.896780
4938.440840
4488.231190
4695.431380
5212.018550
5336.062210
5160.612500
3906.358280
5206.954280
4944.014990
5289.528990
4106.771060
4856.404480
5111.709260
4713.031390
3758.192910
4823.734460
4720.791330
5147.077930
5065.687100
4820.803540
3914.353040
4925.211520
5032.651540
4921.183310
4709.096440
4862.332020
4887.169260
5301.206470
4924.856380
4274.466510
4921.274780
5264.765820
5032.148090
4581.597570
4789.936630
5381.450860
5106.973600
4973.585520
4737.528730
4998.872730
5031.916260
5348.437000
4925.583220
5318.358580
5077.525190
4891.415330
5064.598180
5746.913910
5326.928060
5201.255280
4913.705820
4268.109620
4875.055350
5047.117310
5236.751660
4465.251610
5251.523280
6319.218820
4852.861310
5373.765290
5279.435320
5240.554440
4761.368060
5512.728340
5163.289000
5242.524690
5060.614590
5320.062080
4753.063920
5448.424600
5063.930580
5266.252550
5303.610820
5008.209180
5274.446820
5217.354840
5283.133650
5139.056830
5288.417930
5289.691290
5117.221450
5311.105460
5443.880440
4743.837270
4722.817790
5272.086910
5326.860830
5185.489090
5334.971810
5140.763160
4448.847720
4544.726610
4415.343930
4534.890370
3891.782060
5299.978880
5062.410680
4556.648380
4780.459170
5841.473480
4542.141350
5283.358690
5058.320880
4862.139980
4160.529670
6144.781120
5157.915910
4333.885410
4989.631230
3167.054330
5333.544390
5324.685740
5209.523740
5266.899590
5378.940580
4662.257320
5283.050750
4609.301240
4625.222490
4848.041880
5997.518540
4972.887090
4593.027410
5053.304080
4685.255330
4558.234930
4554.099620
3465.895220
4818.539440
4754.687670
4823.022830
5616.097610
3164.755130
4471.463400
5578.757450
4583.478300
4310.397670
4736.671300
4494.725840
5155.553930
4094.619350
4420.498980
4269.325190
4559.541230
4613.233090
4313.527410
4522.374480
4367.978780
5000.513080
5189.511480
4416.988750
4432.581910
5761.802180
4634.904000
3725.472450
4187.375020
4549.145620
4173.054360
4130.435450
2520.798790
3862.141680
5118.513960
4049.785870
4747.799870
5182.824950
3043.953500
4530.519360
3163.804800
3559.898550
5194.515260
4040.563590
3999.998010
3378.398180
2368.647340
4151.506890
3183.637540
3582.697170
4113.326780
4015.839970
3119.101990
3951.604710
4720.281240
4387.257620
4353.314670
4807.534360
4009.856140
3987.572290
4356.928750
4615.553190
4938.666880
5570.013780
4413.438360
4270.908480
3262.994690
5156.923050
3103.772700
5502.362590
5361.399230
3858.447130
4059.142490
3991.025360
4486.646420
5275.890560
4065.249500
4625.802340
4563.089370
4036.867570
3873.100100
3298.696660
5618.176940
5692.307440
3905.680490
5524.609870
4912.875090
5552.703090
4305.271590
6128.045370
3210.428050
3022.573150
2726.132030
2290.687220
1981.209320
4112.481870
2343.926850
2000.575880
2425.420780
3107.402470
2164.493240
3903.241820
3036.769670
3747.108770
3835.612580
4261.188490
3175.774070
1864.087460
2105.185000
2581.070380
2246.769510
2105.856410
2725.670610
2555.380480
3758.268330
2245.978360
4417.268580
4020.780210
4085.671450
2553.325120
2504.544220
2313.308140
3478.813990
2243.873620
3392.685350
2897.468460
1891.022930
3682.886070
4997.136780
5159.745260
4627.246510
4159.988220
4453.843800
4298.383150
3516.628320
4414.881800
4947.877320
4365.910300
4713.868500
4727.953280
3282.223050
4618.620310
4792.895670
3550.945120
4628.707620
5219.662980
4531.016610
5046.314120
4709.412300
4977.046440
5086.097180
4360.295850
5080.857600
5477.679370
5076.485570
4326.302070
3629.389860
5086.861980
3992.828100
3787.868970
4855.835840
4413.601290
4407.896340
3099.739680
3997.102770
3616.216620
5219.922850
5727.578880
4119.628750
6033.497950
6181.762650
3809.036710
4004.314320
4062.606410
3102.146130
4290.094920
5860.390420
3472.662120
4018.501210
5469.493210
4075.234520
4286.130450
4867.459560
4271.173410
5370.167020
5290.511570
5268.417430
4923.228060
4124.907470
4931.374050
5046.550900
4731.623830
5087.154380
5072.912800
5104.953460
4902.999310
5213.476240
5126.695280
4933.042610
4993.730870
5186.544280
4932.095000
5210.972390
5232.030120
4809.685480
5147.142040
5082.813500
4643.237170
4937.930370
5273.405370
4507.449650
4965.846230
4838.263590
4089.609060
4996.893040
4948.790100
3050.126750
4918.852530
4865.258600
3541.083090
4959.652240
4957.036830
3044.602060
5052.686780
5183.188970
4342.006550
4944.482390
4478.452490
4522.960510
3505.017960
5160.617870
5076.608650
2956.083360
4889.197210
4937.106990
3398.221970
4950.481820
3763.574180
3286.631130
4458.722900
4741.805070
4362.762970
4603.548190
5024.261070
4393.452780
4088.066650
4591.121570
4687.547700
4459.186630
4700.046650
4884.870830
4309.172200
4208.527450
4974.285410
4513.846520
4573.712480
4453.121990
4941.688920
4252.488420
4510.291240
5187.124020
4790.726420
4053.163200
4265.151460
4925.515490
4526.550020
4359.791250
4497.953620
4722.024200
4373.678020
4445.331310
4890.206140
4603.471030
5318.755610
4492.896490
5083.103320
4279.796830
4630.421670
4592.995960
4576.648110
3858.591820
4584.707250
4564.669210
4405.293780
4658.982550
4597.580750
3793.424660
6415.968800
5684.396350
6555.778010
6415.584510
5857.538290
5797.398360
6562.325860
6744.845810
6251.827220
4949.480610
6563.953540
6238.988840
5888.733470
3079.375980
6432.730210
7307.185700
5846.157050
5467.586920
6836.035670
7024.076540
4801.919400
6365.154890
6705.598940
6331.179690
4132.300900
4253.094290
4934.827080
2916.180570
4845.488340
4410.463660
3877.159640
2601.107750
5443.595290
3750.987310
5230.541830
3066.473730
2318.388750
1982.095330
4362.319450
1955.340940
4270.927540
4254.305760
1482.420920
2733.768510
4701.651860
1551.754850
2793.790960
3651.815700
3242.032630
3374.618820
3471.181400
2905.243170
2928.251250
2748.533830
4297.091410
2731.215780
2370.425240
3477.157970
4360.369890
2384.848910
4139.002920
3739.262130
3768.980640
2749.395350
3719.262160
4052.561060
3791.198080
4203.287330
3652.884050
4270.264430
4217.192080
6638.122740
6771.340300
5374.429800
5863.254250
5808.592360
6320.113760
5586.982330
4024.266330
5575.612270
4555.289830
5647.563780
5629.045870
6240.346960
6169.269330
6194.779350
2193.210920
6033.546520
6333.473200
5718.084150
5404.565500
6040.425550
6097.142720
