3495.263810
4105.937530
3997.059160
3606.715580
5150.622180
4612.190570
3359.336120
4107.432770
3804.272560
3520.392910
2763.405420
3443.012270
4336.952310
3989.346300
4372.967930
3627.779630
3726.272920
3181.579580
3549.560870
3927.682230
4260.694140
3660.895060
2983.571230
4586.391600
2927.661780
3095.222310
4006.691200
4515.854670
3175.225260
4219.090000
3153.155730
4733.035070
3713.064370
3528.525050
3569.956510
3491.418490
4828.902540
3369.250240
3433.114190
3153.789860
3462.305840
4267.970340
3490.585250
3548.944520
3504.915080
4711.716160
3163.940220
4083.174830
3683.095810
3431.561980
3160.723430
2827.270500
3452.514090
3334.014940
4384.116000
3461.050520
3257.078450
3291.485600
4798.099150
3719.042860
3415.329600
3347.204410
4106.953740
4039.405230
2632.752970
6379.963880
6045.384690
4251.985360
4422.264220
5848.505570
5253.228260
4287.063670
4936.779050
5298.684040
5178.403880
5301.333990
5738.880830
6240.899360
6108.474570
3734.984960
6369.382780
6007.930410
6115.499010
4826.598500
5610.721480
5520.517880
5754.603240
5259.699320
6099.821580
2262.605130
5353.310340
2741.803770
1908.618960
3370.569490
3392.847770
4057.367220
3200.397370
3421.642010
3428.759130
4269.793100
3591.369350
3276.812700
3351.836690
3947.317100
3385.742560
3571.150380
3054.822400
2745.128010
2994.519140
3176.982290
3673.507180
3246.972940
3806.403280
3968.314630
3348.707210
3256.541030
4657.814030
3356.784010
3263.306620
2948.597970
3416.679770
3258.871190
3812.388020
2610.438980
2475.034660
4884.654680
3130.568980
4845.936670
3845.681320
2919.913610
4292.480390
3344.838780
5547.898220
2892.039730
3350.204790
3561.779110
3650.505780
4065.809840
5650.936310
2970.870590
3402.305070
3901.837310
3560.577380
3453.585190
3946.535830
2560.664080
3204.239380
3391.841660
3644.970110
2598.716590
2866.360450
3253.007830
2790.217450
3252.500100
3122.570740
3033.479190
2947.214750
4685.097520
2060.793860
3232.109440
4203.376090
2786.561420
2834.731280
3532.752940
3662.822590
2713.010960
3353.142660
4099.622410
4505.764240
3163.725490
3548.531010
3486.759960
5688.378080
2319.562140
3160.103920
4279.439580
3246.933510
3769.796430
3142.599480
4917.023960
2301.885940
3206.708510
3278.470510
3786.066530
3413.554310
5457.040470
2831.251280
3124.145400
2731.341270
3493.508930
5077.814620
2694.808380
4111.543620
3456.856940
3679.065840
3104.239030
3427.698050
3300.803260
3753.371260
3888.738240
3116.691680
3194.742900
4757.412100
3026.499810
3566.113880
5791.146750
3656.941930
4662.441020
2892.246160
3552.021640
4237.911110
4239.015550
4014.254540
4168.648340
3832.153890
4179.574850
4117.962990
4193.718890
3771.558700
4447.606800
3123.496350
3930.868510
4015.093840
2962.111570
3105.767700
3708.429700
5684.923080
3774.048150
4157.706090
3163.758800
3147.544160
3923.283900
3861.429690
5333.353110
3351.649380
4209.963680
3579.744390
3547.469660
3557.058500
3869.185750
4007.526640
4251.333060
5323.509760
4147.045120
4328.479860
4176.747040
3387.663620
4334.056880
4375.181460
3742.079950
4438.680750
4312.549920
4452.069700
4076.591170
4327.798440
4152.045800
3961.226580
4041.269450
4393.611220
4400.214250
3651.614180
3934.985240
4139.136600
3511.409330
4283.333550
4435.805850
4376.477670
4364.377440
4339.176310
4356.682220
4287.292910
4357.436410
4079.150670
4272.166170
4335.383710
4277.763020
4392.866560
4205.864230
4413.273890
4589.233650
4252.309220
4409.785600
4411.564520
4328.393120
4726.320100
5018.932130
4753.603560
4676.924390
4485.522010
5051.696450
5122.526520
4911.866800
4922.588310
4342.397260
4669.720990
4631.914830
4901.684730
4359.087770
5326.529540
4785.541180
5226.960000
5260.391910
4222.756810
5055.189590
4876.134220
4732.577180
4726.960220
3862.526420
5033.735740
4946.247210
4979.115920
4739.259320
4968.633550
1208.284340
3440.899550
5696.359380
2367.478760
4545.503550
3776.793880
3478.252250
3726.955210
4166.141640
3098.766920
3545.782940
3523.824340
3747.760630
4587.094560
3926.502200
3733.305920
4324.529450
4701.990460
3656.692750
3551.986930
5300.200980
4913.047710
1880.161180
2541.896320
2571.941310
3306.345520
4894.504590
3423.616260
4380.963210
3494.696210
3552.772380
4533.964290
2389.291720
5144.344050
2556.425010
1725.310050
4202.330130
1613.089420
3513.709620
3469.848170
3660.610010
3398.319480
3095.813330
3411.944610
3403.822020
3640.792440
3142.178770
3876.611800
3648.743810
2959.703150
4221.060560
2686.423800
2954.100680
3528.725470
4201.090150
4256.451880
4601.374460
3424.166700
4960.615870
4546.489300
5397.510020
4062.978990
2340.579230
3044.884960
3447.065670
3124.777810
4219.589900
3401.081740
2911.518360
4244.449740
4312.758990
4211.298560
3527.396480
2773.632350
4161.583670
3047.746420
4598.905810
4570.788440
2803.309720
3483.238390
3153.034370
3089.977940
4342.575540
2820.454800
4451.211330
4722.212410
4585.302790
3419.759600
2821.094400
3428.573350
4694.122550
4020.063160
3442.738740
3413.882520
3526.747590
4470.545530
4443.470880
2991.845650
2727.206160
3133.715240
3864.000120
3941.258870
4248.393220
4188.296870
2635.023320
3148.051120
3890.710680
5183.525740
4591.106670
4428.635340
3320.688250
4726.365940
2704.249670
4166.262410
3573.144040
5195.638650
3132.508530
3277.876860
3159.742440
3007.962890
3535.433010
3363.800310
2894.011980
2414.914520
2793.777070
3898.250960
4269.297640
4111.650770
3468.856440
3544.362290
3304.081110
2812.949180
4480.081300
3958.788530
4927.102250
3839.562260
3695.811940
3505.382060
3319.179610
4269.345010
3336.326010
4049.225400
3654.977380
3449.989270
2918.768840
4656.377850
3247.267290
3820.335450
3154.943320
2592.466500
2414.067440
3254.205920
2839.114630
3574.154850
3726.891380
4355.683740
3947.938850
3565.499590
2937.323400
3013.594450
3120.624460
5214.602680
3912.187040
4576.633210
3019.985490
3634.873270
4329.814850
4348.410840
3203.301690
3383.415470
4069.447950
3745.203250
3875.051430
3940.204600
3490.738840
2883.351390
4633.664360
2944.514800
3431.676450
3332.576430
3556.053350
3551.178380
3589.930150
3994.852260
2662.973990
3694.204880
2140.658910
2220.366780
2692.715410
1731.121630
3386.566370
4656.204480
2628.603830
2647.307300
3038.716860
4073.053090
2527.406820
2462.047780
2815.232790
2702.241100
2370.960060
2209.684810
2394.434500
2667.072700
2707.777230
4216.142380
3038.916360
4537.361680
2864.253810
3089.645650
2676.162490
1928.376870
3273.834520
2838.319280
3355.075860
3279.990960
2629.186580
2691.566000
4716.554350
2804.041410
2257.120900
3032.157890
2696.672120
3427.544850
1865.947760
2629.529160
2534.891920
2933.787810
2520.980750
1862.954980
2411.119820
2861.272560
4613.537700
2314.323110
4947.173830
2912.234050
2608.202730
3843.791940
3997.095020
3514.370260
2786.249550
3675.635230
3151.950370
2331.088460
1914.466700
2787.141290
2453.714360
2213.428840
2447.105160
3476.715050
3740.646850
2631.353310
4814.243060
2716.633240
2855.849150
2246.423480
2381.790320
3343.274750
4449.529060
3686.885860
2819.117000
3187.914020
2952.632400
3023.490470
4632.963440
4460.801840
3539.255810
3899.058490
2888.103750
3155.847600
1904.624080
3007.727420
4508.643890
3228.515200
2555.829040
3231.780480
3458.551080
2992.199230
3494.194260
3269.053050
3195.977110
3515.483460
3679.205140
3624.177120
4795.949580
4739.440010
3654.490220
2809.112840
3596.744450
3163.333720
3878.973250
3530.693730
3506.108510
3369.036940
3765.149070
2893.200910
4596.919780
3494.886920
3906.210490
3978.382820
3569.162580
2774.201660
4018.810200
3706.661960
2948.094290
2846.193620
4074.670250
4748.616570
3493.007980
4130.067100
3969.785530
2978.904340
3687.129580
3848.067220
3740.796080
3162.407340
3709.126820
4196.198120
4269.855850
3749.828520
3187.040760
4716.731690
4112.549650
3326.664160
2886.490480
3697.113690
2794.001100
3103.420050
3602.233090
3942.367000
4432.559970
3869.467550
3465.509960
2778.422050
3117.610950
3225.491360
3691.781140
2937.770510
3384.010880
3204.455440
3506.346270
4042.698970
3353.487980
3374.576780
3836.314320
3435.431180
5042.649720
3718.632000
4553.207480
3191.323220
4847.788350
3376.627010
4022.675240
3600.883660
4048.419860
2293.515790
3393.021250
3481.703170
2987.072720
2388.950690
4396.053460
2689.446010
4003.884960
4156.149610
3903.138810
3715.260410
4146.590730
5017.690300
4619.237100
3878.295550
3293.292580
3801.947700
3355.351920
4392.419550
3153.486240
3220.931510
5144.719680
3869.714500
1521.805350
5217.906080
3921.461920
901.552080
1550.776850
4159.109130
2408.744310
3358.557150
4648.037270
1902.105070
3307.904210
3233.570200
1728.045190
2712.897820
4312.821000
2346.137500
2297.123180
2686.530990
3831.311790
2293.130850
2519.918440
3781.485380
4656.641880
2016.168720
2906.206240
2835.592940
2659.047390
3521.030980
4651.394020
2667.407920
2295.643220
2886.325580
4201.621010
3193.792860
2517.713010
2738.065070
2375.158530
2791.882750
2765.613180
3164.203220
3539.400730
4679.564420
2289.179130
3185.134270
3982.611250
2736.715920
2608.707600
4913.105320
4050.742380
2741.359820
2570.268320
3945.874830
3611.979840
2169.773280
4893.340780
2579.305540
2236.094830
3004.680690
3020.984160
1904.134000
3912.227240
2944.620460
2853.278820
2574.487430
3495.557030
3273.842960
3574.968370
3565.231540
3559.468600
3005.401150
3199.739930
2678.217640
3913.207200
2985.004050
3082.680610
2798.004150
3024.462970
2000.701970
4906.159790
3316.488250
3428.535700
5034.420010
3958.763250
3029.129290
2755.992560
2203.756810
2310.017930
2028.713660
3627.186290
3462.538410
2966.992150
2961.931610
4016.096100
2618.118480
2782.021130
3203.985560
2518.829820
2470.694310
3770.108400
3959.227710
3797.165790
2846.519030
2546.755270
2183.604100
2978.909780
2504.476560
2944.536110
4443.616940
3684.959720
3631.933450
3079.713990
2942.422310
1899.679320
3847.939460
1878.520890
2631.242980
2683.042510
2633.313580
2196.160830
3064.582430
4066.562910
2707.930190
3352.940470
3656.878150
3695.134590
4758.453740
2534.931250
3598.983510
2636.374350
2848.945460
3910.601420
3573.439320
3328.275790
4481.508390
4925.589440
2458.023520
4287.910540
2395.642500
3254.293430
3025.945140
1661.657950
3813.865080
3949.894000
4116.583090
5095.393820
2980.627100
3402.934180
3991.574390
3728.491480
2669.791060
2080.037380
3362.612680
2935.271170
3235.069850
3507.758180
2371.395210
3524.809610
4969.521570
4490.348180
3121.559350
2974.972660
3605.847870
4521.857420
1631.431720
3193.864930
2688.949380
2690.880590
3525.088810
2597.027920
2560.201360
2665.394410
3616.587160
3847.989720
3588.782800
3239.880450
3303.958710
3939.469900
3842.992420
3973.553290
3749.541850
3827.150190
3362.496880
3179.068550
3703.841340
4072.720730
2734.522790
2804.718580
2683.225560
2878.817220
3712.298830
3735.532410
2660.856780
4675.899300
4318.347810
3821.524550
3652.811130
3331.522470
4134.891210
2248.924300
1976.003900
4256.588030
3190.721130
3661.531050
3173.455630
2395.778300
2803.258800
3697.856900
3811.279170
3105.211060
2816.218290
3419.871300
2979.575340
3665.823870
4628.727890
4844.764370
2906.492900
3187.673640
2439.530770
2536.175160
1771.815180
2961.995540
3602.146290
2731.063740
3416.923240
4666.389570
2610.170960
2518.217350
4363.413530
3036.962370
2892.602670
4227.546210
4445.574650
1978.913480
2263.002700
3509.590180
2758.793490
1804.750330
3065.865400
3345.383990
2352.690330
2633.138840
4560.217250
3009.242810
2098.533540
3517.466980
2200.458120
2931.426040
2348.846460
2990.442040
2371.374080
2440.942890
4137.602430
2777.028900
3948.507750
4823.935250
3125.888010
3155.448020
3290.098610
3001.867340
1720.876970
2638.263640
2760.216270
4503.994750
4004.972330
2639.237260
3521.892510
3769.000970
2837.955980
2266.577710
3552.027140
3781.022170
2371.007220
2071.673560
4513.529730
2623.451750
2734.083510
2456.810920
2933.613040
3471.000150
1759.116370
3116.286350
3800.516180
3958.693900
3767.492760
4953.489170
3430.897700
3038.797690
4561.267440
3122.841330
3895.582700
1796.702480
2274.095260
2670.470900
4040.980970
2540.759500
3811.094210
2672.047560
4465.842160
3055.832880
3945.098990
3823.981790
2673.268870
2428.831150
1400.964640
3701.558000
3061.510630
2210.635790
3954.314480
3917.080700
3990.730620
3555.466800
3665.976400
4164.185230
4099.234360
3585.620320
2913.951180
3962.763710
3894.805840
3649.042810
4023.119200
3804.576150
3624.056540
4022.215900
3781.168530
3506.167430
3842.345630
3919.039480
3754.796470
4041.992400
3901.060130
3844.381420
3439.264640
3609.223000
4230.478610
3966.131210
3782.724050
3692.577360
3745.457820
4019.944470
3538.499840
3829.178890
3311.278020
3833.369000
3447.360690
3502.380440
2863.536680
3803.423990
3743.615490
3726.058000
3755.327010
4052.846010
3897.697990
3859.131940
4113.299600
3794.278490
3322.730410
3726.920980
3706.096880
3696.379020
3604.087760
3499.863110
5157.585580
3408.471810
3443.164620
3679.401820
3951.643310
3997.014950
3543.167810
3508.844270
3962.244640
3202.089950
2899.029860
3125.813400
3450.635240
3263.618840
3277.770980
2994.794180
3614.755470
3676.965040
3519.883430
3479.713580
3835.248290
3813.193870
3549.832960
2952.616790
3789.687570
3369.489340
3043.344290
3067.406120
3478.472910
3581.036990
4036.721040
3402.904370
3472.806410
3133.863520
3886.028960
3255.031520
3828.987380
3685.612860
3831.783880
3373.501240
2900.285710
3749.815940
3946.816180
3396.943630
3161.515550
2755.316830
2844.129930
2995.904150
1748.964450
1789.008390
2347.042710
1551.788470
1794.128490
1706.295700
1758.880870
1742.784750
3365.669970
3416.205880
2873.260740
3261.703410
2867.577500
3489.990050
3492.129420
2745.319770
3541.313600
3020.144290
3187.853300
5510.475480
5486.617380
5266.772720
5417.122520
5504.524960
5464.573600
4661.851800
5200.524370
5581.444270
5545.798680
5523.077520
4709.952060
5005.680800
5456.374590
5310.815440
5361.230980
5252.346270
5678.526430
5431.775870
5711.023200
5271.833020
4472.402550
5760.237760
3534.677460
3953.874050
3845.373870
3868.348880
3831.800780
3782.742400
3885.238860
3773.155770
3807.636720
3749.344410
3875.059690
3728.194270
3413.101530
3840.208950
3489.288690
3776.592630
3525.268580
3867.719110
3828.325360
3865.564460
3425.587860
3831.178700
3462.582760
5232.836070
4755.374660
4828.086500
5254.570320
5473.813140
4889.380140
5263.127620
5086.127070
4992.894960
4948.672310
5129.306540
4817.306680
3207.553290
2911.725500
2555.914350
3018.064390
1537.006600
2858.392270
1766.998610
2702.947040
3719.596830
3280.568080
3008.474880
2712.735070
2556.288350
3505.980620
3326.147870
3683.020970
3983.302200
3577.654170
3974.167010
3363.795520
3725.500540
3563.325840
3397.703950
2703.296780
3084.663500
2538.051460
3174.287690
3372.896280
4122.691460
3133.761750
2555.564950
2818.159930
2121.851830
3309.240480
2761.679180
2903.763850
2775.487780
2723.361490
2462.514130
2576.554800
1582.661840
1671.708850
1494.808110
1225.550850
1552.775500
1134.421670
1133.469720
1628.429970
1595.196100
1047.016910
1623.375210
1712.584730
1267.390450
1807.401360
1955.601030
1360.898490
1528.943770
1092.998370
2844.002890
1156.427320
1119.360260
1494.343050
3182.301840
1522.277350
1316.052070
1401.210020
1389.999870
1269.119140
2243.838470
1766.945850
1377.491320
1383.148290
1392.628570
1605.446840
1511.966730
1982.633550
2681.273940
1294.513830
1017.776390
1127.415960
2307.593940
2362.677740
2571.702650
2073.405570
2462.421950
1609.064600
2298.693940
1184.497760
2792.314660
2898.161370
2220.757600
2417.977930
1699.647590
2219.385120
2348.758320
2225.123420
2707.857000
3163.998080
2365.126060
1879.857120
2791.622080
3299.611340
2251.474980
3984.834190
1802.528700
1659.067890
1710.810550
1996.331360
2310.229630
2815.789400
2264.700170
990.842600
2495.865730
2440.049720
2421.854720
2111.730990
4046.144980
4295.446360
2086.410990
3543.572610
3482.552620
4260.773500
3931.673120
3870.703390
3445.072700
3642.341100
3021.594660
2288.089580
2976.978720
2622.350110
2753.753520
2516.846120
2182.582160
3451.103000
3104.851940
2464.445990
2596.460560
2288.056320
2939.043380
2294.806720
2106.981460
2629.962470
1617.914610
2251.789100
2468.956930
1914.122260
3206.292580
2433.453270
2213.983800
2430.600350
2033.308490
3419.676410
1897.992320
2053.656900
1675.155960
1685.160320
2220.007090
1411.361670
2606.991080
1260.549710
1538.280670
1111.706590
1987.757450
1614.189510
4629.525510
4819.141950
5079.810600
4877.810470
5021.078210
5135.387250
4917.468140
5008.716160
5175.444810
5032.472460
5097.606050
4899.174520
5260.079680
5170.043630
4926.538050
4882.572960
4691.834230
4773.305910
4618.646370
4773.494310
4964.802000
4958.965060
1738.475220
3751.980660
2282.965770
3244.489250
2219.948010
2609.707180
2054.783820
1527.386750
2110.908540
2583.913550
3567.334770
1762.554670
2068.583360
2853.263040
2395.869460
4854.927810
4949.456710
4980.120530
3055.037640
2360.882500
2321.610570
2975.788660
3399.745230
3654.903200
2388.885790
2677.285580
2923.331060
3267.086360
3928.173410
3933.546240
3860.935300
4013.740540
3640.315580
3843.690390
2960.767270
2289.850990
4611.159770
4233.710150
1793.901680
1707.853200
1943.515780
2495.304190
2186.943750
4384.984580
571.434170
1225.793540
1254.321420
2140.626870
3273.059160
2002.558800
2662.778930
3526.684030
4157.782090
4124.940280
3701.969210
3539.666110
4805.296080
4415.657440
4331.694820
3597.147480
4783.611600
4686.555160
4804.122990
4524.031450
4654.588070
4824.306780
5133.767400
5037.331690
4837.504340
3468.491540
4454.296990
4543.523870
4405.103610
4256.606050
4486.863720
3689.572500
5002.113390
4954.771430
4164.845360
3148.873000
4236.200060
4197.526340
5076.059090
4180.497890
4321.220760
4397.960520
4819.297940
4024.134190
4493.238060
5197.806580
4712.317190
3481.716020
1674.708900
2432.932380
4552.651810
2122.035780
2559.050740
1940.043380
3733.942750
2116.272150
1827.426670
2253.824650
2303.002240
3120.918750
4894.067130
1382.003080
3223.399800
1557.809770
2645.482440
3153.199490
4016.072420
3682.166200
3379.490520
2231.880020
2938.735040
2831.292540
4019.991900
3945.836910
2614.735790
3776.946340
4054.616420
850.664070
3881.958390
4011.425700
2598.297350
2466.683990
3554.755570
4086.281280
3564.142440
3416.417690
2500.265190
2137.152520
2166.260750
1892.094620
2364.250770
2009.189470
2447.917040
1412.940240
2933.108870
2462.489190
2068.916880
2699.073820
3067.699750
3877.083220
2204.833920
2364.393080
2167.209460
2607.094880
2828.323640
2269.895970
3122.230340
2089.205170
2366.953290
3564.796960
4076.776640
4427.093940
4004.179450
4589.867130
3665.637120
1537.940210
2561.831140
2816.919200
3050.083970
3819.635550
4492.973540
4709.930170
4284.467160
1972.300950
3534.282170
3245.428810
2635.600050
3154.809120
3518.406970
4358.146600
2298.628400
1592.610140
4490.717710
2578.125130
3751.136000
3881.371570
2657.303150
3093.379370
3606.888720
2114.070490
3623.476680
3358.289350
2892.797370
2016.860090
2448.599570
3374.939250
4899.035570
2546.705970
2754.611360
4580.032210
2950.442570
2181.173550
4909.017430
1952.458240
4427.923740
4572.921760
3030.862390
4907.806000
2837.538690
3225.395410
4612.684840
2638.722450
2585.845730
4593.741540
4538.837230
3610.566610
3916.443760
2514.730960
2532.732650
4223.796500
2966.453750
4093.528530
3609.719740
4443.647780
2559.994880
4585.686520
4591.641990
2981.349790
3275.813080
2386.510750
3087.352640
3732.918810
1666.403960
2067.552360
2635.878170
4368.357090
3131.538080
4865.320510
3596.216430
3575.332390
4580.043310
2917.371940
2700.345550
2477.406230
3858.983730
3852.625140
2184.675950
2446.524940
2780.263210
1895.222410
2908.676410
1697.645530
4565.396230
3857.987160
3512.239390
4409.989290
4815.078050
4625.803010
2938.629150
1433.705580
4172.697770
2309.811400
3287.675640
3665.892970
3404.652210
2513.977990
2806.607490
1472.524480
2426.767010
4181.549290
4858.565370
1886.910390
3619.393040
4717.217700
2296.192170
2635.432100
1560.691710
2282.120330
2812.948390
2207.713700
3898.304430
3230.316690
4422.103700
2471.516980
4672.035390
4520.622830
3375.745760
2661.267090
2793.032420
3505.297370
2994.307660
2982.050670
1581.782910
4802.229480
2054.539040
3369.821980
1741.128540
2968.678450
3553.905220
3824.300060
2516.672360
4052.836570
4351.386720
3147.748970
2282.297400
3578.857540
4286.084450
2759.099300
3622.134560
3836.614080
2960.075230
3224.436820
2072.967600
3708.298420
3142.735590
2452.633400
3785.130010
4750.092390
3987.053100
2613.762030
4083.720430
2600.063030
2368.805580
4424.975700
2820.873940
3226.145160
3552.842600
4124.082790
4838.750180
3179.279110
2964.795430
2865.241720
4054.154650
3488.096740
4195.205540
2941.460010
2731.835740
3320.066490
2637.841600
3066.864760
2972.974550
2134.975950
3960.848830
3287.903970
2850.639860
2922.379640
2326.472470
3217.799480
2919.424210
2199.144360
4102.608340
4288.067000
2887.588280
2778.764510
2765.140170
3027.981690
3810.262750
2849.495360
1873.842640
3610.675050
4533.657800
2967.483330
2783.968910
4794.482880
2786.457920
3564.573650
2462.036970
3134.505870
3487.993120
4547.822290
4001.999970
2491.106440
2427.444570
4579.422000
3567.232100
3857.279920
1174.081450
4205.819390
3041.788260
2392.048110
1861.312980
2251.665830
2904.120530
2598.808070
2492.588660
3844.066070
2475.150950
3104.695990
2607.434130
2776.213030
3797.804100
4042.992330
2976.846540
3801.117150
3559.603160
3244.957000
2209.909220
2011.563510
1640.745890
2170.947490
2495.985010
2358.824250
2617.647090
3104.464830
2310.894610
2549.762940
3246.236620
3166.494350
2364.741310
2359.153390
2664.570530
2692.969780
2804.995300
3395.719730
3144.110080
3139.944160
2595.950610
2961.200360
2648.891020
3624.830870
2474.991640
4158.920920
3046.558030
4305.367630
3454.589460
5107.992440
2978.526960
3768.354650
3787.071490
2490.236100
3618.903010
3422.241780
3477.258290
3542.715890
3510.655990
3739.194430
3511.465050
3242.018140
3444.908330
3312.887590
3485.010800
3948.145110
3146.432430
3556.598350
3511.246120
3341.401870
3690.412070
3289.385930
3105.430140
3877.040810
3788.602450
3204.540700
4460.444780
3575.359780
2898.009140
3383.324120
2960.807360
3348.797070
3505.502240
3334.617100
3185.285880
3193.571400
3766.602440
3544.191030
3788.235840
3872.175720
3684.397830
3572.203160
3746.156500
2969.297840
3737.543910
3592.452980
3609.034130
3663.298510
3792.113330
3638.969590
3968.436520
3542.905250
3587.806180
3827.317040
3293.047170
3458.831540
3601.287540
3372.238800
4135.850820
3215.854330
4208.167480
2912.085900
3077.143600
2462.712270
4284.672180
3639.448600
3701.535720
3515.588270
3572.085990
3603.815840
3262.866570
3596.717280
3666.110750
3007.104150
3593.976520
3393.660120
3344.806970
3815.058640
4229.967110
3100.272360
4905.596100
2940.179260
1872.028610
3157.556920
3546.875650
3663.637190
3322.255330
3329.918550
3528.818860
3645.072450
4046.993780
3549.120820
3692.802960
3392.667450
3422.977400
3701.518130
3240.075900
3524.604640
3411.522480
4909.433860
3355.006920
4214.114540
3971.561300
3518.506940
2548.663800
4105.949900
3840.164470
4117.160560
3763.412160
3742.617330
3883.094650
3305.865480
3723.699750
3949.872300
3453.022270
3317.098860
3255.841690
3875.643670
3873.150350
3364.175940
3807.832680
3390.378380
3885.632840
3389.816770
3329.758590
3638.753190
3710.543490
3607.293260
3679.656290
3436.065120
3746.593540
3939.109850
3310.057590
3758.174030
3585.636720
3491.289890
3715.001190
3112.399170
3636.660630
3467.613670
3773.465120
4036.631900
2577.783200
3903.167680
3791.533070
3868.737140
3821.853420
3694.538910
3671.860190
3717.341790
3414.494920
3834.386220
3651.937170
3859.259380
3912.951500
3557.020390
4061.135740
3393.694980
3197.231530
5166.801820
3713.813870
3604.600090
3506.216880
3668.941770
3495.430750
3733.872710
3792.081710
3510.707470
2933.429340
3221.645440
3855.220600
3725.158790
2959.284400
3863.138260
3308.129380
3199.152860
3723.578420
3202.653980
3979.088260
3470.548130
3445.499290
3824.279080
2711.207700
3266.242190
2772.922420
3004.938790
2812.257510
2931.600690
3037.217340
4162.041660
1994.987810
3021.200000
4288.126840
3299.376170
4561.911340
3314.339560
3723.737910
2952.744980
3521.209200
4526.168780
3462.811250
2754.503760
3085.834920
2857.342280
3555.395560
3242.838740
3195.104760
2630.943110
3388.449110
2785.460990
3701.230530
3384.376340
3527.079620
3389.113650
4404.741870
4915.065320
2932.901700
3461.866280
3728.978500
4586.209770
2384.690420
4505.409770
1294.959140
4105.128950
3277.243200
2806.455330
3733.364150
2096.091520
3718.141040
3932.963390
3893.497570
1519.897650
2562.812650
3928.814690
4064.314430
3798.161770
4034.425490
3791.783610
3227.262860
3773.208730
3541.948610
3993.650130
3790.994170
2553.010960
2118.512900
2459.171920
3988.313860
3106.771730
2388.820500
3921.070720
3499.698950
2187.662020
4438.005090
2181.749440
2541.235480
2483.221080
3428.727640
2086.353260
4046.542590
4588.214390
3642.151340
2187.432920
4204.902200
4324.901700
3351.928940
3290.328370
3397.040700
3112.241100
4173.035540
2587.830520
3999.760190
571.645590
1288.294580
994.342940
757.454980
2731.517770
1904.497500
2282.495600
824.387750
728.720020
1188.628850
1515.505190
1191.797280
1782.762930
2571.042100
2077.157230
1819.469810
2131.158550
2481.911950
1759.979980
1260.894300
1118.252400
1829.181800
2195.779170
1777.135460
1508.922580
1994.925070
2004.512840
1726.106840
1207.482750
1675.586610
1861.593160
3372.230590
2020.530050
1395.832940
2161.338770
1316.904130
2309.378310
2212.227540
3080.696900
2389.433220
2630.515100
2532.696690
3464.325070
2613.774730
4120.209740
4386.167120
4775.628340
4300.006770
2491.866210
4042.078730
4841.985320
2584.296050
2181.890010
2958.046620
3940.376900
2428.409140
2543.946180
3900.816730
2135.183060
3237.567460
4024.486880
3465.687860
3471.737400
3458.537520
2184.304830
4741.682350
3283.768510
3247.966380
3611.936080
3049.397830
4388.455880
3473.278420
2903.732370
2473.405260
4228.808440
4026.488980
2898.424930
1915.263650
2424.955530
2426.122020
2500.896830
2896.006850
4361.968800
3792.649780
2370.295190
4556.849000
2763.913820
4098.992300
4124.583180
2533.409080
4857.756920
2978.923270
3079.836070
2712.895180
2891.745630
4563.891710
2926.586810
4953.360290
3514.369130
2682.381870
3285.317960
3025.705990
3802.401480
3172.793560
4369.214800
4885.268040
4477.720680
2866.871100
2506.293510
4007.160570
2319.415190
4228.433790
2558.642840
4567.408410
3252.806110
2300.798960
2686.667220
1839.455760
2878.616950
4659.617860
2683.921980
4265.589160
3521.614840
3893.100540
1791.659540
4623.465700
1943.129870
4481.327370
4023.744710
2273.988810
2473.069910
2238.309030
1402.759250
1421.125210
5029.184700
3482.882060
3440.307250
3055.142180
3419.784220
2954.360410
3529.414550
2853.070450
3547.940570
3310.993200
4548.913490
3235.693410
4979.227900
4641.446010
2712.833620
3829.221870
2616.535620
2476.844660
2553.516810
3823.639210
2470.908760
4525.574820
2546.652180
4554.554700
2310.193240
4227.093990
3996.382160
2012.910910
3207.467690
4394.344830
3741.466310
2493.463710
2343.969740
2755.580330
3492.300180
817.226160
3732.174770
3576.889800
3801.412770
3197.563320
2345.689590
3866.537870
2300.449510
3071.049930
2442.060650
3090.438740
2789.067690
2394.890430
1671.648080
3415.649870
3170.987490
2198.695220
3140.178670
3462.670290
2270.897710
2830.023990
1484.152700
1574.841140
852.723390
1605.991450
1259.325180
1482.383850
1418.950210
864.382230
1384.967580
1258.831580
1655.211270
1162.629680
1572.619870
573.099850
1565.333710
1663.437800
1516.693170
1728.809990
1349.199820
1452.077400
1723.395970
1229.646860
1310.673430
1673.938920
1332.778500
1669.164940
2323.952890
1643.471740
1435.070600
3700.568110
572.886260
2683.298870
2826.424660
2748.822950
5485.689210
2040.358290
5718.452010
5290.620390
1192.556060
1446.144670
2087.922410
1410.884980
2578.042170
2097.013070
2318.867460
1535.219860
2391.908170
1861.478110
3851.449590
1501.200020
2035.685570
5119.443010
3750.339870
2814.295210
2323.960030
1978.630790
2815.018120
2315.082760
1764.341340
5428.697450
5032.902600
1465.840420
2296.105800
3931.957480
2147.339710
2204.840730
1357.411550
2710.513740
1802.983490
2130.112600
3057.052240
2919.686720
2512.523360
2975.825140
3225.767430
3609.977980
4246.757870
3696.311080
3875.199210
4014.472170
4053.116090
4014.008890
3839.545400
3890.747800
3865.107740
3702.812290
4017.012050
4144.132940
4201.327620
2840.878830
3045.298820
3872.291820
2815.295500
2836.919670
3057.180740
3570.966260
2590.379980
2593.630040
3584.084870
3271.595600
4009.984860
3240.716360
4560.197460
3447.666580
3304.924750
3326.915160
3600.003600
3516.514430
3650.467720
3239.535290
4362.906570
2777.112430
3179.359600
3513.147960
3452.502200
3872.947940
3499.470710
3237.647360
3559.542240
3188.902620
3521.374740
2405.870320
1606.274110
2492.056570
4165.213180
5417.411560
4189.183530
1667.670740
980.547170
3730.455910
4041.404190
3026.829060
3335.960400
3167.852630
3415.242230
3450.015740
4256.270020
3586.366430
3591.518630
4381.089030
3892.016020
3768.429980
3505.297380
4199.893950
3829.730200
3599.274750
3870.568200
3684.717180
3597.898830
4168.099450
3778.307790
3712.055830
3731.238860
4395.676850
3811.956200
3451.712700
3824.110060
3637.636810
3849.040630
3741.902290
4752.710530
3448.186690
3697.062680
3719.944020
5346.700090
3058.548260
3793.986530
5030.370860
3608.772930
5102.431310
2181.042920
5101.845590
5289.326140
5179.569190
3153.442570
1221.609040
4462.915960
5261.704000
4552.023940
1011.807800
3717.143930
970.212060
4594.717220
4039.261620
3562.331900
3586.141360
2964.741810
2978.417640
2754.953750
1744.412970
2240.971690
1817.475480
1871.091170
3711.401430
2111.180020
2967.920490
2223.401860
1764.294650
3956.263510
2269.877030
3305.771460
3753.243040
2397.298240
2256.139520
3245.304450
2802.867330
3645.028860
3465.498790
3459.893350
2354.527020
2071.996710
1397.206630
2011.354090
1297.660640
2908.530360
1483.379660
1056.740350
639.073090
633.371390
1332.709180
535.669930
1052.342180
2459.854060
2487.957340
4428.000840
3218.837680
4565.194380
4280.214280
4341.372400
3353.960060
3460.047550
2723.430970
3803.988120
3824.293900
2215.517980
1588.610590
1670.494350
4197.608740
4399.980010
2396.338350
4604.177610
2455.648610
2249.542090
3912.078500
2794.432800
4456.282670
1149.027380
3978.669340
2643.251950
4559.269910
2286.578490
4490.083390
4089.568090
4261.786930
2202.938390
2016.537480
2356.532510
4558.774960
4126.299720
2931.255730
4284.433260
3818.467590
1640.161690
2981.872480
4364.880460
3898.267800
4664.105320
3876.895170
3514.338360
3133.888030
3103.937860
3043.648220
2545.328070
3354.133960
3378.964060
3336.847690
3186.330180
3454.715310
3157.595750
2868.080280
3092.303510
2630.491150
3300.281400
3028.165810
3139.764680
2587.551680
2531.830190
3059.556230
3391.560280
2721.374160
3143.642870
2703.706450
3097.009980
2921.941290
3226.336550
3287.634830
3317.703770
3091.382450
3255.680740
2861.938040
3367.858910
3346.878560
3411.113720
3133.970800
3348.096700
3605.646300
3093.504150
3072.215910
2950.703140
3059.096540
3061.962800
3304.196530
3160.459290
3194.978940
3130.792610
2757.853070
3378.044750
3035.841180
2479.195170
2844.412510
2848.871500
3464.658830
3024.378250
3193.066780
2970.433150
3178.456350
2821.553050
3217.761810
2939.049650
3307.183610
3401.020290
3273.911520
2509.109450
3112.279610
3137.908330
3247.052490
3014.560520
3420.642640
2920.714210
2460.554360
3201.389650
3215.086580
3294.542410
3472.813860
3177.314830
3134.872090
2377.372740
749.771470
3480.733230
3477.128200
3341.721120
3393.834100
2396.978110
2823.396380
3374.479460
3304.352600
3476.007910
2377.869680
3501.416320
3133.884930
3217.893200
3026.453810
2833.278670
3335.945830
3385.723820
3285.952120
2739.596570
2341.305290
3376.210170
3326.850010
2826.523140
3005.955910
2939.554400
2864.823450
1823.652710
2997.129090
3244.006110
3034.008410
3314.468910
3121.719220
2972.010300
2980.104390
2437.119930
1493.822520
2767.714240
2819.487700
3178.197080
2968.668520
3220.030950
2699.159150
2920.706610
3066.792930
3405.930700
3297.782320
3282.672480
2786.267040
1881.161290
3074.042580
2614.737590
2958.438260
3237.713370
3292.723090
2923.158850
2111.699010
2939.298810
3271.010550
3144.035790
3382.927270
3004.611440
3127.215500
3252.968840
2477.524760
3401.595080
2413.976960
3288.167320
3155.920010
3371.775000
2947.482840
2704.633160
2983.093670
3231.323660
3252.256350
3319.358840
2314.561320
3224.148340
1201.865420
3505.706850
3127.475840
3526.301650
3236.570370
1973.476700
3369.922450
3392.298220
3409.438350
3105.487630
1470.284460
3057.352590
3386.858440
3505.978730
3558.908200
1284.770930
3249.207910
1934.384920
3449.076370
3436.856040
3542.634230
2836.999190
3112.514680
1602.886930
3401.431110
2091.837500
3351.594430
3298.015670
1595.507330
3155.433970
2364.216010
2765.357230
2932.525060
1395.529740
3199.403970
2400.311010
3297.257680
3096.538060
2920.942480
2716.422910
2872.527400
2935.590980
3323.008090
3116.301070
3187.499360
3296.283480
3022.652330
1913.283170
3021.548330
3287.187670
3228.018200
2277.645270
1803.281150
2531.723260
3050.964400
3305.243470
3064.644920
2976.538140
2513.394110
3127.700540
3242.960470
1990.840560
1098.727980
2139.454630
3009.725990
1392.546180
3396.856500
3253.767490
2991.012810
3388.317110
2664.799790
3239.235440
3361.759060
2364.709910
3378.226280
2986.832380
3021.737840
2993.634350
2736.711910
3108.088770
3196.259740
2163.786200
3334.710110
2981.269900
3330.844120
3059.498130
1863.439240
3394.451610
2767.233850
2682.022170
2875.996940
1625.506200
3482.359290
3260.359060
1666.033130
3313.944460
1228.961980
3260.225020
1403.721940
2932.815150
675.133050
3417.320110
1212.596000
3467.493300
966.187190
3228.591700
2075.251490
3243.880960
3487.803310
875.356560
1443.165380
1891.130410
774.337020
3343.003950
2704.748620
3151.029830
4160.218550
2198.756510
2574.486260
2768.105360
1735.932920
2609.888280
2901.475620
4156.190590
3426.806880
3475.372600
3762.446430
2127.411020
2308.709770
3909.838640
2487.242060
2926.644400
2562.171600
3392.234450
2286.548120
2746.226560
2072.255060
1654.095890
1968.117280
2135.774160
4134.236080
2378.699090
2594.276090
3876.343600
1320.169480
2020.037960
2770.465330
1957.721810
2265.389020
2426.856790
3057.626620
3688.929760
2797.366370
4140.990700
1934.551980
3295.975750
3091.818240
1637.699960
3045.241340
2700.785550
3035.064710
3256.123810
3888.016220
3935.590320
2083.688080
2685.594780
2627.539190
1840.129230
3525.514350
3733.780530
2728.366990
3239.423720
2104.495280
2234.898690
2971.209680
4096.781060
3578.616190
3434.350290
3040.085220
2747.620060
2042.653260
3357.105780
3631.717980
3603.726670
3039.402270
1712.816750
3897.157210
2627.988670
3559.787090
2545.468690
2413.466810
3451.353970
2472.251530
2308.651520
2771.416840
3186.503290
3132.515830
2588.501510
3402.709310
3292.222380
2937.882370
3080.788550
3211.159000
1876.668270
3088.073730
2987.855860
3081.944650
3026.414170
1933.112390
2458.785930
2530.072920
2042.532580
2589.931470
2001.473910
2904.331720
3189.094770
3823.277990
2577.623620
3279.186470
3038.315730
4250.279760
3099.476960
4331.348950
4132.517980
3374.874890
2702.098940
4048.856630
3557.284490
3278.246560
2643.291460
2166.954570
3739.753810
2714.824440
4475.067240
3274.273680
2632.665460
2841.664470
2955.294220
3068.503790
2596.182150
4063.247620
2798.213830
2660.831190
4882.005960
3440.244700
3161.904600
2661.388690
1359.097560
3505.652560
3981.754470
3482.925950
3313.272510
2687.717400
3276.731780
2884.928160
2935.545880
2891.419260
2648.376060
2860.480740
3845.304950
2840.791660
3389.500270
3177.255270
4327.784740
3158.727840
2867.790600
3675.166470
1962.892810
1870.731600
3672.263440
3860.716090
2699.910760
2536.960460
4125.539300
4670.751630
4520.125160
2340.493970
2267.246140
2871.982700
4194.032670
2111.795820
3699.409650
4919.111300
2381.663150
1410.125950
3915.805800
3647.613250
1885.997580
2977.643860
3854.989690
2429.821150
4163.941640
2873.305780
3995.677730
1935.533720
2705.809860
2609.362980
5163.235600
3808.912980
3699.101190
3782.971710
3134.902310
3242.626480
3033.390960
3078.628930
3672.656130
3428.279600
1809.483290
3078.760590
4328.518750
3436.531410
3066.322940
3375.217620
2796.349590
3981.274230
3053.057020
2848.138530
2338.483960
3534.616030
3468.130870
2103.813380
2123.788200
2036.188030
4359.245910
3061.161440
3112.148600
4322.812830
3144.491720
3267.776280
3316.315670
3083.654720
4112.635420
3749.634880
2944.427690
3659.634940
3333.285280
4246.805670
3389.425660
4364.748730
3792.944420
3371.383150
3559.064810
3271.436410
3515.970760
2920.662950
3149.927470
3688.008610
3227.800660
3083.668950
2797.444190
2889.750780
2983.449150
3740.703910
4127.352630
2446.926520
3566.594030
3081.222720
3476.460600
3789.339030
3919.184770
4095.713350
4175.112330
4077.188190
4063.549620
3758.931660
3797.403330
3206.703640
3982.677010
3522.646270
3690.309790
3024.351570
4377.364570
3196.499660
3294.471000
3055.614580
3635.867180
3598.555780
3160.680420
2899.612020
3090.838120
2647.489620
2600.443700
2690.617310
2992.957520
2566.269130
2521.010730
2579.822160
2399.476560
2522.643680
2487.320890
1282.060810
2736.252560
2769.306760
2251.935640
3022.753130
3006.053620
3150.920040
2734.210950
3693.983320
2234.729710
4543.532590
4819.987760
5403.709290
5514.847890
5530.557540
5261.529800
4697.281230
5295.881110
5237.644690
5055.314910
5426.952740
5302.942930
5341.733450
5387.293020
4510.589980
5390.076680
5608.806570
5397.549700
5393.981720
5487.822210
5250.011010
5581.576350
5450.147390
5527.487200
5389.257970
5431.238810
5137.049470
5439.172020
5317.475520
5377.884580
5515.939330
5561.930470
3690.384000
3472.516980
2858.714650
3604.139080
2712.218190
3086.623720
2820.204310
3102.906340
3167.730450
2641.964750
2910.533580
2925.783370
2640.553400
2752.307670
3065.404260
2850.290200
2907.544470
2963.127060
4220.227790
2934.789170
2410.603110
2494.712870
4388.454950
2580.261650
3741.856290
4550.085320
2258.257000
4525.765480
2986.294460
4797.128640
2595.055800
4777.092110
2732.436200
3191.007420
2817.686790
3301.961200
3270.625470
4863.258360
2710.693960
2879.704220
3206.017920
2812.848030
3406.131860
3427.802970
3469.931490
3439.321560
2846.320620
3230.020520
2794.191200
3021.967440
3375.413450
3162.921770
3354.442670
2797.859550
3293.445300
4423.101240
3551.888300
3181.913620
3343.611320
3499.204820
3288.423020
2930.725780
3099.458460
3012.906570
3443.457360
3361.933340
3524.945150
3400.883460
3737.169190
3379.856200
3805.334760
3413.778830
3017.085520
4222.008510
3260.109700
2965.933200
3648.203190
3205.648520
2699.788410
3402.533930
3628.017660
3238.379630
2097.191030
3405.773420
3492.171720
3765.108230
3344.087110
3663.557790
3425.191190
3344.896900
3635.594630
3151.093080
3633.540500
3300.221510
3373.309780
3420.153760
3273.366910
4978.922770
3635.411210
3454.473080
3258.397630
3031.585970
3084.188960
3670.881350
3696.460640
3692.365850
3577.676590
3404.716870
3486.465630
3492.950940
3212.228500
3763.177580
3096.698140
4138.110660
3623.713440
3470.554360
3770.812700
3214.750530
3606.264690
3026.851020
3236.871270
4519.819680
3044.493970
3532.937930
3466.675050
2542.057950
3376.898450
3298.602250
3389.363270
3259.804850
3420.204630
3328.449820
3110.468600
3410.039280
3089.625260
3404.815650
3433.210150
3331.429990
3455.804770
3410.226720
3500.073430
3426.812680
2837.365730
3657.060980
3018.493920
3562.917910
2995.153050
3412.686810
3761.786420
3328.051570
3507.882720
3401.382770
3610.017510
3629.595090
3603.886250
3370.431690
3250.958610
3730.797710
3467.497170
4131.040100
3498.125490
3513.396290
3464.121230
3676.086750
3445.695590
3871.251420
3422.590370
3856.524590
3461.275210
3526.669990
3392.747180
3417.722800
3140.212180
3524.614590
3338.781140
3641.928180
3249.105230
3084.643880
3490.480270
3421.220430
3567.103000
3540.719490
3820.325750
4018.160080
3578.374420
3462.082760
3673.774000
3484.659590
3802.598880
3275.177710
3260.670330
3588.042280
3644.385280
3762.115090
3782.596090
3754.277140
3143.352570
3587.316540
3633.546260
3416.513640
3730.721230
3550.630580
3587.340980
3747.779150
3417.253800
3576.444750
5106.247210
3312.538750
3875.336910
3303.334020
3538.901550
3545.055800
3527.881550
3644.710870
3578.180810
3586.588160
3445.081950
3493.349630
3326.140490
3291.110810
3459.567860
4864.810110
3522.815950
3389.541860
3743.692300
3726.901320
3663.252530
2967.830870
3556.714360
3370.032680
3815.788600
3740.685560
3245.950520
3156.209430
3069.977640
4095.254890
3434.438300
3546.726110
3665.791990
3480.901630
3198.833000
3230.180520
3721.797530
3475.376240
3850.738720
3532.335350
3476.095640
3514.757500
3871.956750
3387.418170
3431.120240
3813.661330
3354.349030
3671.290290
3696.234160
3428.773040
3920.426670
3358.336820
3743.467850
3145.604560
3652.462380
3563.597840
3259.076660
3747.303520
3742.357220
3644.849420
3714.965430
3478.912180
3807.129820
3776.865640
3595.133790
3930.298340
3676.102110
3652.889350
3279.117870
3709.674300
3643.809050
3993.753670
3835.862070
3972.326170
3209.933060
4115.349390
3811.038160
3685.738490
3663.653920
3706.061530
3789.727660
3485.703000
3775.676750
3517.884950
3632.392210
3974.036050
3680.077080
3783.132680
3663.103940
3645.547610
4006.966250
3746.046190
3698.092600
3898.460940
3588.445060
3399.416340
3857.376850
3738.144060
3732.471310
4066.062690
3992.823510
3758.788590
3531.422460
3717.891710
3654.187140
3792.970480
3822.763270
3565.238300
3837.536980
4036.104660
3499.827380
3487.337690
3548.602560
3934.722460
3595.970540
3748.349130
3819.516480
3476.145710
3646.276110
3696.697080
3431.836060
3724.907050
3583.867430
3222.759270
3851.623010
3409.012730
3606.381300
3339.303430
3638.132620
3878.277570
3688.113780
3652.793550
3511.624330
3680.317710
3554.553230
3365.807160
3570.373540
3764.855700
3591.003360
3690.652650
3551.948190
3762.393010
3443.340830
3688.151650
2780.771670
3107.797520
3602.122730
3433.022080
3672.092890
3665.882490
3773.485890
3568.221980
3889.248590
3600.695430
3646.143930
3619.421320
3867.605510
3575.069870
3949.251030
3508.026860
3982.163290
3703.280100
3680.899040
3508.907200
3407.599890
3856.249580
3698.819180
3595.605660
3675.114610
3616.268780
3685.074990
3724.772390
3665.061310
4014.325180
3673.871560
3448.204180
3833.923870
3752.173870
4049.259150
3858.085650
3578.658260
3871.828200
3685.929660
3662.934320
3674.570680
3595.418040
3522.671900
3718.492970
3431.232910
3357.815100
3507.093440
3299.028450
3862.711070
3710.534830
3873.322450
3624.934550
3886.790560
3747.197130
3752.441310
3439.551330
3860.338960
3511.826140
3802.762970
3955.836820
3836.668570
3622.821680
3785.672530
3741.610590
3618.776370
4173.065040
4010.597090
3658.454660
3798.585320
3673.476970
3807.066640
3950.650750
3609.720620
3560.265160
3729.502440
3701.709870
4020.923330
3699.957760
3882.382240
3674.355020
3779.235550
3759.023280
3658.711220
3702.929300
3518.931560
3696.283930
3835.561110
3589.884820
3096.266000
3868.452450
3585.694930
3745.659510
3807.640370
3647.444720
3764.358170
3670.675780
3859.598460
4021.968980
3620.565470
3772.987430
3619.085770
3741.656630
3565.261050
3439.581250
3164.181810
4285.656120
3776.428990
3696.157090
3491.881060
3952.683890
3465.199550
3423.303660
3598.967150
3518.211630
3869.751580
3836.770270
4098.569140
3938.795970
3481.948940
3669.361870
3684.144160
3413.756440
3596.397600
3670.205780
3487.323810
3908.654650
3266.667730
3348.605900
4415.033670
3930.088540
3915.969720
3303.855090
3561.864430
3903.344980
3747.612220
3608.747960
3741.693260
3744.709020
3932.115710
3826.213520
3703.710000
3932.813630
3623.024120
3554.422460
3941.058330
3803.428340
3878.257310
3935.142820
3864.513420
3746.111640
3556.479230
3674.720680
4102.294400
3893.165930
3733.829050
4175.293480
3668.181710
3828.855730
3760.301830
3643.047430
3813.219330
3970.082630
3729.789990
3785.447860
2851.799610
4092.862830
3887.527650
3511.793210
3800.817050
3964.230490
3975.822480
3824.060300
2360.410260
3936.845320
4025.184610
3640.621280
4543.283750
3842.120660
4097.626930
4107.521800
4292.011380
4623.846060
3984.735550
4025.148170
4061.123720
3699.907510
3940.358760
3633.172480
4089.920050
4006.962850
3966.701030
3632.839810
4048.681500
3334.980460
3691.934150
3804.942610
3936.029280
3934.403300
3969.693950
3669.744710
3647.451710
3688.644800
3647.429560
3853.911490
3700.460430
3677.782370
4074.410400
3880.022340
3620.453670
3799.341280
4330.455360
3495.786120
3854.093680
3827.090800
3867.200830
4100.539430
3814.070760
3726.847620
3387.223490
3328.999210
3999.870180
3881.213390
3960.977950
3482.760600
3520.813580
3501.072080
3941.474150
3117.447790
3344.414850
3548.924100
3306.447110
4016.179870
3818.336150
3736.595590
3820.469330
3906.484380
3939.053420
3707.152930
3544.832850
3489.450850
2604.664290
3357.209060
2793.171200
3273.727890
3644.754800
4007.026980
4376.979040
3399.233650
4175.294270
4282.946620
4404.071790
2368.883930
4044.266690
4237.608140
4070.351640
3769.594540
2677.678180
4688.821940
5042.098720
3609.367940
4520.688570
4105.989070
3531.860570
5087.248160
4529.233350
3496.429710
3438.654320
3571.396170
3314.090060
3043.520130
4192.762540
4131.514220
3804.969160
4069.203140
4830.921980
5059.201550
3785.299350
3566.914970
4241.376930
3264.042220
4051.285720
4276.607090
3794.453150
4452.613160
4326.847680
3624.523960
4410.942910
4404.416320
4093.118870
4305.341630
4494.032950
4159.271860
4503.459620
4139.131660
4316.990390
3202.933450
4172.398780
4570.581890
4104.763750
4364.963860
4425.575120
4376.100020
4476.878950
3910.684910
4037.737620
4722.115660
4411.837240
4310.967240
4250.132130
3254.888020
4460.473570
4054.081540
4170.253930
3068.766880
4001.375670
4120.067310
3802.864350
3721.795430
3558.708490
2606.415500
4048.514310
3999.486470
3691.048870
3913.184430
4588.709740
5870.576580
5730.085570
5920.786780
5846.686890
5661.140110
5744.615680
5977.217510
5925.139830
5616.057800
5528.705910
6045.780710
5618.110560
5879.849550
5772.995440
5354.240870
5827.077060
6006.986580
4722.413720
5844.664790
5871.452510
5661.157070
6165.278830
5729.351010
5874.580130
5969.076090
5857.429550
5564.749450
5811.646370
5790.136270
5963.133420
5795.964810
5646.508110
5953.248590
6000.043090
5828.564600
5849.421010
5823.361640
5698.528290
5375.026140
5935.442930
5813.717200
5611.383790
5738.703660
5622.145270
5870.009960
4493.427240
5698.700370
5801.939220
5869.621070
5792.215960
5638.694560
5880.563190
5773.718430
5785.130260
5585.413800
5786.841240
5837.906310
5786.994470
5789.294060
5747.974030
5679.672960
5793.571670
5619.644410
5477.638790
5766.621050
5856.994770
5746.654430
5808.943080
5753.414260
5724.012710
5855.020930
5925.409700
5800.263850
5821.130690
5706.240440
5801.779890
4475.241700
5494.268750
5711.005180
5039.431070
5343.912720
4522.663750
5488.341330
5021.702200
5181.032980
2684.099910
2702.067410
3051.438740
3533.868080
3389.894980
3931.235340
4975.545570
3907.314410
3410.265190
3425.626600
4408.106530
3806.043570
4355.156090
3275.204190
3389.358350
3197.384810
3469.911130
4010.267450
3453.497660
3282.391780
3666.663760
3008.367440
3636.517810
4129.612760
3661.930730
3103.194470
4097.280560
3371.469970
3946.967400
3669.675910
3623.612600
3893.952040
3307.269880
3674.120150
3755.582760
4042.246210
3814.326040
3516.569450
3977.629950
5053.342780
3608.184960
3510.961150
4080.734340
4517.276260
3858.341700
4024.150470
4211.341680
4562.252660
3913.379860
3672.075590
3965.953740
3958.765440
4121.161810
3797.585320
3853.977870
4307.099370
4300.453470
3505.957540
4122.978990
2929.050520
3780.560550
3185.744870
3809.754720
4269.252170
4180.622710
4311.986420
4281.500460
5094.855080
3919.800390
3756.380160
3970.594290
4285.252740
4623.481310
4285.335310
4001.512700
3918.323110
3901.603120
3294.863620
3664.579840
3183.272340
3812.357180
3410.796170
4044.593820
3886.147960
3236.085480
3989.741860
3970.327250
4694.871180
4366.425310
3576.381060
3561.437480
3783.720920
3888.232350
3737.618120
3641.340000
3727.551480
3341.646650
3681.324470
3097.817030
3220.610390
1942.302030
2874.883880
3727.204070
3632.299500
3988.634520
2283.545540
2281.046620
4768.403460
4972.737270
3769.047160
2569.716480
3338.947700
3737.534060
3645.872410
2942.013800
