6810.476580
8498.254560
5470.567550
8298.023630
7224.472150
6706.918200
7173.066350
7280.548200
6967.618770
7163.162010
7166.740640
7243.966500
7173.245560
6974.249820
7191.589310
6786.218750
7243.989530
5769.827300
6726.784820
7038.683320
7127.522220
7256.201470
6948.204710
7071.247580
7093.288500
7520.769840
6761.345000
7165.429600
6785.301330
8280.277000
6916.761790
7314.079490
7200.915170
7599.178510
6618.210170
7021.525810
7006.671580
7126.618220
6003.892790
7064.387890
7159.902940
6931.081640
7104.554850
6977.818330
7109.721950
6933.181420
7145.733370
7484.526060
7078.957230
6582.895970
7781.920580
6994.467270
7062.408600
7026.175800
6860.249890
6962.288090
6429.055660
6777.702990
6980.675680
7115.345910
7261.522610
6480.987000
6553.008180
6007.365820
6878.556820
6644.107690
5169.154520
6945.907730
6401.099980
5543.515850
7189.116900
6327.005660
5353.157760
5843.170170
6627.913080
6698.469830
6969.483260
6640.052270
6703.328160
7680.143250
7519.719600
6212.943190
6714.463290
6915.079330
6446.039110
6758.999110
7001.109300
8078.617540
5642.609510
8018.745420
6625.183620
6929.086320
4818.372950
6991.759070
7183.529990
6856.886340
7307.344840
6576.252500
6114.607340
5790.170620
6114.698010
6134.216180
6117.023220
6061.877280
5389.956180
4666.921540
3141.623230
5486.484640
3962.199280
4367.042760
5137.283680
5153.288790
3800.110630
5084.453960
4318.359420
4248.055130
6097.247490
6472.129440
6007.927660
6255.454490
6043.149450
5629.434560
6425.837010
6212.324130
6010.159820
4523.828960
6945.396560
6073.975480
5264.992520
6330.982390
5759.185480
5918.899730
7293.670800
6164.702320
7663.986820
6031.801810
7416.125550
6803.984030
6326.050470
6370.840750
6023.451250
6717.896690
6804.913770
7314.103780
5604.575420
6020.363960
6001.632700
6645.315130
6569.242410
6890.617920
5286.187920
5384.954940
4603.353950
4616.593300
5613.970340
6284.278050
6524.632130
6253.770460
6728.324920
5932.941570
5760.393170
5855.206190
7476.161910
6160.124230
6725.838370
5668.195880
6423.163410
6559.571760
7372.508270
6517.856950
4770.852130
6213.827990
6441.142530
6479.608190
5666.231160
5366.887780
4303.669900
6321.434550
5772.663910
4886.773130
6046.207910
6788.210840
5041.509970
5515.598130
4168.982940
6938.546080
6109.117980
5382.922670
5378.081570
5523.922900
5526.559280
5541.517890
6550.941040
6185.332700
7136.171520
7214.026730
6444.096010
6668.572080
5520.968900
6605.883070
6751.774300
6450.242150
6000.344190
5613.409630
6746.853110
5777.731610
4156.048920
3064.689420
5257.279670
5329.966000
6372.799600
3908.290400
5589.444260
7499.186970
6073.465820
5873.760000
6907.686400
5613.465290
6111.151110
4926.269980
5137.345260
6082.766350
6465.565130
5807.177500
5946.487940
4945.981320
6306.689630
6106.596450
5215.886620
6310.366040
5768.352600
5441.367970
5434.447320
6052.340370
4877.154370
4435.158170
6766.700430
5236.693610
6791.293310
3355.526760
5774.990460
6341.845510
4843.995390
4532.266640
5074.654920
6173.707410
4836.654240
4086.905170
5034.773900
6903.903750
6712.977640
4868.743690
4531.324420
4589.261200
6998.685050
6990.081870
6215.949130
5363.308010
5538.751790
5606.055220
4608.131480
6364.411280
4346.031510
5718.003600
5683.105310
2880.342240
4614.545900
5099.369060
7028.768980
5953.788270
4118.179070
5233.251020
6112.405090
4405.556050
5144.218340
3395.893990
6276.727640
6829.816740
5720.343790
5390.264510
4607.436550
5700.496830
5262.030930
5063.415830
6739.900210
5109.079740
6519.523040
5616.072560
5333.026430
7336.544710
6327.688170
7447.218520
6259.672180
5970.377700
7908.504680
5262.724260
5428.052020
5555.270930
7112.393970
7234.606070
5802.174140
5803.098650
7409.810120
6025.492680
7227.929680
4454.371540
5856.706980
7390.956150
5977.825960
6141.084430
4640.107860
5503.272170
6533.600970
5290.976280
5759.426130
4688.174730
4550.591440
5053.727630
4193.786160
4398.084580
5358.969930
5196.995410
5184.654100
4774.220970
4643.699260
5367.271740
6035.870380
4658.370210
6086.522040
6286.803630
5847.968320
5678.891850
6949.338170
7097.094360
7016.170580
7135.934500
7052.147310
7308.809240
6563.791830
6751.808220
7109.177670
6906.848420
6391.646420
6746.864880
7244.852270
6730.427790
7144.508530
6849.258930
7187.049830
7164.888840
7106.116310
7082.139900
6993.758900
7008.985730
7167.179610
7044.382060
7129.896090
7113.858930
6899.366390
6996.102600
6577.590140
6535.680010
7777.699410
6889.435060
6766.014900
6665.200440
6810.140660
4010.800150
6976.024840
6394.214280
8043.384170
5479.121180
6810.751750
7028.446310
5721.051950
8442.230420
6921.945590
6829.997180
7688.004210
6825.549780
6618.058570
6988.076760
6845.114010
8177.429440
6684.473860
6185.838690
7044.777660
6755.493710
6291.061970
7079.771820
6774.102790
7022.837930
7095.642580
6940.627650
6982.739740
7040.681790
6591.459080
7093.225780
6994.918270
7136.859520
7063.354160
7137.306430
6935.890930
7067.616000
7159.757920
7061.828150
7108.902300
7021.577790
6969.962170
7096.245880
7196.770880
7246.078140
6974.869460
7168.027610
6922.272000
7167.355660
6223.650660
7080.490020
6952.884430
7102.818410
7006.405320
6859.321720
6978.804440
6812.807790
7050.636460
7156.646080
6936.288870
7278.153170
7131.810680
7030.059080
7179.726450
7057.073340
7104.726640
7147.484310
6990.603260
7064.733970
7160.221630
7177.590870
7015.328920
7088.234190
7048.208230
6988.432390
7156.292810
7011.664070
7084.065270
7125.088830
6876.255110
6918.633860
6968.476860
7115.751030
6998.834830
6970.718700
7084.610210
6944.221490
6993.784850
6901.502270
6790.010850
6945.934780
7091.656970
6995.904170
6788.029150
7064.984260
6964.436360
6995.806390
7058.923390
7070.613860
6966.316250
7015.732200
6651.980570
6074.908330
6826.912950
6928.254580
6827.776710
6903.185370
7092.191530
7009.108400
7065.762600
6938.657470
6895.414580
6946.682320
7555.906570
7008.379750
7132.191710
6806.498520
7071.700580
7108.605020
7902.024060
6961.828240
6969.362540
7024.140150
6997.373690
7041.975040
6925.714680
7122.346460
6932.060300
6275.640310
7014.983580
7098.672380
7028.781030
7003.871930
7010.647830
7133.456020
7024.220180
7139.563210
6931.137130
6649.356890
7006.710140
7056.290320
7112.510870
7096.127380
7074.435870
7098.993640
7083.883750
7750.415480
6884.718090
7186.116930
8754.587060
7131.924280
7130.231340
6574.540060
7138.066610
7060.966880
6859.360770
6924.628700
4725.861260
6533.603170
6976.033810
7705.338680
7163.029380
5575.003620
7166.086190
7084.992730
6628.964790
6955.797700
7224.748170
7692.587090
5393.083860
4136.340700
7123.190160
5631.872260
7075.172890
7247.843170
7132.184980
7765.422300
6998.540830
7115.089400
6824.816410
6357.801340
7197.299650
6828.515010
6683.191970
7247.943500
6569.419700
7235.826870
7051.297880
6881.118740
6871.210440
6628.461900
7133.999750
6073.152010
7603.140780
7204.648810
7137.967640
6438.621820
7116.836720
6728.952690
6440.100790
7333.779030
7364.317660
6820.816650
6377.313370
7222.597450
7143.414160
7118.882200
7906.849580
6689.944070
7292.467530
7227.905440
6850.127200
7078.572830
7186.952470
6903.706730
7342.604440
7181.775880
7138.159170
7349.021110
7898.368590
7846.393650
7020.500250
7044.742260
6513.113870
5832.515260
6148.918120
6442.162610
6687.974830
6629.442770
5058.161750
4799.944480
7139.078190
6262.553540
7107.996480
6301.734660
6876.880580
7106.641600
7186.131510
7144.224510
7180.791010
6819.497390
6361.669800
7278.311270
7190.788600
7139.537360
7148.662990
7052.554000
7137.579770
7258.575020
7319.571420
7210.683210
7327.577350
7297.717280
7093.091720
7348.020280
7230.539850
7162.402930
7101.392210
6676.453680
7017.723010
6686.272360
6867.242690
6970.744300
6958.540810
4367.104990
7060.321200
6381.858190
6992.412840
8229.011380
7128.909670
7136.153840
6574.566990
7259.612050
6580.694450
6918.953520
7153.794250
7092.804170
6643.193330
7076.503600
6869.748660
6304.803310
6703.223540
6557.897310
6998.535200
6680.638500
7159.524780
6344.732450
7076.408980
5389.641060
7036.072290
4944.855660
6830.843360
6767.199910
6559.967490
6871.468170
5838.243440
8265.019610
6459.284060
4178.405470
6835.144970
6270.988450
5961.139870
5158.851830
5231.929720
7500.675470
5713.050180
5871.907070
7053.611770
6984.449810
6213.858790
6335.923980
6883.751600
5307.119700
6874.464620
6940.542190
7475.582450
6864.210290
6643.922090
6634.705330
5657.244470
6787.372700
6853.715070
6416.383780
5925.902370
5878.229520
4966.615880
6227.741940
6173.686340
6811.534300
7234.568380
6148.012690
7793.122880
8287.876540
7602.051050
5491.655350
4322.143270
3761.609900
4062.355970
6547.626300
5267.939440
4637.931850
3883.312090
4233.020880
3957.740950
3855.463540
3738.617370
5048.942420
5338.657750
3687.260300
2935.298420
6119.045500
6113.044510
5681.233040
6171.199130
6324.657280
6141.744520
5724.244040
6059.924960
7640.238230
5495.516490
6424.285270
6546.833140
7046.412080
6895.882520
5989.596620
5530.351460
6262.541680
7789.956550
7349.617380
6548.033120
7836.687970
7197.868940
5964.278910
6497.516080
5318.238390
6435.933170
7316.103000
7042.764520
7073.994200
5932.104670
6841.236070
5966.682050
6055.553530
5253.747390
6700.962270
6118.262000
6219.004120
4381.504420
5271.280700
5913.549360
6810.106580
7078.060020
6585.102980
5535.881960
5575.347730
5305.132060
6191.076970
6443.820440
6642.699420
5775.391460
6116.055510
6741.326500
6752.122160
6344.883980
6210.458000
5588.698550
5992.185580
4949.319950
6105.655720
5971.886410
6045.101450
4880.566630
6331.248310
4728.601220
5369.675870
5110.833090
5307.441710
5175.873430
4687.066890
6865.985680
7417.361050
6911.951430
7259.104310
6530.177560
6234.456730
6104.945270
6488.871720
5528.432140
5581.941420
5953.475800
7232.331610
5746.737640
5587.822590
6703.202650
6086.858010
7215.994310
6076.823080
5362.136170
5706.813220
4236.156620
6015.837440
5649.426230
5971.237870
4284.694140
5009.985780
5132.671710
3344.813480
4330.547060
6520.335440
5916.018310
6011.970900
5703.430260
6269.359460
5286.121030
5882.595650
5993.327830
6626.539750
6122.336620
6348.756420
4626.829200
6523.256570
5678.099480
5630.496720
5878.760510
5762.341790
5292.156730
5390.354430
6969.952970
6438.285750
6897.120900
6065.530350
5195.341620
5102.398540
5535.738210
6595.742020
4590.948930
5154.758530
5903.139800
5129.702640
4196.328140
4737.000750
6873.393740
3157.572600
6273.316710
4357.585740
5207.733970
5129.428890
5345.537520
5423.299720
6639.841040
6461.136370
5162.097580
5119.856650
5023.624210
6034.077830
7074.672810
5966.798570
7042.680840
5316.115240
6088.451470
4285.337430
4288.458920
6910.009020
5115.240520
5617.738910
6588.748670
4790.212370
6763.525380
5572.829250
4574.292780
5188.488460
5142.497480
5688.428660
5406.807200
5301.022540
5032.430110
6217.172380
4668.435230
6803.153930
5696.920520
6920.714860
7161.572160
6672.080460
5125.832460
6144.121970
6067.479900
5784.810630
5664.492510
6211.189280
6544.190150
7417.028910
6113.489570
6199.556160
5661.508740
5512.923500
6209.938230
5587.965480
5451.314290
6922.668740
7474.965440
5901.240630
5617.179560
5206.016870
4627.911650
5974.035270
4313.373140
4982.592900
6342.932710
4627.409380
5498.893150
3951.197630
5758.937690
5712.562900
4522.716380
6196.476460
5340.504510
4354.111520
5697.131130
5758.473360
6175.499250
6072.902550
5577.062690
4312.904190
4111.569070
6314.123950
7066.119740
6911.564500
7158.046910
6413.813600
6844.932060
7006.424650
6966.734940
7084.035670
6918.773730
6925.170690
6977.768720
6960.485350
7062.476710
7044.176270
7001.491060
6858.740570
7078.023920
7153.239020
7018.929560
7068.801890
6965.546600
7057.272610
7101.192480
7108.373720
6882.482410
7129.429470
7071.517110
7072.280400
6895.941320
4958.064850
6762.840730
7831.959480
7173.771380
6311.962340
6213.907510
6524.618830
5702.842140
6786.921070
6724.815160
6515.372100
5619.834930
7694.003630
6603.453430
6264.369260
5127.693360
5386.425420
5408.151060
6731.319640
6776.851290
2747.215560
6768.206260
5042.025030
5079.982710
6633.737180
5903.229150
6335.894700
6417.773370
4594.217470
7143.527740
6416.424810
6176.846080
7079.899660
6847.918450
7068.937580
7141.290290
6949.309520
7075.429450
7122.076560
7080.918480
6712.820040
7127.145850
6962.174550
7165.789220
7102.766150
7003.605070
7144.391390
6874.797380
7102.807490
6920.960400
7124.220640
6984.840980
7013.450490
7118.114130
6988.795760
7127.231060
7215.207830
7123.711310
6903.975910
7051.189330
6851.318830
6980.610230
7024.595090
7044.921320
7044.165780
6936.565300
6913.420750
7013.759730
7145.595920
7112.896320
7166.930190
6975.651410
6981.543900
7076.366870
6921.098710
7143.944660
7144.591740
6873.925400
6987.101120
7018.731460
7070.401020
7029.086720
6887.558940
6849.970590
7017.796070
7115.842090
6844.074880
7061.212310
7108.390260
7058.139820
7071.753210
7003.145030
7160.387220
7199.957950
7046.362540
6934.638290
7003.562300
7031.023840
7087.376980
6992.008830
6847.023800
6818.936020
6725.926420
7865.376970
6067.215290
6455.079850
6788.043350
7070.772880
6640.993270
6942.010060
6929.500540
7025.898150
7136.744140
7016.837920
7025.636130
6837.188610
6991.130470
6946.433360
7062.874580
7051.238880
7165.831890
7108.162550
6809.657150
6966.814200
6703.225330
5779.966040
6957.234270
7089.638270
6824.577440
7633.729790
6936.865930
5689.334960
7024.804860
7096.166660
6725.895620
7125.591870
7047.189590
7250.693360
7146.619880
6959.272350
7080.345220
7007.317140
7109.047310
6970.000030
7233.090190
6931.353460
6978.549110
7075.544620
6988.204890
7052.474880
6801.834470
6982.746180
7029.892720
6734.415000
6961.001520
7782.724620
6785.922980
6924.283830
5855.792550
7041.582270
7061.353330
7121.276870
6965.221020
6926.809740
3812.017110
6485.878910
6838.243500
7330.088310
8453.223030
6482.803540
7215.729230
5157.402400
8888.630440
7177.960010
8896.894390
7131.412180
6909.660460
7098.402680
6903.186100
6651.118630
7046.636630
7064.528300
8005.284930
7057.602870
7474.063890
6170.922740
7243.863600
5792.005430
6999.904560
7192.790390
7132.288520
7155.020880
7031.786290
7026.167890
6610.648860
5757.518080
6410.156900
7070.076990
6320.899480
6736.099900
6230.725990
6642.097020
6776.225720
7153.926220
4974.439990
6810.467810
7056.130440
7151.761880
7208.701440
6559.191680
7919.284570
6797.704650
6751.106270
7152.961390
6778.572290
7168.953000
7261.492370
7349.774150
6282.509710
7150.613540
7099.758880
6976.153800
7261.920540
5962.828620
6913.980980
7813.499240
6638.639540
6946.357190
8771.538390
6556.679860
6131.700310
7312.992870
6687.270430
4386.363130
6613.992270
6551.406890
6292.884830
6541.554360
7472.440050
7461.963650
5398.904520
5017.624920
4075.440060
6196.794430
6191.915060
7105.853110
5478.433610
6054.592380
5456.600610
6026.513280
4703.364990
7007.547610
5383.612040
6699.407030
6487.619520
4645.618270
5861.606630
6312.185590
6894.629880
6306.691290
7199.684000
4533.184640
5565.531010
5422.252470
6728.395050
6580.546660
7739.144620
7515.438860
6698.224760
5209.006300
6266.617980
6142.094710
5292.123550
9410.983350
6632.213060
4999.733220
6102.525700
4727.288070
3025.009260
6027.722500
5997.611870
5578.301510
7066.586900
7380.933830
7625.663050
6355.167450
5561.045230
6290.081830
5281.364000
3525.493260
4596.574720
5350.848250
5721.224940
5831.444600
7205.635080
6288.503680
4410.998320
5713.262080
7207.123520
6384.975830
5984.586510
7321.738730
6800.409140
6786.312210
5370.835430
7479.444760
6137.012250
5773.710370
5225.177770
6839.645210
5953.289960
5804.759280
4900.354320
7132.046170
6487.311640
6095.587500
5627.676130
4522.690160
4341.172870
6771.169470
6067.813160
5574.996900
5237.060060
7053.463280
7152.718650
5919.554370
8011.906870
4562.507330
6556.990610
5396.418960
4844.177670
5480.695540
6171.939680
6085.077800
6794.826340
7714.385340
5905.049280
5944.101020
4540.131830
6748.665080
5319.403560
6978.272570
6818.144480
6985.581270
3851.563300
6415.313790
6115.566880
6127.565890
4717.196960
4973.685600
5661.187570
6133.851810
5088.922260
5794.871360
7341.349280
5360.004080
6565.409810
8229.851510
5538.572700
5336.470690
5592.586320
4893.451430
4450.801730
6802.082900
7700.979120
8108.966140
6217.700930
5036.460260
5294.122490
3880.113130
4707.852370
5748.763770
6799.331730
6642.896100
6109.042850
7850.024250
7725.200640
7122.573160
6364.040270
7567.536000
4976.472290
3957.565530
3348.553960
5731.132460
5350.136590
5494.287850
5790.648070
5636.829050
5567.188960
5880.730810
6964.075110
7215.275610
5969.213030
6552.468200
6410.893010
6108.991010
5827.162480
6778.776530
7563.111280
6181.292270
7673.843150
6347.967310
7196.020010
5539.301020
8323.232100
5417.654740
8542.744610
6972.465980
7049.611670
5216.463020
7721.847230
4696.453420
4899.834960
4008.281980
6209.913680
5842.767710
6986.729630
6198.767540
6407.641840
6064.790020
6555.531650
7858.403460
4920.329420
5850.415670
5787.924720
8106.407650
6594.114850
4758.671680
5403.112530
7330.930560
6613.965830
3647.132840
7309.248030
6061.112420
6000.589970
6214.884030
6599.736580
5890.806670
5085.756850
6697.559500
6349.271650
6045.648510
7780.860380
6237.498500
6865.142420
4332.712670
5179.051990
7431.734840
5937.517960
7348.602760
7292.491550
5344.642480
7012.003990
4524.825670
3712.897680
3852.525490
4143.286360
6816.928410
5457.652470
5033.807550
6727.703030
6047.142970
6127.046040
6836.373390
7310.898440
5493.702090
6396.656090
6341.504720
7589.958670
5703.797030
4820.672490
6117.086150
5716.488550
7022.071970
4378.121440
5498.016760
4798.682130
7297.688760
7221.657770
7066.488550
5612.391250
6304.476050
6178.176280
6945.602660
4600.071480
5034.217130
6451.189690
5655.969530
4746.792110
6330.234270
5077.295710
6661.901950
5807.082460
5792.233340
7084.530070
6716.256450
5736.213710
4300.482820
5001.619420
5679.654150
6389.201280
5047.872010
6197.688290
6036.606710
5544.425440
5302.655320
5820.751090
5200.728380
5258.924360
6066.606670
6841.240960
6167.262360
4652.234510
6830.213710
7369.972200
6302.339310
6818.723250
6520.118780
4719.239090
7021.229330
4547.454800
4640.646250
6791.434300
4330.392710
7709.552770
6756.802280
6422.138380
7517.546440
6350.614120
4384.105050
7553.314880
4567.351730
5266.199360
5448.679850
5052.937000
5154.826860
6107.946950
6468.832150
6610.770330
6289.893480
5558.003930
4094.695190
6508.608800
7278.224090
6796.599580
6172.297990
7214.419690
6312.019440
6630.829720
6249.407940
7483.576130
4690.394010
6952.420260
6978.939430
4863.972990
7368.604260
6204.638270
6281.078050
5477.461130
7434.399260
4287.025790
6306.537810
7230.627660
6237.001940
5549.838400
5771.497780
7287.088110
5022.487220
6081.749330
6779.931170
6166.077690
6671.600660
4533.139550
6057.048830
5525.875240
5991.170470
7024.972920
5863.490990
5801.536430
7120.096850
6016.109460
7247.360190
5004.855250
7592.611710
5650.352110
6687.247700
5576.199460
5719.900590
6706.770560
3747.349490
6301.462130
4254.976740
5004.355100
5688.896920
6761.011070
5677.355080
3162.293980
7453.156680
5302.713030
5446.598240
6688.260010
4112.050890
5171.464790
5201.512610
6556.217440
5012.076100
7593.001060
7013.475730
6068.141420
6238.676660
6176.943860
7048.213700
3987.338880
6812.099230
5239.304230
6824.373210
6767.418760
5767.937260
5916.285180
6010.474890
6207.753580
7312.348070
5286.221250
5581.846520
7542.599550
6438.481730
7357.491300
7271.259930
6623.090510
5942.960530
7780.798090
7249.376830
6753.559840
7734.445420
6077.125220
5772.637640
7859.988700
7457.834650
5437.036320
7169.324900
5996.117270
6331.320100
6643.800540
6432.547910
5415.727790
5451.282610
7522.299400
6504.305840
7391.123590
5870.809510
7358.306780
7421.628850
5199.303180
7978.065550
3562.899020
4739.101010
5691.636130
3073.267730
6071.864030
6568.705830
6349.788260
5507.375840
5139.371030
6804.298530
6141.340070
8569.941580
7014.579690
6862.484120
5489.886020
7822.338300
6372.227800
7598.737940
7708.427110
6953.974660
4681.104640
6538.213510
6062.661920
7609.646040
5408.256560
6522.157590
6489.190800
4448.926190
7324.937700
5608.235240
6179.693900
7395.401220
5810.665510
6842.207950
7213.067170
5637.914250
7747.342170
6706.921490
5829.301100
7336.819040
5655.537470
6480.556890
6835.778380
5887.506840
7591.051200
4599.783930
6267.473890
7389.892570
5611.428040
7009.178900
6493.709820
6315.097390
5946.531110
6257.328970
5875.709320
6234.386590
5593.234660
6185.285130
5701.564100
6645.833940
5960.935900
6179.968100
6705.311510
6756.387350
6158.250150
6096.222020
6974.438920
4287.018430
4942.297790
6708.288820
6037.707080
6811.277640
6363.707630
6368.625890
6719.603650
6666.316420
6871.355880
5843.277610
6640.625960
5682.739090
6328.587310
6772.852660
6880.357140
6464.140010
6772.768890
6811.949040
7039.762630
6954.737730
5744.814190
6496.374430
6812.350030
7369.242300
6217.446820
7524.164390
6208.343120
5932.490070
7052.620790
5459.997160
6892.986450
6236.143560
8105.028740
6853.635590
5121.901250
6043.455320
4869.640670
7450.484160
5527.374350
6654.750940
6542.605150
5969.988960
6405.212170
4475.570410
7176.921320
6452.410100
6639.363870
6971.969840
4927.969700
7990.780920
6276.644900
7771.913720
7911.115650
6611.046010
6791.700850
6186.958560
5355.010620
6713.602790
5641.961550
6561.667270
4246.963550
6428.985350
6306.746320
5859.354120
7527.805170
7221.203710
6561.288010
6018.364460
5666.755400
5766.831970
5422.748430
7804.247420
6915.641270
6814.046560
6951.184400
6508.310970
6202.920750
6663.798720
6550.277420
6583.143620
7343.295430
6776.844100
6331.601430
6573.842260
6673.358320
4512.690370
7569.837450
7322.809740
6334.877790
6851.240040
6685.229650
5695.605850
7159.958740
4593.685250
7864.102630
5586.122660
5911.721850
5332.359650
6216.175300
5530.817740
5897.956870
7030.285630
6900.520770
5844.973910
6597.568410
5735.107750
4516.641010
5137.226250
5041.181770
5306.310220
5971.941280
7257.467500
5703.399510
4718.386740
7336.024340
7875.788270
7412.748670
6871.924040
7411.775430
7414.988850
5387.234760
6136.389770
4879.071130
5975.535450
5101.248280
6836.801530
5107.592910
6000.347700
5130.283300
5829.296330
4836.299800
6546.102750
6106.036540
7710.615850
5234.077250
7525.245510
4836.043620
5858.086190
5062.327290
6155.185080
7592.041230
7885.406620
5293.210790
6285.811560
5888.161060
6197.115230
6805.946860
6953.783650
5120.283800
4726.563880
5898.114130
5428.930550
5836.656690
4031.668030
5752.251400
4326.940280
5511.872720
6206.410780
6880.641010
6134.398740
6457.302270
6847.612290
6318.285900
7222.859360
5744.500750
5895.897840
6242.374430
7953.938540
5601.550190
4801.531250
6186.681670
5958.129290
5220.239820
5539.878380
4904.125610
5284.421700
7122.761690
5410.777970
3703.901260
7404.944550
5331.759770
7233.381020
4830.437330
7378.062790
5825.671240
7662.456410
5405.380850
7073.863910
5286.302670
6844.844220
6693.241650
6816.967100
7060.977510
6229.337600
5019.923290
6284.890800
5373.162520
7756.207040
4875.913580
6523.723880
5766.354440
6038.129900
5358.261060
5609.114590
6571.386230
5825.570440
7014.631780
6652.868770
6874.396060
7652.524270
7179.252230
5623.169660
5902.340820
6326.635880
5399.498060
7035.548160
6357.401030
6585.476380
6561.866660
6686.771780
6499.057220
5541.083940
6665.409930
6352.182360
6586.032940
7290.527040
7119.908020
5839.233290
6630.893900
5688.901420
6445.046020
5287.492950
7252.041400
5321.593680
4388.005060
6185.127920
6368.140790
4627.005190
4119.674810
4828.125210
4929.718790
5486.091430
6537.849500
4542.219310
5904.115960
7267.912260
5460.538870
7696.833350
6699.796880
6324.907970
6849.071290
6749.671880
7687.531230
6691.255660
6154.956130
7403.529180
7165.819050
5206.443810
6365.926160
6294.193870
4902.491840
5497.395450
4998.631690
5774.663180
6318.646380
5805.725160
6478.383500
6453.362310
6510.307250
7333.226180
5509.047480
5422.184440
6908.203170
7613.081260
7213.983750
7016.379290
5058.963460
5922.139610
5989.708520
7735.860060
4650.019490
5665.696250
4268.270490
8004.310150
7552.461430
4333.628720
5649.447770
6386.587950
7303.683390
5923.770170
4613.005490
6289.612920
6813.427180
7799.240380
7187.340880
7915.407200
4444.813480
6507.628020
7284.595750
6683.240020
7272.311130
4919.780540
7285.283770
6596.734310
5499.553870
5443.177070
4182.061100
5644.071770
6119.402250
6023.743080
4841.536020
3658.600680
5045.318710
3438.322870
6730.700100
5581.383750
6655.059830
5871.526380
5282.986640
6211.691990
5668.323770
4485.644260
6962.598160
6108.806290
7422.753940
6199.484890
6744.015560
6858.646850
4728.364640
6729.487000
6353.684080
5929.595000
6181.766670
6920.319830
7915.626020
5374.291410
6520.303350
4780.766890
5455.959130
6479.719260
6075.600990
7322.524170
6262.199700
5684.682030
5417.913260
5252.137460
4544.538260
3436.924180
6508.707870
6650.273640
7159.311270
6321.340020
5667.474350
6612.706580
6124.625320
4938.496080
6249.061860
6011.634900
7046.813640
5560.870400
7480.269610
5657.293970
6146.249420
4621.537240
6034.852660
6153.455740
4736.137970
4292.163380
4931.886350
7759.628030
6297.332060
5229.808330
7382.577210
3876.216430
5190.519640
7593.445660
6082.862010
5456.046500
5357.671920
5539.214790
5600.566650
5655.023010
4937.839130
6060.286800
2715.752200
5554.025770
5027.736870
6190.827920
4796.238480
5491.181920
5204.929160
7302.758780
5147.329750
6049.201250
6181.692290
6097.185390
4953.711740
6018.916880
6809.554060
6313.236060
5412.430010
5430.989700
5707.270910
5516.429430
4495.683540
6131.672430
5921.560440
6732.974910
5392.269670
7016.970410
6795.591470
4409.551350
5083.040960
5682.510910
5834.330270
5909.657380
5600.545140
7151.900090
6163.063110
6445.693680
4582.982350
5862.187670
6599.258340
4982.741690
6965.310130
7403.131620
6123.847770
6405.113620
6737.104890
6838.151460
5193.676790
5484.173750
6685.092270
5484.091720
5459.961240
4340.295410
5794.525450
4830.210120
6289.437200
5976.559110
7028.219190
6863.348950
6608.494380
6163.727510
6010.872210
5346.354400
8032.491500
6223.710730
6420.889970
5382.966300
5754.068030
6032.436770
5029.594120
6688.417130
4215.269530
5167.727300
5562.720840
6303.705560
5945.360170
7694.838460
4805.730070
5539.314260
5344.819210
6140.359840
5048.336000
5297.885970
5955.549120
5433.836180
5061.629850
6656.847100
6053.917660
5610.739670
7197.990040
4980.567080
5331.956390
6384.461500
5799.382030
7043.839640
5402.147580
5685.680860
5587.090410
6340.575880
7258.961550
6615.414270
4326.474200
5195.147040
5937.223500
4147.400170
5593.041760
7034.376490
7994.031860
7749.195980
5311.693080
6622.189380
5276.826790
5877.785880
5857.918550
4909.489890
6850.082910
7450.844840
5958.722600
6159.480850
7547.037390
5572.992650
4583.369960
3895.044040
4144.838470
4774.898790
6065.417350
5649.158220
6961.466470
5981.834040
6492.921910
4692.098930
7191.282410
7118.723880
5928.069910
5307.249970
6833.541140
6009.496900
6906.086170
5678.080410
5892.636550
6145.483910
5938.931920
3655.450570
5754.240390
6923.462810
7148.180990
4339.254850
5580.200060
6276.233420
7687.413260
5441.036180
7650.825270
6399.429510
6746.280430
6437.018790
5844.288010
7415.415610
7937.297890
7286.828280
5365.278510
5086.830020
7443.245820
6521.737970
6511.177880
6189.940460
6357.074780
3914.477100
6184.267250
6662.573960
6793.577660
7502.184940
5600.990030
5347.942540
7088.112660
7204.779820
7159.022560
7234.878320
7308.150590
6838.225370
7690.831510
7550.239420
7094.629930
6823.182160
7110.010660
6983.756360
6412.401070
7056.869400
6991.771970
7307.548160
6896.916800
7213.559850
7153.980720
7716.385170
7062.474430
6952.756330
7016.193760
6816.861270
7041.177170
6893.450250
7096.059290
7027.293750
7249.096150
7122.469120
6863.170220
7078.498640
7106.994100
6801.002880
7188.267280
7229.553660
7087.921730
6917.683670
7085.502990
7244.464450
6942.458800
7166.930830
7114.545990
7085.831400
7557.277640
6940.650990
8159.949230
7287.594720
7335.376860
7083.376860
7473.931440
6737.411860
6968.689580
7169.250780
7295.764280
7437.627490
7227.537870
6982.779740
7041.818650
7003.247130
5095.209140
6937.119050
5938.121530
6952.316400
7058.765230
7198.822050
7069.656790
6857.612590
6808.619560
6701.657640
7097.983240
6804.618160
6869.582250
6859.209790
6555.835130
6548.382230
6895.361430
6983.787530
6950.115140
6905.314840
7106.530350
7134.951930
7046.402970
7036.379400
6892.885150
7163.635500
6985.930440
6989.849930
7113.075060
7080.845560
6274.031420
6976.056520
7075.701470
7262.741300
7040.694150
7621.876000
6388.455000
6975.880730
7120.124700
7141.945100
7087.414470
7327.065110
7209.400580
6991.954580
7129.216780
7099.887810
7091.036760
7802.642780
7059.924860
7059.682430
7152.404070
7148.308010
7082.972820
6917.607540
6915.459170
7004.446220
6962.019120
7178.711410
7224.221830
7123.709930
7022.640870
7113.617120
7022.997650
5553.426240
7088.254710
6948.695710
7021.608080
6925.876140
7175.767800
6927.597790
6834.951140
7055.354620
6766.770020
7194.051550
7067.039050
6854.761590
7201.525740
7116.778470
7161.038840
7175.589390
6939.101710
7266.720080
7170.395390
7763.298710
7165.607860
6413.819490
6754.920570
7054.867920
7086.364340
7461.007160
7133.696040
6869.520320
7257.094860
7096.337560
7199.583130
7060.762700
7022.883280
7369.617560
6973.246040
7068.315820
7221.244060
7035.904990
7081.649480
6904.537630
7244.482400
6749.041030
7103.596460
6914.507060
7025.494710
5796.370110
7460.252010
7026.829310
7237.668680
7261.850960
6866.027500
7204.155550
6997.745380
6857.142910
6969.994380
7014.210800
7318.830200
7236.273540
6876.287210
7073.209560
7058.186320
7087.889730
6939.246930
7340.220550
7176.325560
7079.446740
7002.099630
6994.261990
7011.944040
7187.019190
6564.555160
6919.391050
7132.988140
6859.015010
7014.076510
7148.443190
7033.208400
7033.408770
7196.680830
6964.284130
7285.226640
6566.321210
7253.357960
7150.501040
7170.585650
7315.768510
6763.096430
7082.761930
6874.316610
7044.563960
6878.828850
6992.968750
7805.829450
7261.702270
7084.848500
6457.097740
7236.419630
6905.953890
6876.535030
6823.528940
7322.541590
7118.186000
7278.862070
7228.957550
7119.147970
7244.662650
7303.107800
7124.584750
7236.000930
7287.454960
7380.129970
7279.383680
7252.475860
6949.872780
7142.785770
7414.859260
7106.827630
7289.741820
7190.575930
7114.930380
7179.650240
7401.437580
6993.211340
7217.646820
7080.937430
6790.048130
7272.849880
7157.388930
7129.986160
7043.287420
7142.803430
7085.206040
7359.426970
6979.292160
7215.880880
7204.175480
7212.577580
7317.653370
7234.162690
7050.828770
7013.448080
7222.236920
7096.350270
7315.712760
6715.880590
6621.931960
6474.842560
6049.021410
6773.830500
6566.101920
6704.728710
6621.563210
6480.868820
6541.932920
6584.612810
6856.678390
6701.218480
6817.308450
6694.029420
6453.040330
6468.778690
6582.089930
6514.814260
6534.411350
6459.715790
7250.970570
7380.916030
7296.832580
7334.866110
7114.530450
7158.827990
7135.612000
7143.151570
7131.806520
7116.250860
7318.208170
6998.647970
7220.734090
7193.080420
6978.417770
6906.056710
7141.104570
7026.837780
7280.008390
7183.659920
6966.451170
7213.716220
7157.007190
7073.284460
7092.643460
7133.607620
7105.293950
7171.402250
6204.882520
7109.926590
6892.046630
7275.802710
6820.421670
6930.829450
7254.104780
7076.183650
7222.574670
7151.307610
7275.761170
7287.596420
7305.467970
7090.932410
7072.415000
7102.375100
7079.213930
5899.520310
7138.416140
7141.471490
7037.931440
7968.393770
7310.789820
7081.922620
7168.438210
7224.288730
7184.077010
7192.101920
7160.979780
7255.562550
6860.633060
5738.946210
7195.959000
7110.652690
7230.297410
7011.561210
7061.193760
7156.154740
7342.685020
7161.025090
6867.429470
7010.606890
6903.127910
6949.682350
6841.152980
7231.056180
7166.025090
7033.223170
7100.430230
6893.163350
6808.163620
6927.082480
6914.698570
7189.662430
7130.663630
6743.787800
7050.713110
6954.456670
7111.552300
7167.584600
7183.290390
7134.102930
7143.454210
6506.046190
6996.682470
7132.422740
7059.579920
8065.617840
6853.654570
7181.631980
6861.144360
7130.421770
7034.011150
7273.684350
6826.728530
6923.647500
6713.996620
7031.627920
6883.424130
7028.678750
7261.453390
7152.547620
7135.163280
6991.854590
7903.810910
7117.599320
6354.574410
7238.089350
7059.961530
7007.707560
7162.867370
6864.131300
7271.303140
7007.716080
5985.923830
7003.042120
7083.204890
6892.379020
7503.764540
7194.143510
7378.322570
6447.340970
7065.467140
6895.456620
6590.234010
7172.230120
6892.692060
6838.071790
7008.040770
7080.077040
6930.573510
7008.806770
6866.051140
7054.613480
7024.440850
6722.455050
7067.271980
7104.966760
6977.224800
7021.585610
7235.104550
7203.666910
7253.581830
7064.745670
7071.965950
6876.636510
7149.530390
6997.438290
6786.285340
7173.090650
7225.019270
7161.233630
7104.832040
7075.538330
6922.388910
6873.477600
7064.543160
7028.335580
7071.896230
6941.392900
7204.718400
6746.275780
7038.829680
6909.316470
7041.935080
6989.549680
6801.412650
7111.656890
6660.337550
7077.141740
6925.726150
7105.671710
7758.799630
6885.782370
6959.771510
7006.673240
6973.628250
6733.928890
6966.026560
7030.394910
6861.848460
7108.463310
6781.283810
6989.109410
6854.583930
6983.645420
6929.500140
6521.475380
6845.111220
6834.509800
6896.755500
6955.633610
6766.325750
7005.816640
6878.397130
6807.194740
6907.233550
6896.139150
6879.005950
6688.754820
6900.355270
6019.004320
7051.923130
6832.051670
6738.270300
5851.844660
7036.934840
6931.726640
6968.208860
7056.744720
7041.668670
6729.274920
6744.398980
6608.077020
6501.382310
7058.514160
7071.053070
6948.634680
6999.834570
6887.217680
7016.538910
7195.822690
6855.839670
6971.340560
6876.188940
6864.735380
7085.947440
7012.499870
6976.375620
6954.718880
7090.648500
6988.392530
7180.029350
6982.371040
7108.218190
6966.064120
7120.809610
6894.989270
6715.677840
6575.740200
6858.774270
6917.043740
6996.757640
6865.987810
6915.357980
7005.077680
6560.885230
6904.492460
7094.227860
6942.896220
6846.809180
6870.042330
6944.883680
7909.190590
6844.024110
6483.725160
6891.077920
6853.730930
6670.182900
6956.486230
6783.789170
6932.001620
6874.842740
6626.387890
6989.194680
7094.786940
6931.070610
7477.131100
6845.274750
6818.251080
6878.862790
7627.582440
6911.521600
6844.013340
6897.655580
6881.275270
6733.454560
6660.430830
7051.303150
4978.726910
7022.008280
6803.625300
6917.609460
4819.686640
7088.826900
6923.811430
6746.896330
6827.904130
7027.117370
7032.610410
5643.558600
7019.496220
7066.622160
7002.245750
6852.311930
6925.000800
7049.136860
6704.943740
7162.124490
6849.633610
6930.168810
6747.176910
7133.937000
7303.913090
6777.334240
6558.835840
7069.682160
6995.380120
6963.077660
6834.684510
7058.949450
6186.923420
6996.697620
6640.557690
6747.667270
7068.065660
6620.558030
7050.655050
6781.986320
6573.203500
7486.552950
6782.624350
6968.486850
6918.293500
6931.505070
7090.128010
6935.453560
6431.836980
6914.184570
6833.530950
6955.208690
6816.101570
6954.772520
5847.809010
6117.118900
6372.325770
6006.012760
5978.645770
6695.750870
6127.697960
7515.555710
5970.790830
5366.659370
5239.374400
5776.764140
4930.963130
6669.216350
7302.396890
5848.570680
6207.767840
7286.557830
5410.275090
6755.569530
5340.550760
5043.441750
4783.223500
5016.325200
5613.133780
7927.249870
5238.812480
6384.534910
5579.179010
5508.669030
6394.933230
6761.136410
5702.068560
6276.796920
5377.810030
4650.675760
6038.719310
6389.357570
5947.267300
6487.239610
6555.820030
4444.647060
5898.594020
6620.419510
5786.387360
7161.379940
5578.098650
4593.009940
7157.993460
4468.274870
7151.225200
3325.375180
9395.577640
4586.290100
6028.085880
4102.962180
4698.861510
6194.783570
5300.596610
5156.384450
5438.779380
6777.800340
6070.309730
5551.145640
5342.184700
6526.423070
6481.162050
8461.909070
6506.545070
5895.000050
4196.510720
8269.635750
5837.428390
3701.483610
5504.302530
7938.742510
8507.322410
3656.198110
4694.660240
6734.801810
7350.624230
7392.863480
4600.108680
5392.409380
5779.722540
6155.119630
6887.497310
5000.316160
6159.565000
6568.468160
6642.417210
4096.224030
4431.841170
5673.275710
7253.110720
6968.429880
7392.090370
6908.677110
7140.088630
4934.362050
5232.417910
6968.098020
7577.162140
4694.614750
5834.732750
6264.424480
5261.441390
4584.230260
4169.018270
5479.044130
6164.550600
6603.612920
6973.485120
4193.315720
4660.299820
7330.255580
5967.780230
6639.369940
6506.802130
4219.343390
6195.309710
5363.389810
7826.693890
5602.848760
5442.238600
8690.588600
4978.079420
5077.035070
9610.739690
6997.818130
4583.935680
6748.314930
8181.075230
6254.426620
7276.691680
7917.184160
7722.777450
6073.733670
6081.196790
6721.015350
8225.768170
6811.226750
4665.367220
3179.125680
1283.167940
3592.305700
3767.426490
5965.950770
7538.735860
7109.368160
6118.989420
4339.306390
7927.842570
5505.061040
5610.690060
3310.687170
6602.423690
7910.308040
6507.609070
6547.938750
6289.887330
6191.686170
6040.414520
5850.024010
6160.722990
6836.054540
4927.765160
8094.242350
5513.266920
6085.821380
7604.813220
5667.905900
4523.557930
6841.581230
4999.613290
7642.705220
6166.237070
4248.911740
9458.477250
3920.670000
9455.180290
4688.044350
6717.135930
6769.542600
7498.688900
4979.413040
4254.348100
7644.824410
7936.117090
6136.679730
6071.712180
6405.508900
5844.816710
7899.536870
7256.645530
6501.440590
5765.182970
6224.113830
5127.469010
5623.500250
4835.859250
6145.666090
7279.555740
7916.628670
5254.817640
7879.403940
7087.822020
6948.188680
6069.388290
7261.213480
7263.257420
6506.801900
6278.602170
6664.776350
7276.564020
4693.746150
8383.443840
6469.063960
4061.849170
6999.297190
6177.938700
5776.192070
5434.783520
7465.829440
6751.576900
6384.385640
5996.186350
7091.607190
6283.701400
5985.927440
7055.706920
6469.764990
7097.413350
6611.735970
7350.421550
5326.378180
7347.084910
3365.418430
7444.539160
6802.939190
6824.778620
5376.423260
4956.144650
8339.163000
5434.911940
4418.596810
7128.408930
6334.862820
6976.859890
6357.662810
5489.212050
4567.736900
7077.905560
5514.146860
6688.104420
6931.523320
4200.795490
6687.164020
5336.001870
6227.016790
5544.590730
7821.634650
5284.692900
7695.996060
5567.970940
5862.235430
5307.551300
6808.914750
5840.576930
5964.452410
3941.624280
3613.127990
8839.618550
3931.620280
6743.764670
5065.033630
8236.033730
5955.054170
3489.043480
4568.417090
7673.555710
6761.257490
4872.648380
4088.033710
8266.384260
5416.256160
4396.782090
7482.738500
4048.332200
7684.639790
4688.203920
4598.163010
7864.302300
5366.839430
5252.257600
7913.823210
4064.507460
7579.344220
6850.014120
6468.516970
6212.222520
6992.764150
6805.109110
4344.923960
6511.693550
5776.174410
6730.643280
6653.208970
7130.694900
7224.009990
6306.878950
6707.694350
6703.387220
6773.360530
6536.080930
6320.064530
7501.830340
6748.288390
6423.962850
6643.731180
6791.407080
6731.829970
6756.526040
6695.811420
6247.670770
7399.421340
5449.993110
7135.164510
6861.145520
6627.333460
6510.183420
6861.688290
6979.984550
6422.464040
7103.752540
3668.392750
8985.902270
6779.470210
6924.277680
7371.404400
7137.973390
7009.107040
6435.977310
6988.895640
7356.658470
6901.709910
6115.919440
6827.163330
6999.327770
4969.560150
8543.246480
4347.903050
8422.928140
5821.214380
7729.467140
7488.936850
4722.802990
6483.068560
8535.551290
7361.797450
6123.308120
6096.623270
6629.221200
7321.356700
6427.724950
4587.841190
8198.778250
6531.021460
6694.810200
6837.478300
6521.369370
6055.949660
7127.905380
7702.927030
5740.681010
6322.920750
5872.935730
6448.408510
6530.441580
6634.586330
7753.965180
4028.335320
8369.862260
3307.976240
8521.907470
5425.351570
5666.010620
6525.669210
3753.906910
7631.062240
6099.129520
627.550820
6185.910600
7024.899060
6602.293210
6682.133530
6251.763960
7010.339290
6850.855560
4959.946100
6802.584130
6388.085320
6515.459670
7007.508840
6969.866160
7512.593690
6424.162120
7154.540060
7199.974310
7996.643960
6410.016560
6994.768600
6012.075190
6801.163300
6360.211930
6622.743520
7365.066550
2844.361680
7110.451920
7802.175240
7148.451320
7253.078270
6889.830790
7229.742180
6163.972630
4211.924720
3050.362580
4870.212900
6293.376090
7291.716420
7182.419410
6900.851890
4186.874530
1161.136640
9863.720360
9995.408540
3875.430440
7486.890380
4070.629440
7917.513810
6774.695620
7000.474050
6215.399770
4818.702760
6990.016290
4613.920370
4018.860630
5336.449780
9617.299350
6652.399420
8016.584160
6370.991350
7615.998200
6686.790710
4529.590090
4327.036250
2926.584170
5747.812660
8033.994270
6641.038850
6026.670370
3626.536330
8676.726000
6863.611250
5671.118310
5347.031400
6613.403550
2760.576180
6168.422220
4249.117910
6491.496990
6131.415910
5041.339970
8381.323820
4542.024770
8992.498800
5658.516780
2897.740910
8646.666680
5973.967170
7771.358310
2765.027480
7749.404730
6836.407000
4416.806760
8003.403450
5544.161260
8794.916680
6989.295910
6208.300530
5673.220110
5006.279960
4238.659730
8290.152150
7547.481120
6262.048850
5220.752380
7052.795170
5024.587650
7451.064310
6418.862570
6104.269390
3548.564730
3178.998700
7684.523900
6648.975630
5813.068790
4786.066650
9345.982130
6752.306300
3920.707550
7180.567320
5408.249950
5456.189910
6273.835010
8314.924770
2398.951550
7580.817600
6956.341240
4792.785170
4882.313140
6889.969420
7372.251270
6171.252580
6676.471060
6475.320710
6759.464230
7117.006320
5706.826720
5741.672520
7643.784280
7009.769710
6894.049540
5868.597550
6214.784710
6549.009580
5624.553430
6604.071360
6480.191970
6968.984790
6727.399740
5725.541170
2825.891450
6275.359560
6991.502650
7262.797800
7022.901930
7183.552440
5993.934740
5502.822660
6023.533360
2318.338740
6727.235400
5924.805420
7340.694770
5790.253130
6992.900310
7463.710800
7507.044370
7078.858090
5854.745970
6758.404610
6641.246640
7281.863100
6799.361540
5695.759110
7560.976730
6912.982920
6467.699550
6399.573010
6855.078140
7066.472840
6139.610040
7156.762770
6811.602390
6767.382170
6612.429800
7201.263960
6767.068690
6424.020220
7264.221650
7763.605180
6461.629950
7337.737960
6907.353260
6539.272610
5835.454280
6406.989730
6407.649360
6304.197370
6860.496590
6754.638490
6703.776200
6388.593900
5658.194890
6366.829560
5297.936890
8134.516260
7057.730170
6819.109380
6531.200730
7285.644200
6056.377950
7161.552460
7424.908110
6204.835910
7183.240150
5753.344120
7319.211050
4944.784300
5191.158220
7730.528360
7982.120380
6565.598020
4166.797980
6797.579610
6871.617110
6727.702480
5464.432790
6622.020800
6649.587520
7565.770040
6532.862840
6552.223840
6579.297690
6183.607100
4646.968320
6521.722170
5669.771280
6311.272700
8091.815470
7242.240650
6533.559520
3874.951870
7892.311060
6953.962720
3994.712570
8941.861960
6565.801100
7083.747260
5698.615640
7666.682540
6131.517090
7784.360450
6202.676910
9265.938060
5552.966050
6967.361470
4208.470050
8211.893670
6081.186680
7244.432100
6065.004540
5020.130980
5594.522080
5493.280260
4833.723570
7497.482200
6812.824660
7508.598640
6207.032490
6962.166940
7514.951400
5882.337790
6639.643570
8540.906060
7633.107540
4985.955920
8294.420070
6869.997340
6159.235060
6024.921900
6306.111580
7244.786090
6702.406220
6587.700680
5356.073780
7853.621380
6624.786180
7086.754560
6069.923030
4575.572970
7379.183090
5774.384660
7873.422090
4937.072210
5851.184950
7576.461950
4398.016740
7724.908250
7282.464510
7685.513030
6035.692550
4465.002600
6998.577050
6455.930800
4853.912220
6109.566210
6855.564570
7352.689320
7916.474650
4934.140670
7881.352300
6938.063000
5756.083120
7463.447500
6289.690810
4675.873820
8128.572580
6796.884120
5499.340680
7188.222940
6140.745060
9236.526160
6260.330650
7400.274160
7173.844820
3337.932530
9083.595740
7792.531450
6408.594750
5444.758060
7267.381790
6974.885510
6044.663830
6029.622930
7733.575520
7061.681730
6600.360220
6718.328900
5991.216140
6334.519110
7422.443570
6949.265340
6942.058180
5710.191130
5971.062470
7319.781020
6490.438850
2887.976490
7118.463780
6468.444180
5091.597680
6317.890460
7801.919830
6402.438530
7444.459320
6524.528930
5979.818240
6701.035860
5744.929990
5440.153600
7923.425460
6936.351760
6050.609980
5488.888980
7902.630140
6641.927210
7424.580730
6374.567120
5826.960500
6766.332660
8321.145380
4633.975650
8235.894080
5907.656870
6736.831570
5758.209820
5039.213490
5499.422500
4371.376290
5148.473760
7264.279390
6321.169370
7935.821340
7382.164790
6230.522190
5768.428710
6174.739170
6541.481460
7023.432240
6263.201900
6239.541620
4969.197520
8947.437200
6066.851560
6304.263780
6833.701240
5531.343760
7187.294270
7040.997690
6421.288150
6858.477360
5764.270770
7647.918990
6923.003850
6352.916740
5727.804540
7443.969960
7695.038260
6710.674440
6682.236950
6491.216350
6865.817820
7055.795640
5846.502130
7549.404300
5896.881980
8363.180920
6687.701960
6691.589140
8620.712260
6004.497610
4616.053570
8289.533460
6141.416640
6946.536510
6900.896160
7173.905410
7305.552890
7389.984950
7354.575390
6243.547220
6444.512800
7605.617390
6207.354370
6711.741650
6544.946290
6909.392700
4542.570350
8836.071510
5891.935180
6543.248860
6175.592950
7731.293240
3764.275600
9701.777450
6339.897820
6384.121110
6155.314400
7107.009410
4787.798700
9488.620880
6603.378590
6325.397830
7299.313800
7573.301130
6886.685180
6672.217730
4421.712850
6574.173100
7691.801460
6674.604540
6273.739990
5624.846560
5322.936420
7979.141590
3422.287150
8415.746110
7445.303140
6403.521980
6446.972590
6059.949220
7564.241650
6787.305500
5278.202400
7018.287150
4872.972170
7635.197680
7063.178600
5695.955990
7270.119440
6885.775880
5984.575060
6573.323720
7275.022650
6639.732130
6313.316890
6839.988270
5963.699440
5056.423260
6181.466420
5090.050180
6715.897730
6115.212550
7585.423270
5630.541020
6688.684590
7760.043300
6400.088350
4713.841810
5037.430940
8801.970860
3886.383850
6448.583830
7014.620600
5363.151520
6974.796570
5313.353600
4550.437480
6298.335120
5333.740610
7085.494340
4174.625400
5643.510120
6073.836360
6444.514390
5329.379020
5538.193780
6178.512560
6334.575480
5784.389700
5622.941380
5330.307880
8358.087260
6154.844100
5526.405460
7565.653330
5987.737260
5553.259900
5395.373990
6224.445960
5355.775670
6546.260790
4981.353840
5880.764700
7109.467950
6739.611730
7083.615130
6414.375870
5956.229580
6276.568980
5718.980200
6474.324980
6518.764780
5711.233040
4483.409780
5784.751190
6070.760560
6244.735140
4568.207550
5072.892400
6013.786750
6701.327290
7075.612470
5604.993120
8072.650420
6405.487100
6304.900590
6267.936570
6195.331740
7363.126720
6945.969950
6971.045570
7321.656700
7084.173190
5690.157900
6929.715600
5557.494450
6438.502980
6153.363090
6642.544840
4871.742760
5199.402830
5383.698690
5176.412220
6498.432750
6755.431490
6849.315670
7356.069840
7300.627090
6607.338360
6877.554220
6984.353610
4664.228110
5522.828070
6684.773640
7310.431810
7021.042900
6357.667920
8736.309540
4753.495500
7788.544060
4585.936880
6601.557770
5750.260990
5577.175560
6426.977450
6440.890850
6356.084520
6749.170060
5898.342870
6694.417540
5986.764380
6342.036910
6170.582770
8586.151730
4941.288270
6263.407000
8688.618090
4956.848040
4865.626400
7643.416010
5620.274340
5642.904650
5218.505930
5172.871820
7386.514620
6665.476300
7979.425600
4860.871710
5884.577320
6973.880230
8700.598140
5026.727020
5249.713990
3835.648580
7961.620400
6799.353410
7573.356310
5495.240720
6058.308620
7610.953030
6373.482660
8119.519310
6248.014690
4984.172590
4397.015980
5611.622480
5146.807340
5940.838980
6754.887740
7081.214460
6357.634650
7159.037710
4264.506150
5431.112480
5855.175270
9574.412020
5830.982460
5589.891920
8927.461480
5031.838720
6172.061890
5980.125430
7395.577880
7004.806260
6416.289100
7588.165160
7356.275990
7878.666970
7863.493510
7529.668420
8056.456220
7298.946840
6810.292600
6645.082140
7678.041570
7747.392610
9725.836330
5610.613160
9289.884340
6179.304830
7544.004240
7971.261910
7836.799800
7051.843460
7955.530820
6721.893650
7566.661670
5621.257240
6504.199530
5967.648230
6958.484980
6936.174620
8248.808230
6002.839700
7836.615890
7693.461820
5551.042770
6667.349540
6869.391850
6915.054930
7646.873050
5399.329100
5077.656550
5843.485360
7852.345460
7079.312800
6602.060200
6639.840790
6073.909520
6876.636060
6835.172430
6999.544860
6813.864730
6847.605560
7428.869810
7252.552650
7322.912790
5962.773180
6402.122170
7000.868550
7469.747710
7091.386770
7209.350720
7202.786310
6881.500660
5959.441410
7738.408390
6930.903110
7217.708510
6047.686790
8091.177810
7393.438800
6086.102460
6466.267260
7714.452980
6564.957430
6807.211030
7549.478110
7775.257470
7405.661510
7527.506700
7261.138520
7469.122220
7158.444500
6360.818310
6554.477600
9107.833190
9804.422970
6989.244050
7282.255690
7544.077920
7217.621110
6752.702070
7817.313500
7927.063730
7253.772690
6893.330790
6527.654180
7537.397740
7500.169920
7182.386860
6739.257870
7635.039430
7717.674620
7165.578070
7500.688890
7414.927400
6830.583480
7567.903710
6874.588540
5826.363900
6483.647890
6563.526300
7520.300190
7678.746720
6668.998910
7334.335200
7472.128860
7192.404350
7564.662660
7290.667910
7578.859930
7089.946230
7446.168080
6383.780800
6695.886520
5016.309300
6879.503360
6978.085820
9414.719520
6486.085930
6419.810120
7386.772760
7643.843330
5780.728070
6710.052980
7412.099960
6278.244150
7013.062220
6624.807390
6429.196860
6777.954850
7273.239170
8222.458420
6262.776380
8119.000520
7355.128910
7217.874230
6451.234460
7761.628930
5621.948390
7661.777570
6907.901150
6704.336730
6841.282610
5016.126040
6658.627080
7328.191150
6608.895250
7541.639900
7448.985650
6922.211870
6404.336180
6948.000650
6656.754450
7730.386540
7526.212580
7511.109570
7310.375350
7339.959680
6562.810150
7233.131710
6155.000060
7383.520440
7395.714220
7749.105340
8093.544430
7235.049510
7665.940860
7333.976530
7341.360610
7990.914940
7899.984820
7570.464130
7553.456730
7469.546870
7282.398770
7374.170230
7143.470070
7456.924800
7739.222940
7821.461370
7379.992410
7547.206610
8125.338200
7950.643750
8158.245530
5728.824760
7466.252320
6966.267040
7561.168990
7284.339430
7787.649550
6853.753310
7585.429770
6546.066650
7564.290590
8582.683420
7416.301380
6629.277710
6557.076530
7645.200600
5390.900520
5832.668440
6585.999660
6959.687720
5410.336220
8479.719660
6247.646850
6060.835250
5269.711260
6800.664670
5812.364270
6833.327110
6161.265190
5848.677590
6626.396720
7169.569640
6831.141150
6746.298740
7000.810050
5758.221010
6308.033180
7861.371410
6268.128180
5932.666800
6359.537560
7137.563030
6939.343330
6072.290610
6242.636020
7250.064800
6680.145460
4846.715340
7367.682050
6113.518240
6030.879580
6772.148490
6555.735530
5420.991820
5512.906000
6310.983850
7551.356640
7046.363140
7044.596330
6540.192690
7129.857690
6039.812770
7526.276910
6119.312930
5065.753950
7044.703260
6499.606590
6514.565170
6953.358900
7110.264010
6301.152260
6790.293190
6465.573490
7199.939360
6229.888540
7653.601960
6514.179670
6459.371690
6445.873230
8202.313930
7634.975040
7667.178840
7405.371700
7429.736230
5960.069350
5151.546560
7196.743860
6759.669810
6774.641370
6863.641820
6955.797380
7241.694390
5046.510440
5181.885970
6331.635390
7006.862520
5674.576190
7129.715290
7789.711750
6085.830310
6176.238000
7420.294340
6345.104030
7977.926560
6975.915330
7648.405010
6463.136090
6170.518420
7658.919920
5863.049750
6459.779480
6551.955400
7125.807080
7660.413660
7651.308240
7394.006140
6731.864000
8686.614620
6463.285840
7878.010620
6732.581690
5449.263230
6892.041170
8047.771660
6725.791540
7562.638340
6424.216680
6914.129040
7254.779090
6539.407420
5400.777040
6644.180950
6674.843740
6706.335250
5724.871760
7253.939740
5562.093910
6611.876620
5932.729110
7249.420140
6958.385740
6430.787510
4641.613990
5922.673780
5126.760470
5885.512260
5841.435980
5232.377040
6956.088630
4455.807000
5619.862680
6853.703850
4295.338420
5254.962960
6272.792550
5538.012640
7334.260410
5462.188360
5097.254800
4726.036440
6164.573590
6067.037590
5856.680080
5586.061350
5858.404390
5437.447100
6976.075930
3893.463750
6107.760440
5112.256820
7547.231250
5760.160500
6831.190980
6015.204400
3238.822380
8030.682230
6060.495730
4862.129480
5647.512160
6963.314460
6645.305010
4714.354880
5753.311080
6339.801850
4405.326960
7320.527730
6539.052440
6743.567610
4056.448960
4524.602610
5797.418890
5459.937540
6417.338940
6145.644970
6646.173440
6816.733970
7818.496280
7675.051860
6026.715510
5671.814050
5275.367700
5262.869480
6351.079620
5516.042950
5781.558830
5379.681480
7439.307790
8074.804800
5924.068880
7735.644300
6493.405090
6125.859510
6618.772630
2852.584690
5678.307820
6351.867890
4629.289070
6127.832400
3927.367360
8033.285290
5373.359490
5220.210970
7788.972500
2649.727990
5058.434440
5784.690670
6267.594660
6123.846590
5994.704210
4666.812830
6491.050190
6041.878030
5649.861820
6139.257290
7108.711970
7011.241750
6472.334490
6830.549830
9210.561300
6991.624500
6108.135160
5513.584680
6531.048630
6570.500430
7530.510900
6844.769400
6132.533360
6772.066810
5484.554970
7196.197460
6058.644500
5807.936240
5742.116700
4739.291340
6009.834180
5530.726960
6925.061870
6597.939650
6329.331620
6689.797610
7010.223290
5841.366870
5962.007580
7069.939800
6045.924710
6852.564760
5371.168780
7906.095230
5967.928560
5781.115390
5727.341050
6467.091170
6778.894530
6589.255480
5937.002590
5292.446570
7076.170380
5192.239310
6026.022840
6219.433520
6455.165160
5293.314800
7271.120590
6268.295410
5517.268710
6873.991720
1911.726500
5535.510840
6254.616200
6811.335200
5446.198390
7179.741330
6209.099840
5953.496850
6912.737360
5808.329090
5905.962320
6847.838210
7194.046200
6839.765540
7895.964000
7607.929670
7214.275920
5911.517540
7122.658220
6822.133040
6869.733700
5928.882630
5606.377690
6247.977190
7058.104400
6413.333520
5354.687530
5849.756830
5712.179100
6823.061860
4902.835220
7150.193910
7255.923720
6250.541090
5877.980240
6898.067150
7017.407830
4684.968390
7956.053550
7864.353610
6419.557180
6490.358390
5219.998300
7312.075590
5753.950680
5829.899480
6507.293350
7727.972290
5450.735540
6685.308900
6837.059760
8304.363470
6751.449310
6837.254030
6067.460420
7200.108750
5709.116510
5414.563450
6798.439850
6145.753960
5632.406040
6294.699570
6109.258080
6359.830340
7532.004870
6580.870540
6978.034570
6452.643340
8176.356550
5274.986610
7623.289970
5782.312090
6130.094340
5677.359160
5197.961800
4661.059660
5224.582240
8656.397410
5888.676110
5870.573680
8112.047480
5177.392100
6379.850310
6605.092090
5884.374570
5531.300040
6480.204090
5660.432180
6498.488540
6337.599340
6383.989800
6088.530750
6194.741610
6449.003380
5810.522620
6563.228980
6327.946670
6228.370170
7399.940020
6431.565270
6547.181490
6178.697820
5763.831740
4681.703320
6867.127090
6114.064620
7468.620090
6724.572320
6812.255460
6528.064050
5647.029660
6858.902680
5545.507850
5821.624230
7786.093490
6488.842760
7426.793190
6906.430110
6745.287980
6597.482220
5298.850880
7207.373300
6779.032070
7613.882170
6328.928920
6734.832480
6791.593580
7005.386100
6232.013470
4201.224350
7662.382450
6841.451940
5865.361250
6355.945850
6645.935520
6603.130440
6373.528910
5947.818380
6358.730340
6812.455260
5959.992480
5515.318400
6589.534600
6663.915360
6708.997160
6247.025720
6730.763680
7556.603110
7528.348010
6406.207580
7298.167190
7612.041950
6701.326330
6624.658330
6808.653590
5437.997440
6447.009610
6702.565780
6620.919970
6558.963720
6366.713290
6761.022370
4190.079160
6727.167010
6661.186760
5333.752500
6493.631850
6802.393890
6639.818400
4584.452330
6938.659570
8291.395790
6738.172240
6719.410090
6489.595760
6401.953810
4904.310380
6692.799840
6712.443910
7637.148910
6846.647200
6893.432930
6856.111540
6570.607580
7165.935340
6417.346850
6771.693580
6909.775380
6702.474960
6455.165800
5648.542260
6909.861120
6712.052700
6797.309170
6576.377340
6951.982870
6615.571920
6468.283970
5197.075290
6786.523320
7190.829390
6690.637150
6741.319630
6637.694490
6919.501620
6727.505290
6793.861720
6690.550340
7792.621980
6645.252850
7335.630940
6514.111850
6669.316610
6925.817500
6710.068920
6704.353770
6911.379970
7016.139520
6841.440380
6810.376900
6858.926350
6383.175300
6555.591120
6740.148450
6727.761470
6761.344470
6829.926550
5317.742890
6993.353970
6418.935810
6387.674280
7092.959090
6770.426200
6629.752520
7052.806450
6497.154060
6721.798900
6964.181860
6717.577320
6813.666980
6921.452110
6258.875350
6976.249080
6665.795970
5776.465330
5986.649270
6271.982210
6941.847390
6819.026990
6863.523590
6644.158650
6094.262670
4312.528030
7061.592550
7397.322660
4501.519770
7074.890850
6084.613210
5994.736400
6047.468350
5576.031970
5878.938720
7751.387810
5020.310910
5990.893680
5060.667530
5631.703740
6984.842850
5818.555030
6428.969500
6908.655960
6594.794600
5563.058330
5437.040360
4328.352070
7301.517300
6490.165190
6665.871650
6214.128400
6495.931740
6948.561730
5223.837870
6247.750360
6774.849990
6503.119170
6120.500680
6803.808810
6764.506210
6848.143330
5368.678590
6529.620750
7388.660540
7637.808180
6060.428860
6750.924770
6722.241630
6835.669570
6775.775380
6757.086150
8070.909140
6853.751050
6822.097270
7045.668810
6822.968390
6868.570600
6419.263470
6873.194540
6834.334470
6912.348750
6791.154640
6468.356490
6739.506760
6728.462990
7156.582250
6921.075540
6876.672560
6847.234580
6795.385380
6938.060590
6809.876810
6656.126010
6896.422750
6425.308260
6761.042530
6884.952740
6449.656430
6767.727820
6828.653190
6625.676160
6769.211810
6817.636030
6594.307950
5093.432380
6925.335420
6853.817280
6960.262840
6667.138180
6917.426010
7036.026820
6881.234300
5860.023760
6639.719150
7868.186910
5458.520290
6556.976090
6873.184480
6974.117510
6739.491060
5620.990230
6329.944790
6478.454970
6565.865270
6824.365460
6824.489560
6390.910260
6812.704450
4650.384920
6549.640880
8251.178990
6866.936110
7145.383490
6574.536620
6157.476900
7152.016960
6997.443080
5719.251380
8160.096620
6274.915560
4985.530860
6762.495960
6809.494100
4520.052430
6824.382760
5739.954460
6208.887680
5800.473610
6902.750680
6440.609050
6906.332950
6732.874540
6604.551490
8011.192130
5772.784730
6634.911830
6735.436250
7638.310340
6493.072740
9438.885950
9353.963210
9527.025200
9000.181410
9076.344440
9269.157340
6996.370190
6018.717310
6392.319220
6961.390850
6893.321310
6461.171410
6802.890940
6465.221020
6576.436420
7057.808860
6687.428540
6485.444810
6673.602190
7385.754740
7038.472790
6790.399890
8220.531090
6634.262130
6739.573150
6797.709170
6464.594320
6299.696190
5382.976980
6784.736900
6984.794120
6974.169790
6689.845820
4710.217330
6870.692760
6323.027160
6109.400570
6163.522890
6279.406430
6355.456170
5889.668270
6433.665900
6397.717430
6518.403600
4520.140490
6226.925330
5284.864080
4149.327640
3730.831380
5283.853370
5536.366430
6211.690460
6167.933650
6754.600110
4809.506120
6289.603330
6336.532270
4810.830960
6550.887390
6709.027820
5322.819410
6249.402430
5939.063110
4979.611080
6474.717700
3322.101280
4788.498630
5825.952830
4631.279130
5033.280680
6105.816200
6422.212710
6131.808430
5593.459530
5274.881260
5345.622080
5774.124810
5316.425080
7545.068430
5662.267760
5446.872180
4656.507860
4728.005860
5058.991780
5299.917890
4513.852780
5058.082810
5407.321350
5356.185660
4863.547560
4518.472710
5629.633210
4546.190620
4968.880870
5841.376880
3761.351870
5279.300040
6777.526250
6606.898760
6530.996110
8270.052610
7052.264110
6520.098030
6642.494850
6560.670040
6360.332230
5091.898730
6894.441880
6089.762540
6981.781090
5666.535500
7629.027400
6152.342060
5826.389420
5269.913880
7074.261810
6269.217860
6540.249640
7638.690230
5680.775750
6661.849210
4007.243690
6245.040440
7062.789420
6636.669670
6259.328730
6760.029630
7565.351120
4968.177600
5371.828800
7756.494700
6926.383490
6737.222460
7093.545140
5229.281090
7107.778680
5129.949980
6105.134820
5251.677560
4632.582650
5823.483210
6915.508440
5083.646580
6685.785380
7228.756800
4652.961220
4682.545520
4527.544990
4369.214500
4964.742710
3993.410670
3644.689950
3725.272160
4234.382860
5001.997420
4556.103110
6108.062050
5801.587510
6097.771730
5348.676620
4916.097590
6475.516770
6403.779780
6060.557780
8192.043410
6770.543630
6166.090870
5963.724940
6601.247750
5788.583750
7493.606920
6199.946410
6260.827440
6416.327070
6886.621560
6461.514900
7375.799360
6144.782660
6515.815450
6081.399590
7061.507580
5866.755100
5954.042780
6130.588900
5858.676630
5661.354990
7408.118450
7572.162360
7452.137840
6023.667520
7489.402790
7233.468170
5226.852100
7135.350700
7543.849390
7370.757080
7639.514240
7681.279030
6986.568510
7329.410170
8018.768380
7629.733240
7729.635730
5964.535840
6761.506140
6477.217420
5520.237300
7431.843750
7182.282690
6401.770970
7161.555410
7122.548380
6651.259250
6892.945030
6419.601090
6683.109420
7041.495390
6720.568770
6641.152850
7070.340850
6927.190940
6418.559990
6499.699440
6211.275380
6867.888170
6835.552700
6380.934230
6555.544640
6727.047500
6862.711070
6038.652540
6711.649880
6850.780020
6853.341000
6790.344170
6543.536040
6974.488780
6683.647250
7013.672250
6601.407640
6426.353810
6587.323520
6551.014720
7229.242910
6786.999350
6971.884580
6893.799690
6937.821160
6645.483100
6835.760750
7240.144260
6166.342420
6898.829470
6903.248430
7382.187530
7156.563820
7220.744640
6936.765840
6698.839880
7197.174250
6847.659190
7262.448460
6751.976650
6629.292730
6406.083060
7123.451970
6749.468540
6850.438080
6606.242930
6875.659580
6722.261220
7225.023830
6896.608620
6942.919260
7003.946330
6844.468320
6972.882690
7124.795350
6973.272190
7202.415510
7197.589320
6671.429440
7330.962590
6927.441000
7210.117860
7090.265200
3264.845910
6687.791570
6919.354630
7120.254960
7245.732930
6716.652870
6854.006850
6999.285460
7021.330070
6938.871860
6667.719330
6615.620640
6834.814150
6898.175870
6946.154770
7133.610560
7199.529370
6947.551510
6912.519980
6949.933780
7192.534830
6390.381870
6964.454160
7273.210990
7180.187870
6197.530680
7233.290540
7311.859270
7240.586690
6948.741940
7159.809620
7243.664070
6974.213100
7330.978180
6988.763890
7251.238510
7259.210100
7380.766250
6838.281900
7036.833310
7024.266190
7282.325430
7590.778640
7077.801130
7027.560460
5773.168460
7217.128650
8172.766410
7023.949360
7195.352630
6950.754240
7017.162620
6814.007210
6830.755440
7067.205910
6810.228360
7046.327220
7265.907910
7058.910030
6920.071300
6685.192170
7078.648840
6830.552230
7145.273300
6436.967690
7108.279450
7241.777710
7033.499710
6191.003590
6667.366830
7195.608700
7185.987760
7844.001220
6723.676580
7152.351350
7088.508030
7075.795640
6735.457020
7439.899150
7286.060880
6981.558300
6063.099540
7108.232790
6973.056570
7148.141090
6989.686850
7220.756130
6788.558970
7099.746220
7091.625120
6967.405590
7050.764650
8053.085390
7160.647940
7130.651490
7220.061610
6865.877150
7144.040570
7085.187230
7016.576780
6344.308040
7312.430340
7225.892000
7277.761220
7099.223670
7113.777650
6257.215090
7598.349570
4973.011720
7850.853030
5924.851830
6709.571030
7937.993080
5640.347560
6997.176910
6435.180260
6620.159400
7227.457170
6686.622760
5566.160660
5442.761790
7380.599000
4923.540940
5567.671290
5945.650450
6311.127680
4477.020970
5149.388220
4703.569010
6021.349510
7239.571210
6415.872080
3745.645960
6908.531320
6318.733330
5882.170050
6492.942480
6774.838920
7383.420530
5538.793910
7935.200400
6609.424960
6692.130290
5725.933660
4280.831880
5888.483110
6769.031320
6036.550200
4720.809160
4731.760980
7388.095660
4762.238420
3738.512240
5031.088560
5116.037090
4415.079990
5336.796150
6806.070530
7591.798380
8338.816890
4568.422460
5522.707560
6441.723100
7480.019760
7268.891060
7067.112190
6578.606040
5110.873800
5144.597300
6676.250210
5978.622960
6565.947000
5647.978790
5607.825290
6715.939630
5046.883160
5710.219770
6053.782540
3945.998500
4646.928130
5078.761050
5771.863190
4973.974060
4516.063420
6408.423570
4904.130390
5251.944850
6953.314350
4623.537150
3909.743050
6021.286900
5070.188690
6311.983620
6227.288560
5695.482540
7262.546910
5619.532880
6969.407400
7086.379150
5819.385790
4298.169550
7282.810940
5927.617960
7194.002160
7113.611600
3029.281290
5614.952910
5519.664420
6732.208160
5896.785030
6117.032110
4147.745430
6589.262460
4452.691820
5712.543810
6827.782390
4484.797200
6905.569480
5360.383730
5439.738700
6576.814220
6761.338010
6739.492040
4693.405920
7655.320890
6743.871890
8067.858710
4850.739250
6771.041980
5455.294990
6261.548220
6605.631550
5116.728970
5280.208260
7114.484660
5970.210870
6247.428420
6248.471060
7200.672060
3446.012960
6417.673180
5757.972780
6221.393700
4611.050660
5012.818800
5513.913120
4579.198550
7238.283480
5098.363950
5790.004480
4538.678570
5884.491300
4155.086620
3327.205670
6638.496560
5389.170670
6461.129460
5288.173550
6729.873680
7294.996900
4675.875390
5477.484650
7910.745260
4396.813970
5547.042890
5862.759420
6914.950890
5376.479330
6380.369580
4531.175740
6098.992870
4671.736560
4342.837740
4991.499240
4800.662040
6701.706360
5558.085710
3949.727930
6976.382270
6506.879670
6177.268660
6730.299320
3466.174270
7427.610710
7930.724470
5991.605810
6584.887710
5299.998060
8039.339680
7811.655090
5098.311370
6114.704670
6082.974360
6151.305620
6501.832800
6541.444090
7849.535540
6732.965800
6854.274920
5440.113280
6194.633740
5925.285060
5509.690070
5465.644980
4146.375380
5270.350800
7416.357630
5231.768680
6237.774650
6346.158270
5330.640600
4770.063010
3928.805940
2951.065070
4928.353190
6664.174440
7853.472610
5921.710830
5946.745800
7008.672810
6866.763560
6560.980950
6609.418160
7139.067180
7310.540780
6290.647870
7050.742080
8022.296880
5646.896460
5939.117980
5911.841130
6220.887850
5579.777280
7254.245880
6122.007820
5127.389070
7237.956150
6772.096150
6097.093720
6072.954670
6695.063320
6440.428080
5395.695700
7195.129100
6065.992090
5418.618090
5290.897540
5386.740610
7214.804260
5779.023840
5142.350640
7351.897620
3793.324150
4975.469320
4874.067120
6255.818780
5967.885950
5882.168100
5437.037920
6104.060230
5732.140830
7196.247790
5088.112790
6473.596990
3143.749040
7562.746330
7327.229300
6341.968780
6224.613660
7511.649570
5591.686240
6516.152070
6323.043390
6359.421940
7508.470730
4279.190270
6265.639360
5297.657120
5171.260330
5317.902020
5564.212880
6725.462050
5999.126190
6230.040780
6473.264040
4813.030030
6429.939750
5149.442000
5505.840230
7137.355700
4823.686510
5964.809490
6906.899620
5531.277970
5563.186000
7272.935390
7114.276020
4640.086990
6271.327550
4941.886030
5757.500250
5329.582800
7952.771630
6980.142220
7592.817940
6976.654200
5933.810520
6833.603150
3246.851770
6870.812900
7030.840030
6179.167600
6122.483570
5940.747090
6106.968280
7372.143070
7602.855030
5777.781560
5644.248250
4612.930190
7004.178170
4586.061080
7296.321070
6226.694010
7666.629970
6124.367990
4912.142090
4999.650510
6024.486920
7050.641970
3644.663340
6400.831650
3734.773920
5736.365920
4357.378890
6225.687900
4571.647790
5126.816380
7348.648000
6499.165960
5890.889440
6788.186490
4888.830070
6530.871400
7024.349550
4244.223860
5493.340800
4711.448490
7914.123130
6418.571580
6994.260640
4479.834850
6915.604050
6628.034740
6728.992430
4502.134240
5682.478230
6491.317420
6214.405180
7721.598960
6587.689420
7439.180210
5273.563470
4951.321600
6419.181420
7250.070010
7482.562330
5201.255320
6290.136710
5868.919590
4695.792390
6389.876220
3769.269840
5377.967730
5060.729620
5754.470050
5129.604950
4976.191100
5834.361110
5741.828780
5583.577400
6455.437900
5332.863580
6223.705910
6004.127450
4882.937360
5967.693200
6697.344730
5986.578340
7609.025230
7250.307290
5560.920690
6757.255720
7276.987950
5969.919160
6182.613440
4147.938360
6037.474180
4902.934250
6904.924610
6814.136020
6628.238030
6799.144550
8171.814460
7884.664890
4936.890630
4785.038950
4713.102910
6975.747270
6868.299380
3999.057870
7821.784850
6495.581370
7659.527470
6235.498140
5972.697900
5647.104120
5676.529590
6792.183160
4955.396620
3800.039520
4995.854210
7184.527340
6935.452920
7122.335730
6068.854980
5072.498890
5488.948080
5610.796280
5119.745360
6314.918690
7455.677300
6574.636310
5717.350190
7466.322060
4953.284550
7722.783000
7548.758900
5563.597230
5359.203720
5492.023970
5365.952490
6414.393250
5934.347790
6358.603060
5693.949140
6697.280830
5416.606420
5452.593610
2615.202480
4385.701180
4476.190990
4835.568650
4582.957670
5394.331520
5863.309360
4268.533700
2949.613260
5110.640990
3384.477570
3546.112600
3977.067470
4558.214720
3657.596590
3843.871480
3958.090720
3798.136150
5413.928610
4264.818920
5348.334310
4486.939780
5151.552610
3354.563720
4191.210450
3612.539810
4428.236510
5248.655410
3232.887440
4592.449410
4814.401910
4016.899700
3424.675960
4682.721910
4906.526350
6271.937860
5162.776090
4507.973100
4935.464900
4840.225800
3962.073560
4782.947380
4202.953010
3420.022010
4086.111930
4005.605780
3636.569840
2561.545140
2777.481730
3955.511110
3172.041400
2580.491460
3033.871370
3246.968650
2966.378170
3129.765990
2569.362550
4124.701020
4676.710210
3904.188950
4076.996630
2746.595340
3616.557610
4448.671110
4080.432550
3918.240700
3970.929630
4313.746200
4268.227350
4167.893390
4048.028840
3568.830590
3264.992790
2871.494120
2944.413700
3596.483000
3948.694730
2991.928400
5498.283560
4580.044360
6593.284950
6063.600190
6167.952540
6674.832270
7869.119500
6378.033010
8211.308360
6384.637440
5551.416400
7568.273010
6412.603550
2855.584530
5010.398380
4866.779760
4045.228530
3469.247710
4384.735210
4675.987930
5295.138280
5351.548350
5259.295790
3854.881340
5054.846080
3588.037080
5175.451790
3778.897580
6699.191600
5280.849500
5356.104500
3977.590060
5071.548240
3727.220670
5026.741920
5708.681730
5676.996680
7235.760010
5767.134360
7077.686920
5158.649620
4622.522590
5608.651610
4317.793390
6166.033860
5172.709710
5698.354370
4384.908830
4290.282270
3769.719990
5659.084190
5831.815850
6066.156120
4294.699340
5480.493780
4885.837640
5413.555840
3600.935680
6515.365990
4525.830320
6164.599510
6230.739450
6735.465470
6386.694740
5619.213320
6232.981910
6588.772360
3597.734000
6638.996870
4868.873040
5885.073330
5851.169510
5199.968930
5404.696130
5147.928470
4685.563260
6872.251190
5631.381950
6250.755920
3566.747200
4472.309100
4293.166580
4830.321380
5711.375210
5852.089420
6517.547910
6521.003520
6306.985110
3293.926990
3443.298190
3826.389080
3265.305320
3162.732710
3589.890870
5497.321440
5557.812280
5203.908530
4882.717140
4372.455070
4260.309340
3898.199100
3479.864190
4377.918280
3356.697680
4562.153770
3854.046490
4861.889380
7768.348040
6465.303760
7905.316970
6592.569020
6851.535500
6420.339100
6707.178030
6266.991530
6844.879240
7748.308060
3966.664500
6652.995860
6238.695670
6326.286970
6774.570330
6764.856360
6835.787800
6035.755950
5940.607010
6625.740140
6878.019010
6487.783160
6764.852110
6764.455970
6853.521950
6464.079310
6698.688620
6676.904480
6395.525350
6748.173340
6828.475390
6461.636740
6629.921510
6003.858100
6704.650400
6562.249600
6840.390960
6456.533110
6509.986400
6911.826680
6743.049420
6714.846850
6700.824120
6078.563950
6723.928440
6801.585800
6700.031690
6679.209070
6198.241430
7490.371180
6493.662970
6304.106940
6726.073220
6744.861110
6693.498520
6763.824020
5765.972960
6708.172160
5788.720970
6981.751550
6472.814950
6645.914710
6850.433530
6751.679830
6494.473970
6791.800190
6870.390690
6708.161760
6333.886440
6670.726730
6997.321770
6920.315460
7023.871590
6740.680930
6952.563320
6154.388970
6561.374200
6917.055880
6795.241020
6927.129150
6835.580480
6208.281840
6837.028480
6851.712300
6933.213310
6756.115270
6896.289930
6752.673780
6632.211100
6643.970670
6726.905020
6865.481860
6819.132800
6877.707270
6516.671160
6599.188280
6881.371100
6842.641890
6653.454250
6905.768820
7594.912410
6801.701680
6655.822390
6802.382550
6680.890950
6345.957090
6837.249540
6473.428680
6403.443720
5564.450890
7674.754450
6493.321190
6102.113680
6736.650130
6653.143750
6870.234520
6748.945510
6784.535750
6353.213960
5050.469140
6264.643770
6794.090760
5994.920890
6753.954390
6777.234520
6488.189240
6721.505080
6907.127280
6664.779560
6484.240240
6616.428600
5443.141000
6867.367270
6799.140050
6875.879320
6417.689870
7119.733450
6460.202290
6449.969750
6864.481520
6962.541510
7519.238300
6471.852320
6720.073520
6606.511300
6415.571210
5293.264660
6875.967170
6478.991940
6653.853330
3701.920540
5610.819530
6768.958540
6627.381850
6483.240530
6688.626040
6714.303460
6755.313650
6906.618080
6717.496830
6816.242110
6768.926380
6743.114480
6712.205970
6505.251110
6684.917400
6747.128310
6747.401260
6815.908640
5132.498120
6601.344870
6652.942150
6525.807110
6659.376610
6825.976130
6808.811900
6702.178170
6797.216070
6825.625210
4316.237590
6833.299500
6609.379160
6800.045900
6801.085110
6625.821000
6714.521270
6724.696070
6692.525410
6744.766210
4473.519270
6127.845020
6695.083400
6659.597750
6671.906070
6843.255250
6811.736830
6554.207010
6771.874220
6591.176190
6837.834170
6454.590260
6615.315480
7023.860280
6929.472230
6716.369220
6819.808640
6905.324520
7397.006160
6817.696200
6686.306710
6707.163920
6756.661730
6754.694580
6910.935370
6697.786290
6660.806100
7004.774950
6267.429800
6897.460150
6762.775480
6849.114600
6898.657050
6910.919790
6544.568910
6835.866850
6825.549470
6996.704780
6806.242760
6862.163740
6896.998310
6832.748210
6751.004120
6869.676560
6622.349260
6906.527150
6746.132420
6598.225870
6452.513100
6649.119270
6843.617940
6736.369290
6800.496920
6881.858630
6928.111330
6713.104230
6772.054690
6810.398540
6647.208090
6794.243260
6804.933960
6830.497150
6766.959140
6958.589240
6891.343700
6786.516090
6503.425540
6810.517590
6973.186240
6582.898260
6782.432970
