561.850000
562.510000
601.070000
571.210000
547.480000
571.780000
580.400000
546.760000
543.200000
574.340000
607.500000
579.470000
550.920000
569.860000
555.780000
572.950000
566.250000
568.730000
569.460000
557.640000
580.240000
584.250000
566.730000
558.510000
562.210000
581.360000
539.250000
572.760000
588.900000
605.060000
555.060000
604.010000
595.400000
566.240000
568.470000
566.020000
563.300000
565.910000
557.280000
602.890000
548.270000
574.970000
553.530000
565.750000
625.850000
572.060000
594.990000
566.330000
593.080000
561.890000
544.100000
592.170000
594.460000
594.420000
538.910000
543.270000
581.460000
540.320000
585.840000
551.790000
574.130000
596.370000
569.770000
565.060000
547.100000
557.510000
587.600000
573.130000
564.370000
574.230000
577.910000
562.410000
548.150000
557.380000
565.070000
581.690000
555.810000
575.230000
596.330000
596.960000
572.400000
599.420000
554.980000
585.330000
576.850000
560.550000
562.420000
598.750000
555.870000
552.950000
560.620000
602.250000
594.070000
563.590000
586.340000
584.000000
575.640000
605.120000
564.890000
551.900000
578.880000
578.510000
572.510000
556.290000
556.810000
561.880000
561.650000
541.780000
560.010000
556.530000
564.750000
552.100000
584.170000
551.410000
580.080000
564.110000
546.890000
569.600000
545.130000
553.140000
534.600000
549.840000
557.780000
566.000000
542.910000
539.920000
557.860000
529.760000
517.250000
534.070000
545.950000
532.660000
541.520000
559.100000
567.440000
560.510000
550.040000
556.330000
549.980000
576.770000
538.240000
573.860000
567.060000
567.010000
545.970000
574.690000
567.870000
565.640000
564.480000
534.860000
568.190000
550.640000
560.630000
547.540000
591.430000
577.050000
549.400000
545.460000
552.370000
541.640000
554.410000
548.440000
551.960000
572.890000
588.690000
563.130000
573.150000
563.760000
561.180000
588.880000
576.510000
572.180000
583.520000
555.010000
581.880000
572.320000
602.100000
547.030000
561.670000
561.140000
583.410000
567.140000
552.190000
559.020000
594.850000
562.840000
550.580000
589.330000
554.840000
546.890000
537.760000
561.430000
559.260000
568.480000
563.170000
589.400000
544.330000
539.180000
576.920000
578.440000
550.180000
547.720000
571.100000
563.670000
573.860000
610.600000
572.200000
552.090000
538.620000
541.130000
531.220000
565.240000
554.230000
547.610000
552.530000
515.480000
545.180000
552.320000
592.210000
556.670000
538.930000
572.850000
551.420000
542.000000
551.090000
558.070000
549.990000
559.190000
565.830000
568.610000
553.450000
555.770000
587.630000
535.970000
567.030000
561.050000
588.330000
581.050000
547.570000
532.880000
546.530000
528.000000
569.440000
577.250000
569.540000
555.330000
550.720000
544.220000
565.980000
561.610000
541.790000
545.620000
536.010000
569.690000
542.300000
560.640000
527.290000
557.520000
554.640000
554.360000
551.020000
595.880000
557.830000
522.940000
563.220000
531.420000
568.230000
582.270000
542.950000
531.210000
539.670000
551.110000
564.030000
549.130000
537.900000
559.190000
576.300000
588.270000
573.880000
584.300000
593.260000
578.690000
587.350000
579.810000
593.900000
569.230000
562.140000
597.360000
568.900000
573.220000
583.150000
584.010000
567.850000
573.650000
569.050000
597.120000
582.670000
579.870000
558.010000
557.360000
580.890000
590.000000
567.280000
569.240000
602.140000
592.800000
551.440000
542.080000
621.710000
565.380000
590.150000
602.860000
605.120000
613.690000
603.680000
578.080000
573.460000
604.080000
580.250000
565.390000
608.390000
562.270000
570.350000
577.160000
574.760000
575.750000
598.280000
574.070000
588.230000
568.870000
558.630000
579.610000
589.290000
555.000000
549.760000
581.530000
611.170000
606.330000
591.080000
564.630000
600.050000
586.360000
581.470000
578.370000
574.200000
601.100000
576.050000
571.250000
575.850000
568.710000
577.880000
599.980000
605.780000
573.010000
541.600000
575.530000
565.390000
540.990000
565.530000
559.740000
569.400000
579.540000
586.040000
603.710000
585.190000
563.750000
568.190000
577.440000
610.780000
581.670000
559.330000
585.020000
594.690000
569.520000
620.740000
613.060000
568.430000
535.510000
567.430000
583.830000
572.840000
548.580000
539.560000
575.580000
566.470000
561.840000
555.430000
572.400000
575.190000
587.620000
558.930000
548.650000
557.780000
543.520000
611.840000
575.270000
568.880000
549.990000
580.010000
610.370000
586.800000
583.730000
548.480000
532.120000
589.080000
552.830000
540.720000
600.920000
566.280000
584.830000
597.410000
589.750000
563.780000
556.670000
570.210000
556.400000
586.820000
549.160000
605.080000
628.070000
581.930000
575.760000
589.310000
575.850000
543.970000
574.480000
583.200000
579.790000
579.700000
569.650000
570.370000
562.750000
536.700000
559.430000
543.440000
568.590000
530.610000
575.630000
563.880000
566.260000
541.590000
572.500000
558.750000
557.120000
590.810000
573.330000
547.260000
579.860000
573.990000
559.910000
563.720000
569.240000
599.130000
572.330000
581.820000
558.480000
608.410000
550.700000
597.020000
564.780000
564.770000
576.330000
565.890000
588.140000
574.980000
571.580000
555.820000
570.710000
555.820000
524.680000
544.390000
526.870000
553.020000
580.030000
569.810000
572.460000
594.060000
578.690000
577.160000
596.500000
560.780000
549.790000
575.290000
545.690000
565.900000
578.860000
613.890000
595.240000
569.300000
574.180000
588.440000
576.880000
546.610000
606.660000
584.590000
539.300000
583.700000
589.970000
586.190000
552.770000
573.980000
560.980000
616.280000
587.630000
537.370000
559.900000
613.840000
589.390000
565.110000
569.450000
530.960000
552.000000
545.920000
568.170000
571.920000
563.770000
558.260000
576.520000
539.920000
567.830000
583.650000
550.440000
584.600000
544.980000
570.090000
569.740000
565.710000
582.070000
541.510000
541.160000
569.640000
563.900000
590.280000
539.440000
572.120000
566.860000
557.410000
591.760000
584.520000
562.630000
556.820000
561.160000
577.700000
549.460000
558.740000
573.320000
562.960000
579.770000
545.910000
570.850000
555.930000
547.240000
574.290000
564.500000
544.100000
536.930000
556.080000
535.120000
557.290000
596.640000
550.960000
561.940000
542.970000
548.580000
590.500000
609.170000
567.220000
561.300000
554.950000
576.720000
597.030000
553.530000
597.400000
582.860000
562.140000
551.700000
552.000000
556.060000
569.350000
576.950000
588.470000
573.190000
591.010000
544.130000
561.700000
547.850000
538.240000
566.910000
550.150000
540.890000
543.870000
532.050000
539.480000
579.720000
603.920000
569.240000
532.580000
540.070000
569.110000
608.930000
573.770000
592.760000
553.310000
560.620000
567.270000
569.570000
556.740000
545.280000
543.320000
536.430000
565.620000
539.190000
516.470000
537.660000
561.600000
551.810000
523.430000
602.880000
550.800000
571.410000
551.630000
524.620000
592.430000
540.430000
543.600000
542.730000
579.630000
568.860000
553.960000
550.870000
555.130000
555.840000
576.410000
554.920000
569.440000
570.110000
542.760000
574.360000
544.270000
550.920000
578.560000
567.280000
574.320000
571.060000
577.180000
577.830000
576.570000
562.540000
579.890000
560.030000
587.040000
595.660000
572.850000
548.480000
544.700000
558.620000
570.370000
569.800000
565.610000
578.990000
563.080000
566.240000
531.090000
575.160000
570.990000
560.600000
570.970000
551.530000
539.200000
571.630000
563.440000
559.090000
562.940000
543.660000
576.200000
591.600000
565.110000
570.670000
580.330000
564.970000
549.820000
518.110000
546.180000
558.240000
545.740000
578.770000
575.820000
590.610000
574.160000
575.150000
580.130000
555.520000
545.420000
573.300000
590.380000
554.640000
553.600000
578.030000
571.750000
555.680000
611.350000
571.120000
544.490000
557.000000
539.340000
548.970000
568.790000
537.320000
596.200000
582.140000
558.760000
567.010000
566.260000
591.580000
577.970000
588.210000
552.140000
560.990000
536.720000
563.500000
558.790000
548.310000
561.770000
567.910000
552.500000
563.500000
558.960000
547.110000
555.420000
555.400000
530.060000
549.720000
538.750000
526.600000
559.660000
543.330000
556.980000
560.470000
548.090000
571.730000
558.620000
532.000000
570.300000
530.280000
566.530000
535.750000
545.490000
570.670000
559.080000
577.100000
531.980000
553.560000
541.360000
565.290000
541.490000
540.690000
530.710000
559.140000
548.550000
580.670000
564.330000
574.210000
539.120000
579.280000
571.490000
534.240000
550.980000
557.810000
528.400000
549.260000
538.730000
557.990000
553.450000
561.680000
541.380000
543.350000
563.140000
548.910000
551.790000
551.180000
537.240000
552.640000
554.960000
532.070000
571.700000
546.120000
568.910000
533.290000
554.890000
520.770000
498.700000
551.540000
577.110000
553.700000
545.630000
541.460000
532.400000
565.710000
540.130000
528.970000
549.490000
586.890000
565.080000
550.090000
575.960000
559.430000
538.550000
541.680000
562.510000
553.570000
538.890000
551.260000
559.640000
551.020000
585.790000
543.740000
549.610000
563.360000
524.700000
549.740000
562.220000
565.020000
548.930000
540.280000
544.740000
561.750000
553.030000
547.900000
591.430000
556.080000
597.090000
534.780000
606.570000
545.520000
547.280000
547.210000
563.440000
543.030000
536.560000
558.040000
542.680000
554.400000
568.270000
553.040000
569.590000
558.660000
530.780000
565.060000
564.880000
546.740000
570.180000
539.710000
539.760000
540.900000
547.950000
552.890000
544.300000
542.620000
541.710000
548.570000
525.840000
552.100000
568.240000
573.790000
543.710000
540.440000
541.250000
567.900000
550.860000
586.620000
550.200000
550.410000
524.700000
537.440000
559.590000
571.400000
565.100000
527.820000
549.490000
550.650000
542.120000
545.960000
519.040000
572.410000
545.800000
551.460000
544.610000
551.840000
557.560000
569.350000
570.800000
536.670000
560.630000
523.590000
556.110000
558.850000
574.930000
545.990000
548.240000
526.520000
568.460000
553.000000
528.160000
552.810000
535.910000
549.610000
547.040000
577.960000
591.520000
535.440000
561.540000
539.810000
585.080000
551.950000
578.320000
553.900000
547.530000
558.800000
562.960000
560.970000
558.950000
535.720000
554.780000
568.710000
554.150000
568.050000
569.740000
561.900000
550.660000
520.590000
568.840000
516.960000
535.570000
577.020000
553.880000
530.770000
569.200000
545.180000
544.100000
594.110000
531.540000
566.120000
551.280000
584.550000
583.280000
581.740000
548.950000
520.020000
550.460000
556.080000
597.290000
535.730000
553.760000
543.090000
581.170000
577.850000
534.510000
582.480000
550.700000
589.090000
517.760000
585.060000
556.240000
534.960000
554.300000
578.980000
524.960000
570.440000
566.590000
577.410000
539.720000
538.520000
538.260000
557.330000
529.790000
562.900000
578.470000
562.940000
541.280000
547.310000
545.600000
554.230000
577.900000
559.270000
555.330000
560.330000
536.290000
543.510000
580.390000
526.360000
565.890000
565.100000
556.230000
581.390000
557.070000
549.510000
526.800000
604.430000
556.950000
579.600000
527.920000
575.470000
550.440000
548.580000
570.490000
567.610000
549.860000
574.220000
542.050000
554.680000
569.440000
575.450000
578.850000
552.950000
552.000000
557.110000
571.860000
531.680000
560.090000
576.580000
579.330000
575.030000
562.980000
548.180000
562.940000
554.620000
557.310000
563.610000
560.140000
554.470000
535.500000
526.310000
561.030000
563.000000
549.680000
558.140000
552.550000
536.340000
552.250000
555.590000
534.360000
560.200000
567.530000
535.050000
536.240000
582.840000
563.270000
533.820000
602.760000
574.610000
551.600000
594.000000
548.000000
584.830000
566.140000
569.430000
552.390000
537.410000
527.190000
567.840000
575.100000
556.140000
549.980000
575.660000
573.860000
559.970000
570.790000
549.040000
531.880000
563.440000
567.790000
578.090000
535.970000
599.950000
571.030000
535.340000
566.470000
547.760000
551.150000
581.030000
534.990000
596.010000
590.690000
579.400000
570.180000
571.070000
555.860000
596.320000
539.880000
552.500000
585.130000
560.030000
567.420000
574.370000
558.580000
543.490000
546.550000
564.660000
564.230000
538.630000
556.870000
574.030000
535.500000
545.910000
547.520000
538.200000
522.560000
571.050000
566.940000
534.800000
571.330000
531.270000
524.150000
559.500000
531.840000
567.970000
583.950000
520.640000
589.740000
534.860000
547.150000
537.530000
543.690000
553.930000
587.720000
555.320000
569.640000
545.160000
578.020000
543.860000
561.340000
589.830000
554.630000
534.850000
538.920000
563.340000
563.090000
553.310000
592.750000
549.940000
573.130000
571.350000
571.080000
565.880000
585.340000
597.430000
559.800000
540.250000
555.550000
589.020000
583.260000
570.440000
575.370000
589.730000
604.290000
529.670000
533.260000
542.860000
531.520000
555.260000
570.280000
546.710000
571.830000
559.130000
535.800000
548.030000
556.850000
565.930000
585.840000
571.880000
556.020000
576.040000
562.440000
560.380000
532.720000
566.230000
559.090000
571.490000
580.720000
575.870000
544.740000
587.750000
550.130000
552.230000
558.830000
542.530000
553.430000
594.310000
563.560000
564.620000
564.830000
568.180000
568.670000
590.570000
546.610000
562.660000
601.060000
573.920000
563.710000
612.740000
554.900000
544.750000
547.830000
554.250000
554.150000
556.040000
583.990000
561.250000
553.340000
553.600000
571.100000
575.600000
568.380000
556.620000
535.530000
562.650000
596.560000
578.240000
567.350000
563.440000
549.280000
567.740000
556.190000
545.660000
551.250000
556.390000
535.250000
578.070000
569.360000
577.740000
550.410000
575.390000
527.570000
528.660000
551.230000
552.130000
569.140000
532.300000
564.320000
573.470000
542.440000
551.290000
551.660000
577.260000
568.190000
536.500000
535.380000
562.300000
556.700000
538.300000
556.330000
558.120000
573.250000
559.700000
578.930000
539.540000
533.920000
557.210000
552.760000
595.300000
584.260000
579.380000
583.520000
561.860000
587.150000
578.640000
576.220000
561.510000
572.370000
563.370000
542.240000
594.950000
575.910000
589.280000
574.530000
579.480000
555.660000
539.230000
531.740000
550.800000
580.520000
526.120000
573.940000
580.240000
566.660000
542.940000
574.690000
526.810000
556.010000
579.260000
553.310000
584.330000
534.300000
559.230000
575.030000
561.450000
576.110000
597.940000
574.800000
577.600000
591.640000
561.960000
591.380000
568.160000
544.450000
566.670000
550.940000
573.320000
567.260000
548.490000
592.030000
599.710000
570.640000
554.890000
561.580000
588.420000
566.850000
584.260000
592.520000
563.620000
555.860000
588.630000
568.540000
522.660000
577.920000
511.010000
593.340000
544.290000
543.350000
584.280000
578.590000
556.380000
554.400000
538.780000
582.540000
565.140000
550.000000
549.040000
590.750000
571.810000
580.840000
579.530000
540.520000
565.950000
552.820000
575.000000
571.590000
556.540000
515.100000
532.490000
591.700000
590.040000
558.460000
559.810000
549.790000
545.890000
545.790000
571.690000
557.330000
544.380000
543.270000
600.000000
543.000000
557.930000
562.650000
594.570000
573.410000
590.310000
593.680000
555.660000
547.430000
578.070000
562.400000
571.290000
569.940000
560.160000
543.910000
552.400000
542.390000
547.830000
541.460000
570.640000
554.400000
550.510000
546.400000
579.690000
540.840000
542.240000
540.120000
592.790000
555.900000
559.250000
557.660000
567.610000
562.630000
540.120000
575.860000
552.090000
529.490000
581.790000
528.410000
562.710000
523.260000
562.520000
569.570000
591.210000
582.680000
559.740000
564.320000
575.060000
621.260000
559.010000
611.360000
571.500000
565.060000
571.880000
560.200000
567.610000
593.730000
558.530000
589.300000
567.220000
536.570000
563.820000
582.010000
579.400000
569.420000
600.540000
608.250000
569.700000
558.980000
572.060000
550.260000
586.470000
585.050000
559.940000
556.010000
579.800000
556.950000
585.890000
610.300000
568.250000
557.280000
569.100000
598.550000
578.810000
575.670000
558.680000
538.290000
558.400000
565.460000
544.780000
600.460000
577.120000
552.890000
556.220000
558.740000
568.220000
530.330000
599.280000
560.100000
555.510000
556.330000
582.340000
573.220000
578.970000
562.920000
591.680000
550.270000
548.960000
555.500000
555.640000
592.850000
582.640000
592.450000
572.670000
553.940000
557.900000
564.660000
558.490000
567.600000
569.240000
563.990000
578.470000
561.130000
552.370000
590.050000
568.420000
534.470000
551.140000
542.320000
549.670000
590.790000
553.350000
579.540000
558.270000
533.930000
562.430000
546.940000
585.890000
579.410000
556.000000
619.820000
562.970000
528.520000
597.520000
555.420000
571.470000
587.920000
604.700000
626.810000
553.380000
588.110000
524.600000
579.090000
566.890000
574.400000
582.700000
557.260000
534.680000
530.310000
540.440000
561.820000
551.670000
554.670000
591.720000
554.590000
540.730000
558.080000
554.060000
570.950000
552.450000
570.520000
562.220000
559.480000
568.300000
570.050000
559.200000
552.630000
543.370000
573.640000
567.970000
559.940000
547.230000
541.390000
559.710000
568.300000
555.660000
568.630000
578.270000
567.480000
558.800000
546.530000
599.290000
557.830000
530.330000
582.660000
543.630000
554.790000
533.030000
585.380000
579.780000
550.470000
575.520000
547.870000
597.480000
533.120000
555.900000
546.960000
552.160000
564.190000
571.400000
555.870000
564.110000
599.860000
581.450000
587.580000
596.820000
566.210000
541.610000
518.680000
565.220000
560.330000
545.590000
583.450000
519.120000
527.390000
544.270000
588.050000
549.470000
570.340000
571.730000
582.920000
555.920000
590.270000
585.000000
531.910000
560.920000
560.970000
561.160000
564.160000
550.830000
539.790000
578.200000
585.020000
529.710000
551.540000
577.630000
557.500000
594.140000
593.240000
591.610000
558.330000
564.510000
577.460000
584.220000
584.750000
582.460000
581.360000
601.100000
582.540000
556.530000
611.550000
578.400000
555.310000
558.740000
581.410000
569.870000
588.600000
569.960000
572.610000
566.370000
590.250000
599.780000
586.000000
553.770000
544.000000
575.680000
557.280000
568.830000
574.440000
566.200000
539.400000
554.480000
582.970000
581.160000
538.670000
573.780000
584.770000
584.440000
575.900000
556.600000
560.460000
567.100000
554.960000
564.950000
563.240000
551.070000
560.550000
572.910000
571.980000
572.530000
553.930000
586.980000
606.950000
552.380000
557.580000
566.770000
573.360000
602.200000
582.000000
556.080000
567.630000
620.100000
587.070000
571.430000
599.830000
568.890000
580.570000
550.190000
584.010000
578.720000
576.950000
570.490000
579.380000
585.810000
563.040000
581.700000
558.630000
571.880000
606.120000
543.060000
565.070000
585.910000
545.150000
547.400000
562.090000
573.540000
581.300000
566.860000
595.660000
592.650000
598.460000
619.060000
552.480000
559.840000
574.880000
607.390000
566.960000
599.710000
593.440000
585.520000
616.080000
563.260000
595.550000
560.510000
595.340000
561.360000
605.450000
561.080000
548.580000
534.630000
553.920000
602.730000
554.540000
578.090000
554.010000
611.090000
592.470000
583.450000
577.310000
598.180000
576.310000
584.830000
572.890000
600.340000
594.260000
543.850000
578.370000
569.210000
540.260000
585.170000
559.900000
566.290000
581.490000
576.830000
549.780000
569.440000
564.290000
542.920000
588.240000
582.400000
611.320000
588.360000
563.080000
582.890000
551.850000
579.370000
586.780000
566.640000
558.870000
583.740000
591.760000
598.010000
585.380000
566.100000
559.920000
566.810000
535.380000
568.780000
580.750000
545.120000
593.290000
615.170000
596.430000
617.800000
576.420000
564.640000
569.450000
578.130000
590.400000
566.010000
592.370000
568.150000
576.220000
558.800000
578.760000
590.210000
564.180000
545.210000
570.420000
576.590000
584.720000
586.520000
575.530000
580.750000
567.770000
587.570000
574.630000
543.700000
580.390000
567.010000
596.890000
573.460000
574.960000
565.100000
560.060000
574.330000
588.460000
562.070000
593.860000
580.190000
542.010000
607.980000
591.130000
592.250000
549.270000
569.510000
572.730000
565.880000
553.590000
569.390000
551.290000
581.050000
611.020000
597.610000
555.170000
569.830000
566.340000
531.900000
561.230000
552.190000
539.780000
605.620000
564.140000
584.760000
569.160000
608.960000
585.130000
543.430000
585.330000
530.240000
601.150000
556.200000
554.650000
564.210000
592.820000
564.830000
563.890000
578.560000
574.350000
571.840000
575.130000
530.550000
549.720000
579.870000
557.020000
561.510000
559.230000
566.840000
555.120000
548.250000
581.660000
539.230000
528.250000
549.810000
567.430000
534.690000
568.550000
534.090000
523.730000
552.380000
545.280000
541.770000
555.910000
570.490000
543.490000
575.190000
527.470000
522.890000
548.660000
549.120000
547.110000
560.780000
566.400000
548.090000
574.330000
561.370000
558.660000
564.090000
550.680000
556.240000
558.300000
566.060000
581.070000
531.100000
550.260000
552.380000
540.850000
561.730000
554.960000
595.300000
568.840000
557.780000
517.010000
527.570000
556.500000
544.900000
544.800000
526.040000
544.890000
568.610000
545.020000
560.240000
562.310000
587.120000
589.400000
546.400000
544.630000
526.460000
563.140000
555.170000
557.180000
543.790000
580.870000
555.260000
586.630000
551.890000
546.840000
537.340000
535.650000
529.780000
553.670000
562.080000
558.230000
568.650000
585.650000
584.190000
562.080000
578.230000
524.680000
532.540000
537.730000
532.060000
560.460000
550.800000
555.860000
582.900000
552.520000
552.190000
556.450000
580.070000
559.860000
574.700000
596.220000
546.480000
556.350000
582.910000
549.530000
564.660000
573.470000
542.960000
580.590000
554.040000
548.800000
542.480000
566.650000
560.740000
533.940000
574.360000
550.020000
543.580000
558.630000
553.340000
562.880000
548.410000
574.100000
533.440000
571.250000
563.560000
530.930000
591.130000
580.310000
541.410000
586.860000
561.040000
556.230000
589.030000
595.960000
572.080000
545.620000
556.910000
562.690000
555.220000
542.000000
556.320000
575.650000
541.200000
574.820000
562.940000
550.160000
535.300000
554.750000
570.240000
552.050000
544.400000
580.150000
541.750000
550.520000
573.510000
563.540000
580.270000
564.440000
599.960000
583.180000
538.830000
551.380000
549.360000
548.070000
551.180000
569.800000
550.880000
577.380000
543.980000
561.970000
571.610000
548.970000
547.070000
562.700000
612.080000
553.830000
559.570000
589.280000
569.590000
572.480000
571.870000
571.620000
520.340000
553.350000
545.290000
554.670000
582.550000
563.850000
543.910000
591.390000
578.890000
587.530000
565.190000
573.600000
536.070000
578.330000
552.220000
553.060000
568.050000
581.400000
556.580000
550.180000
534.930000
561.700000
538.560000
582.640000
571.160000
557.510000
544.110000
553.780000
558.090000
594.430000
558.920000
572.790000
561.460000
558.840000
573.090000
581.830000
568.640000
603.360000
548.850000
595.240000
553.510000
577.160000
580.330000
563.640000
571.220000
568.220000
534.640000
587.270000
555.450000
564.260000
561.120000
560.640000
535.120000
539.140000
581.750000
565.680000
541.060000
598.380000
593.120000
542.130000
567.340000
565.800000
588.540000
581.340000
566.600000
542.190000
562.380000
543.470000
557.220000
525.180000
566.790000
576.650000
574.350000
567.440000
566.950000
550.810000
544.060000
564.520000
561.450000
577.730000
586.940000
548.760000
580.700000
564.260000
540.230000
558.780000
553.770000
556.340000
575.910000
540.660000
533.360000
563.020000
533.290000
538.970000
597.020000
561.270000
546.940000
557.890000
550.360000
590.450000
547.320000
544.090000
606.680000
571.540000
550.180000
524.980000
568.150000
537.600000
582.890000
551.850000
535.240000
561.720000
556.240000
565.330000
588.660000
556.400000
565.580000
557.410000
587.210000
583.580000
544.410000
531.810000
579.240000
538.030000
579.230000
572.080000
593.110000
536.650000
566.050000
573.990000
585.100000
561.480000
544.940000
572.000000
579.380000
590.050000
558.520000
542.880000
567.950000
569.520000
554.000000
574.300000
594.990000
577.330000
533.590000
568.940000
547.630000
540.780000
554.030000
541.160000
533.330000
544.860000
571.740000
563.950000
547.180000
569.590000
550.460000
557.570000
581.460000
544.780000
572.880000
561.100000
551.660000
530.560000
589.780000
571.280000
561.020000
547.110000
538.680000
534.130000
584.400000
576.850000
548.760000
550.250000
544.850000
567.230000
541.720000
545.070000
583.040000
544.900000
541.800000
604.330000
551.180000
565.210000
542.050000
561.220000
565.020000
564.380000
589.360000
580.380000
530.270000
556.180000
536.600000
554.280000
533.410000
548.380000
553.460000
554.010000
562.170000
584.070000
534.010000
551.040000
545.880000
536.200000
543.190000
543.470000
551.560000
532.320000
558.500000
541.380000
552.430000
553.700000
551.840000
543.940000
550.080000
576.700000
565.280000
561.880000
553.590000
535.320000
573.240000
542.150000
543.470000
546.420000
592.030000
558.480000
579.710000
535.710000
558.650000
559.580000
582.110000
554.900000
528.490000
554.140000
536.500000
526.360000
554.910000
587.490000
565.520000
542.240000
560.970000
545.550000
543.020000
593.580000
554.630000
548.470000
547.990000
562.410000
559.960000
553.850000
562.770000
550.550000
570.200000
575.350000
573.990000
581.800000
550.120000
559.820000
539.690000
553.730000
580.000000
553.990000
584.410000
582.040000
570.530000
558.750000
570.680000
568.340000
547.290000
543.930000
565.680000
541.060000
571.960000
553.760000
590.780000
580.670000
576.700000
579.720000
561.140000
574.490000
550.900000
584.390000
596.160000
560.600000
585.200000
582.410000
588.330000
564.590000
565.040000
566.290000
579.580000
563.490000
586.580000
574.990000
573.520000
552.490000
598.490000
602.830000
563.490000
554.320000
621.820000
572.160000
591.100000
593.010000
508.530000
577.950000
593.220000
587.890000
579.910000
565.990000
570.670000
580.440000
584.500000
574.440000
571.520000
549.240000
609.050000
594.680000
569.520000
588.290000
571.640000
569.700000
596.560000
574.540000
599.260000
566.900000
572.060000
562.800000
606.060000
592.910000
557.210000
561.340000
595.830000
561.260000
575.350000
613.080000
567.550000
560.220000
558.620000
564.840000
568.640000
572.170000
559.670000
584.240000
579.570000
563.940000
586.300000
570.820000
534.860000
591.910000
561.010000
567.970000
546.440000
587.210000
581.960000
570.930000
570.020000
573.910000
597.860000
601.140000
590.840000
532.510000
602.280000
596.560000
576.820000
562.930000
556.680000
579.470000
529.290000
564.450000
552.390000
580.620000
602.730000
581.880000
568.330000
569.010000
579.720000
557.290000
607.690000
593.700000
567.680000
588.260000
578.510000
584.640000
567.350000
573.840000
570.830000
590.470000
558.140000
603.560000
541.500000
581.190000
618.980000
559.070000
569.940000
538.380000
599.340000
593.720000
578.740000
577.210000
577.590000
572.370000
567.820000
569.980000
554.610000
565.270000
556.870000
543.690000
568.260000
561.220000
567.160000
564.210000
557.780000
618.660000
591.580000
562.960000
592.010000
567.840000
577.840000
554.950000
567.260000
562.330000
531.800000
604.060000
587.200000
587.820000
572.940000
573.080000
604.960000
567.740000
597.780000
589.080000
558.240000
582.320000
563.320000
572.530000
581.200000
561.980000
545.040000
549.580000
555.380000
544.520000
549.600000
569.740000
581.610000
577.270000
576.150000
569.770000
606.400000
561.900000
562.450000
577.000000
533.280000
591.610000
556.250000
548.780000
603.800000
563.660000
553.230000
565.470000
572.360000
587.370000
547.160000
570.700000
597.210000
562.840000
554.210000
539.640000
565.730000
587.900000
584.180000
578.130000
544.270000
561.480000
561.610000
570.090000
568.510000
586.130000
571.290000
542.750000
555.980000
584.560000
524.470000
568.580000
547.620000
558.990000
561.840000
543.150000
582.560000
597.330000
598.390000
569.730000
581.920000
533.240000
561.290000
547.220000
575.750000
550.310000
616.520000
536.620000
540.060000
568.160000
568.070000
563.610000
556.100000
562.090000
546.830000
581.750000
585.770000
581.630000
546.220000
544.560000
576.530000
545.820000
546.880000
531.510000
572.140000
539.750000
562.980000
563.410000
572.070000
554.800000
531.550000
544.520000
607.520000
576.850000
582.760000
586.400000
568.660000
567.020000
536.030000
556.830000
568.700000
558.340000
578.020000
547.850000
558.380000
558.700000
566.470000
559.450000
559.710000
547.990000
555.820000
583.620000
556.550000
564.720000
526.810000
584.430000
552.760000
551.710000
559.400000
545.270000
540.700000
561.040000
547.530000
536.790000
550.280000
530.160000
549.710000
536.030000
559.670000
550.990000
594.650000
563.380000
565.420000
579.550000
549.740000
550.740000
570.180000
564.170000
579.830000
551.540000
541.660000
527.600000
562.940000
554.610000
572.710000
548.820000
540.070000
526.880000
532.890000
553.600000
546.190000
557.560000
546.900000
557.430000
550.860000
555.450000
538.420000
529.620000
528.250000
571.160000
582.310000
558.910000
576.780000
585.800000
546.590000
545.360000
567.990000
567.140000
599.160000
564.690000
582.730000
571.320000
576.460000
519.100000
539.280000
569.360000
551.090000
533.870000
564.000000
572.210000
560.310000
568.180000
573.070000
572.790000
579.200000
555.120000
576.480000
565.200000
581.170000
512.980000
574.920000
539.690000
562.580000
576.440000
578.420000
558.160000
552.640000
583.670000
562.110000
541.540000
595.990000
525.090000
548.760000
573.220000
593.780000
548.980000
562.100000
564.810000
585.540000
529.860000
579.400000
561.370000
583.640000
576.210000
566.140000
566.310000
569.090000
603.780000
569.470000
588.770000
557.370000
574.490000
571.560000
572.230000
561.980000
557.350000
602.560000
558.720000
585.720000
515.900000
607.420000
588.100000
563.990000
558.570000
588.190000
582.600000
604.660000
579.450000
565.860000
552.260000
517.440000
573.420000
533.950000
588.620000
549.020000
556.860000
580.700000
556.390000
553.880000
558.690000
552.200000
557.480000
550.720000
581.720000
542.990000
563.590000
588.260000
548.070000
534.000000
557.240000
552.900000
551.120000
551.270000
589.210000
526.420000
565.570000
543.060000
564.880000
545.730000
573.090000
580.040000
545.480000
556.060000
561.380000
570.760000
537.500000
570.620000
537.190000
552.190000
525.560000
537.580000
571.360000
562.540000
548.520000
559.370000
554.460000
540.550000
564.820000
573.200000
564.890000
562.710000
575.480000
555.090000
581.930000
544.710000
569.730000
577.710000
561.900000
564.060000
551.070000
579.450000
579.010000
548.250000
587.700000
573.680000
577.230000
553.810000
595.550000
607.350000
564.760000
531.010000
551.580000
545.970000
560.560000
605.260000
556.010000
558.980000
557.500000
570.490000
581.920000
589.490000
561.790000
554.600000
574.480000
587.670000
573.470000
587.590000
567.950000
551.010000
546.630000
580.550000
558.500000
556.420000
568.020000
558.330000
576.250000
620.990000
562.590000
583.930000
566.520000
582.470000
595.330000
581.100000
580.780000
578.190000
584.070000
599.830000
554.310000
575.910000
592.200000
578.340000
581.990000
608.180000
588.030000
606.470000
582.910000
600.530000
565.800000
566.380000
553.190000
613.180000
580.650000
581.700000
595.050000
551.970000
582.930000
587.020000
562.400000
554.310000
559.440000
554.600000
581.800000
579.920000
556.410000
571.210000
564.940000
591.980000
562.660000
555.040000
557.150000
557.850000
554.000000
570.670000
591.490000
559.600000
540.090000
566.970000
552.210000
560.360000
599.390000
552.020000
511.020000
535.910000
567.600000
567.970000
558.450000
557.490000
566.450000
584.250000
533.030000
598.260000
567.520000
550.070000
604.240000
576.700000
584.310000
534.880000
558.690000
573.300000
531.670000
561.550000
578.300000
565.360000
569.060000
555.660000
555.970000
578.320000
585.680000
562.920000
577.740000
552.820000
566.450000
569.770000
536.030000
546.750000
540.140000
556.380000
540.600000
544.720000
594.420000
570.880000
560.410000
573.940000
588.510000
559.600000
529.030000
587.340000
583.500000
566.470000
554.950000
558.340000
583.300000
593.610000
561.040000
552.940000
548.490000
559.500000
559.940000
539.090000
558.270000
576.050000
560.200000
581.220000
555.940000
554.030000
561.240000
590.490000
538.620000
579.440000
569.900000
559.530000
550.770000
543.380000
596.530000
559.910000
547.660000
547.180000
576.530000
550.790000
549.400000
562.760000
571.900000
579.340000
567.350000
552.870000
553.080000
540.760000
592.780000
557.930000
543.600000
555.260000
563.680000
541.800000
603.790000
582.320000
576.260000
593.200000
591.240000
560.720000
566.150000
528.320000
565.590000
573.940000
573.730000
576.760000
562.040000
564.180000
565.410000
575.440000
568.650000
575.850000
565.020000
557.760000
590.460000
601.050000
551.140000
548.780000
579.210000
534.800000
570.900000
573.630000
579.490000
572.540000
548.840000
580.560000
533.830000
556.910000
549.400000
555.930000
538.360000
576.170000
561.410000
549.490000
556.370000
552.170000
582.260000
570.200000
541.230000
529.260000
573.620000
584.940000
552.490000
580.970000
577.030000
576.830000
591.010000
575.750000
550.850000
571.850000
572.510000
581.300000
572.230000
563.140000
576.470000
555.230000
567.120000
578.540000
567.350000
542.710000
555.410000
573.600000
584.750000
562.590000
554.050000
572.750000
571.480000
605.530000
573.460000
555.510000
600.830000
544.640000
563.050000
593.710000
581.810000
596.580000
543.080000
609.460000
593.390000
570.000000
579.630000
559.720000
572.080000
587.580000
548.170000
585.660000
549.120000
558.340000
581.730000
556.810000
571.320000
561.650000
570.200000
564.460000
560.120000
613.940000
616.170000
558.700000
579.290000
586.220000
574.280000
581.010000
576.540000
596.710000
589.850000
563.250000
554.430000
568.370000
557.490000
554.180000
559.670000
554.220000
557.720000
537.280000
554.120000
551.850000
604.930000
566.710000
559.720000
552.040000
575.070000
586.380000
577.900000
616.520000
577.160000
558.410000
572.430000
599.610000
573.930000
548.580000
543.830000
581.800000
570.720000
580.000000
566.690000
566.710000
567.580000
556.990000
587.450000
560.190000
577.740000
577.540000
551.350000
556.460000
630.960000
598.560000
607.130000
595.050000
540.000000
618.900000
557.820000
561.980000
562.720000
564.540000
586.690000
585.260000
571.300000
577.240000
572.750000
546.990000
553.010000
555.500000
569.150000
562.400000
595.220000
553.220000
572.790000
570.290000
588.160000
560.480000
568.260000
555.220000
564.940000
575.210000
566.030000
594.780000
563.720000
553.610000
539.710000
577.130000
579.960000
565.240000
563.460000
571.980000
554.340000
566.130000
570.480000
570.930000
568.930000
575.810000
590.090000
603.920000
598.730000
601.340000
555.500000
559.220000
535.510000
579.350000
578.380000
580.730000
572.540000
579.710000
548.730000
578.960000
570.170000
578.280000
565.770000
582.130000
580.370000
555.000000
580.590000
598.860000
547.700000
572.530000
558.750000
555.730000
570.810000
564.460000
565.180000
585.690000
549.720000
599.300000
564.890000
566.630000
611.610000
577.010000
580.980000
542.670000
569.510000
562.800000
549.000000
523.870000
577.010000
562.440000
583.320000
601.740000
586.500000
588.180000
614.660000
558.670000
599.460000
584.180000
562.990000
558.000000
562.320000
614.460000
551.350000
595.980000
581.640000
569.320000
579.670000
607.290000
589.370000
566.070000
577.120000
573.450000
585.680000
598.040000
580.580000
550.520000
564.090000
576.080000
562.210000
522.850000
571.870000
587.300000
563.060000
578.880000
566.370000
584.160000
607.060000
559.740000
594.110000
574.150000
587.990000
562.240000
560.030000
551.380000
601.690000
612.940000
576.120000
579.410000
575.900000
599.080000
559.560000
607.750000
599.470000
603.390000
620.670000
573.880000
581.290000
558.070000
576.590000
580.020000
575.000000
572.010000
603.810000
565.640000
589.190000
546.710000
554.630000
558.100000
583.760000
543.350000
549.720000
562.020000
557.130000
569.880000
620.330000
613.990000
575.480000
568.500000
548.560000
594.350000
565.120000
567.350000
547.370000
579.100000
576.750000
569.140000
621.780000
545.160000
595.170000
568.030000
575.780000
606.380000
576.070000
558.520000
565.190000
583.380000
559.720000
573.300000
601.830000
569.860000
554.690000
556.890000
555.430000
578.790000
575.230000
596.710000
580.610000
548.620000
571.590000
554.310000
557.790000
591.710000
600.870000
591.280000
581.660000
565.210000
573.530000
572.930000
558.850000
591.620000
578.870000
566.310000
572.650000
551.970000
592.640000
579.100000
584.400000
630.200000
590.390000
567.410000
544.700000
552.730000
568.590000
573.600000
576.130000
548.010000
534.300000
557.660000
527.540000
577.930000
578.360000
582.070000
543.820000
560.870000
593.060000
567.920000
598.750000
565.730000
586.760000
611.940000
585.720000
618.760000
599.990000
598.680000
566.220000
569.740000
617.580000
591.010000
572.870000
590.920000
577.850000
578.310000
573.920000
561.260000
555.670000
567.430000
550.410000
583.430000
585.250000
594.270000
571.670000
574.740000
578.800000
583.190000
566.330000
592.290000
590.610000
587.970000
548.350000
583.720000
570.540000
596.230000
566.410000
561.690000
588.880000
563.520000
574.480000
593.310000
585.860000
559.250000
575.600000
547.190000
569.720000
564.100000
570.940000
563.340000
572.330000
576.040000
587.880000
615.360000
567.000000
560.340000
608.120000
572.270000
566.230000
595.380000
564.020000
552.770000
586.200000
549.070000
569.570000
570.770000
586.100000
557.880000
562.160000
574.750000
563.670000
542.230000
524.720000
549.510000
577.110000
529.030000
560.660000
571.380000
579.650000
559.520000
549.890000
568.190000
587.690000
599.090000
562.190000
548.580000
560.780000
591.040000
567.690000
562.190000
589.330000
562.460000
522.470000
550.600000
568.670000
552.130000
578.560000
566.280000
556.340000
562.250000
580.650000
585.940000
550.500000
546.490000
596.840000
565.450000
581.790000
585.120000
593.380000
542.030000
585.670000
561.700000
591.330000
577.680000
553.110000
577.670000
558.270000
524.260000
584.260000
602.660000
560.190000
556.890000
565.550000
584.030000
551.160000
543.760000
571.870000
537.170000
567.180000
575.610000
554.670000
587.680000
560.260000
587.760000
587.510000
601.910000
542.380000
563.600000
575.250000
569.320000
599.820000
527.130000
569.940000
570.750000
579.480000
554.310000
553.460000
570.340000
565.410000
569.140000
599.970000
555.330000
561.000000
569.520000
568.950000
593.230000
600.300000
571.410000
557.880000
592.160000
599.350000
573.160000
542.140000
584.040000
544.880000
549.620000
554.480000
482.490000
549.530000
586.740000
562.240000
644.450000
540.780000
532.800000
545.280000
571.170000
559.130000
577.400000
558.000000
560.960000
572.680000
585.000000
527.250000
556.410000
590.550000
582.130000
561.560000
546.200000
586.990000
546.860000
554.020000
562.350000
576.330000
567.410000
564.430000
552.850000
547.520000
608.160000
605.860000
567.870000
576.880000
565.200000
554.350000
570.180000
540.130000
574.750000
539.140000
566.170000
557.740000
546.870000
560.120000
563.960000
548.840000
610.250000
568.580000
560.870000
567.020000
578.470000
601.750000
604.060000
592.520000
581.730000
569.310000
565.680000
554.360000
578.150000
577.510000
588.140000
577.290000
616.180000
571.670000
565.340000
575.460000
570.610000
576.270000
590.790000
565.200000
535.460000
575.360000
523.540000
557.780000
556.960000
534.740000
556.010000
561.020000
588.040000
566.950000
549.230000
595.530000
577.030000
572.810000
565.570000
557.480000
572.550000
573.920000
546.650000
597.070000
548.330000
545.760000
568.250000
574.820000
550.360000
572.270000
590.250000
591.820000
588.450000
588.490000
574.690000
562.890000
557.500000
553.060000
525.620000
566.650000
559.930000
570.910000
539.790000
571.910000
564.650000
584.660000
567.970000
556.800000
578.700000
611.480000
578.610000
573.030000
573.560000
586.350000
574.100000
624.710000
554.140000
568.960000
553.240000
615.330000
537.610000
574.650000
572.570000
562.360000
568.930000
606.620000
583.860000
593.560000
579.540000
577.630000
566.690000
599.760000
582.600000
564.810000
608.060000
557.610000
600.220000
564.160000
590.500000
556.830000
574.930000
551.040000
567.780000
580.720000
551.470000
565.840000
584.340000
572.300000
563.840000
570.550000
619.040000
579.880000
576.100000
573.510000
572.050000
554.080000
534.010000
571.260000
593.440000
590.500000
577.740000
574.330000
586.750000
592.240000
563.030000
561.970000
556.190000
579.100000
535.540000
591.600000
573.050000
560.310000
612.630000
590.690000
562.090000
620.980000
583.640000
563.670000
546.380000
553.850000
588.000000
564.240000
551.960000
573.490000
587.680000
603.010000
582.200000
575.830000
561.800000
570.720000
563.610000
586.920000
559.520000
555.860000
581.160000
614.190000
583.180000
574.900000
614.000000
564.960000
570.230000
631.120000
593.050000
570.310000
574.450000
546.190000
562.330000
537.070000
553.610000
571.580000
595.940000
581.850000
561.110000
567.540000
562.680000
545.920000
588.430000
562.820000
584.960000
551.520000
543.160000
575.010000
560.590000
572.460000
599.260000
584.150000
582.830000
561.380000
578.090000
541.490000
587.030000
553.530000
596.920000
580.050000
584.860000
568.010000
565.430000
546.350000
608.090000
554.600000
577.550000
546.430000
559.260000
568.960000
548.720000
573.080000
570.110000
573.100000
571.560000
577.900000
570.100000
587.320000
557.880000
582.330000
577.010000
570.150000
564.900000
545.840000
571.260000
598.890000
576.100000
554.490000
554.070000
583.420000
561.730000
557.590000
576.090000
571.860000
574.320000
559.030000
560.420000
558.170000
571.200000
562.540000
604.370000
592.310000
568.560000
568.490000
561.170000
564.390000
555.300000
563.120000
594.860000
522.560000
545.870000
582.650000
606.120000
558.150000
560.810000
563.890000
555.810000
535.600000
525.620000
516.690000
569.510000
590.980000
548.110000
564.350000
562.550000
582.450000
556.050000
582.520000
614.020000
581.260000
604.770000
595.150000
578.800000
547.150000
558.890000
540.970000
531.460000
567.990000
547.170000
568.920000
569.210000
586.210000
587.770000
564.570000
539.660000
547.020000
550.580000
544.220000
531.710000
559.290000
520.980000
568.740000
550.160000
548.620000
534.430000
564.680000
560.130000
540.740000
528.320000
544.460000
584.490000
535.770000
538.990000
527.600000
531.280000
572.120000
551.210000
545.990000
561.380000
556.590000
550.790000
540.460000
556.030000
526.190000
557.800000
552.030000
559.600000
564.070000
565.050000
584.650000
595.560000
590.610000
556.440000
612.030000
588.510000
573.100000
576.760000
563.200000
570.370000
585.720000
583.060000
593.450000
580.800000
553.500000
569.900000
589.540000
585.600000
568.300000
568.270000
561.840000
537.790000
565.980000
514.290000
531.300000
544.960000
547.490000
516.100000
523.780000
479.400000
522.620000
530.330000
523.100000
558.200000
528.180000
536.520000
541.130000
547.670000
571.220000
573.770000
579.300000
528.480000
476.110000
562.200000
560.630000
549.840000
554.760000
569.360000
571.980000
563.260000
581.140000
561.520000
563.180000
571.730000
537.800000
555.240000
551.910000
552.650000
540.220000
559.640000
531.760000
551.590000
562.500000
566.530000
600.320000
560.580000
547.150000
533.840000
541.200000
528.930000
528.570000
532.430000
536.180000
533.330000
557.190000
528.670000
518.510000
550.950000
535.100000
597.880000
544.690000
549.530000
561.110000
577.620000
530.830000
541.960000
547.200000
531.410000
545.840000
554.350000
548.820000
551.600000
547.760000
541.420000
525.000000
562.970000
531.020000
566.960000
561.620000
552.490000
536.810000
530.950000
534.820000
538.630000
532.070000
518.070000
545.240000
515.280000
531.230000
558.990000
555.930000
557.240000
575.030000
538.420000
565.740000
538.830000
548.730000
533.790000
561.100000
553.010000
578.320000
550.320000
608.070000
563.340000
533.620000
550.120000
576.210000
542.400000
532.160000
543.380000
562.630000
555.550000
543.410000
566.050000
550.620000
563.760000
568.460000
554.800000
546.550000
556.630000
591.860000
560.040000
554.930000
556.540000
584.170000
564.280000
538.780000
525.180000
565.760000
513.650000
572.760000
547.910000
547.560000
546.040000
556.340000
546.570000
541.320000
565.560000
537.860000
512.450000
554.270000
575.320000
567.180000
546.280000
570.920000
554.120000
538.910000
570.600000
546.960000
574.090000
521.320000
548.680000
534.120000
562.250000
535.600000
551.660000
556.340000
552.090000
568.730000
584.780000
555.430000
539.190000
596.520000
555.240000
568.950000
551.880000
533.940000
566.990000
582.380000
575.630000
564.610000
559.650000
552.000000
562.720000
546.700000
559.750000
529.120000
587.980000
542.440000
582.150000
552.840000
553.100000
572.860000
539.130000
569.670000
565.600000
544.400000
547.990000
560.710000
572.050000
552.700000
555.960000
539.880000
583.870000
545.380000
567.680000
564.740000
544.470000
554.670000
569.500000
547.310000
554.860000
543.610000
569.380000
598.960000
545.110000
564.800000
539.500000
545.280000
557.150000
561.530000
603.360000
549.910000
564.260000
522.790000
546.980000
543.750000
590.290000
571.780000
554.840000
579.510000
549.440000
538.740000
547.090000
529.060000
544.380000
557.760000
550.760000
586.460000
540.380000
565.810000
574.760000
563.010000
530.740000
568.700000
542.630000
549.880000
590.320000
541.720000
557.490000
531.440000
554.460000
555.840000
565.270000
541.840000
571.110000
553.040000
541.130000
559.060000
566.490000
531.490000
593.040000
523.000000
561.340000
548.770000
552.020000
537.600000
565.230000
564.270000
541.920000
546.660000
554.760000
565.550000
530.500000
555.300000
553.660000
557.450000
555.020000
546.520000
558.860000
565.210000
565.590000
548.540000
548.580000
575.360000
559.800000
526.950000
574.180000
546.370000
543.910000
559.560000
562.370000
550.700000
554.690000
544.020000
554.770000
543.690000
553.080000
550.960000
556.880000
547.570000
545.600000
543.660000
548.680000
588.430000
556.090000
575.830000
554.400000
567.460000
561.540000
597.920000
542.900000
587.240000
577.280000
568.520000
574.790000
570.530000
552.640000
570.600000
538.180000
570.860000
564.400000
561.310000
570.150000
538.540000
576.810000
595.180000
549.620000
561.280000
555.860000
548.870000
574.500000
566.190000
555.050000
573.440000
525.880000
534.310000
532.140000
558.640000
560.610000
566.330000
548.680000
548.340000
578.790000
552.950000
585.660000
563.260000
563.650000
572.100000
548.380000
580.520000
603.090000
534.030000
551.500000
567.290000
583.940000
572.900000
557.810000
537.420000
552.530000
524.350000
530.580000
562.390000
555.760000
554.920000
546.580000
544.400000
580.050000
552.440000
557.420000
541.810000
587.560000
559.270000
554.790000
529.710000
551.000000
551.840000
550.730000
575.540000
572.390000
542.670000
557.570000
546.720000
531.020000
559.290000
550.730000
566.980000
540.590000
551.880000
549.120000
551.270000
582.660000
567.760000
577.650000
563.140000
540.540000
557.520000
580.540000
606.190000
572.590000
542.710000
573.440000
570.440000
571.720000
555.240000
578.880000
559.640000
568.090000
562.860000
575.370000
564.260000
582.340000
558.490000
572.040000
566.420000
553.060000
572.320000
550.270000
589.380000
551.860000
560.630000
567.230000
558.160000
547.640000
544.340000
559.490000
566.020000
524.800000
537.150000
553.120000
577.220000
552.070000
550.300000
546.520000
528.970000
551.180000
567.260000
567.050000
503.760000
535.420000
542.410000
568.520000
563.390000
562.950000
551.840000
559.520000
578.660000
555.120000
561.150000
548.030000
594.190000
535.130000
569.950000
557.210000
533.430000
547.390000
557.920000
582.950000
586.050000
552.720000
553.120000
573.460000
550.440000
548.120000
551.880000
565.780000
553.380000
572.260000
581.360000
566.670000
605.490000
576.500000
565.700000
576.500000
569.840000
570.320000
575.980000
561.260000
552.200000
598.710000
597.570000
590.050000
579.400000
594.050000
583.160000
555.360000
564.710000
568.200000
562.970000
565.320000
573.860000
574.080000
556.400000
560.500000
560.430000
542.570000
583.260000
556.520000
565.340000
571.760000
541.270000
556.440000
583.860000
595.890000
597.090000
551.680000
546.720000
576.820000
554.920000
583.240000
577.400000
565.790000
563.970000
562.260000
565.840000
567.830000
568.780000
572.560000
564.670000
563.320000
578.630000
601.760000
574.170000
571.120000
556.120000
560.500000
546.160000
577.540000
583.390000
568.030000
541.480000
527.230000
551.270000
582.100000
600.310000
554.620000
553.560000
508.830000
547.920000
551.970000
543.470000
557.190000
526.850000
592.850000
534.860000
570.290000
577.610000
564.440000
534.560000
579.300000
549.620000
558.870000
545.840000
547.080000
587.820000
549.620000
576.790000
568.670000
543.540000
537.620000
554.660000
584.730000
574.960000
568.900000
587.680000
587.950000
562.670000
584.930000
547.380000
537.210000
553.210000
561.970000
567.790000
574.760000
559.990000
591.000000
576.710000
562.000000
571.640000
566.120000
557.700000
556.740000
548.800000
576.590000
583.860000
547.800000
570.450000
560.270000
551.640000
559.320000
609.140000
566.340000
557.870000
545.600000
540.330000
595.710000
578.120000
542.220000
557.920000
561.580000
588.700000
597.680000
547.850000
565.770000
575.750000
566.650000
595.790000
553.090000
564.120000
583.050000
571.480000
557.340000
581.520000
575.560000
557.100000
537.690000
552.570000
573.380000
552.610000
552.840000
558.080000
544.180000
518.250000
557.500000
559.120000
561.490000
595.490000
552.420000
576.820000
561.920000
573.520000
560.770000
569.260000
567.190000
555.110000
552.440000
533.080000
570.180000
592.960000
579.110000
555.170000
557.950000
548.390000
577.740000
575.080000
591.020000
548.760000
572.540000
554.900000
569.160000
535.590000
561.100000
566.590000
569.270000
552.740000
571.500000
551.970000
589.100000
560.850000
549.180000
579.640000
591.180000
583.340000
583.560000
566.810000
543.620000
597.230000
556.930000
542.830000
556.430000
557.300000
563.680000
549.760000
562.350000
536.840000
549.340000
553.540000
580.860000
579.020000
513.570000
535.080000
544.900000
549.370000
566.400000
558.870000
551.350000
523.930000
545.590000
549.240000
576.120000
571.910000
575.080000
572.840000
555.460000
558.430000
577.080000
583.330000
577.230000
586.990000
599.980000
588.460000
583.840000
591.020000
574.960000
581.120000
565.750000
559.800000
586.710000
578.510000
554.360000
554.750000
600.840000
570.200000
573.610000
566.860000
558.750000
570.210000
577.780000
584.970000
559.280000
563.580000
570.080000
591.310000
545.230000
551.190000
597.960000
543.170000
537.600000
586.130000
565.780000
554.560000
531.230000
534.390000
534.970000
565.170000
567.720000
550.550000
612.830000
538.380000
575.840000
562.140000
555.070000
545.460000
541.070000
520.620000
529.050000
551.920000
592.430000
586.230000
574.940000
575.450000
551.820000
564.140000
550.880000
529.890000
544.760000
535.170000
581.510000
545.070000
567.100000
569.300000
541.230000
542.960000
540.030000
537.610000
554.200000
554.990000
567.300000
540.660000
572.150000
553.140000
559.950000
553.980000
547.580000
540.040000
574.090000
534.360000
560.770000
568.800000
597.740000
568.850000
569.320000
573.800000
597.800000
555.030000
571.720000
577.610000
557.440000
588.480000
572.060000
541.420000
569.340000
567.940000
558.460000
579.060000
566.220000
572.060000
554.920000
579.930000
578.520000
576.740000
593.790000
546.790000
567.480000
555.010000
570.000000
606.930000
567.870000
564.740000
599.780000
551.900000
562.050000
576.550000
582.660000
573.460000
571.110000
584.910000
564.560000
569.920000
582.760000
613.560000
570.440000
588.810000
597.290000
585.680000
567.180000
599.150000
602.470000
565.840000
556.520000
579.960000
550.460000
563.700000
565.730000
560.360000
560.850000
558.900000
584.000000
565.760000
560.640000
577.410000
608.040000
571.250000
570.040000
583.010000
593.650000
579.380000
568.990000
585.810000
566.260000
569.660000
593.350000
553.140000
603.380000
583.640000
555.310000
537.650000
564.820000
527.080000
589.780000
567.890000
536.490000
564.010000
567.850000
596.920000
553.270000
564.120000
562.690000
604.720000
583.340000
543.280000
566.580000
551.070000
559.920000
573.290000
552.430000
570.140000
583.540000
575.860000
555.380000
567.200000
564.890000
565.980000
549.120000
611.200000
558.760000
593.520000
592.670000
572.590000
590.830000
563.720000
564.170000
543.090000
578.190000
567.050000
591.520000
549.690000
567.890000
548.030000
558.360000
598.240000
579.910000
577.950000
570.660000
608.680000
553.070000
601.070000
568.110000
562.020000
550.480000
581.800000
559.520000
572.750000
565.720000
584.110000
553.250000
570.030000
557.400000
566.400000
567.300000
570.980000
582.620000
566.150000
559.420000
545.530000
571.000000
587.850000
550.970000
588.000000
556.040000
538.560000
560.600000
554.880000
543.740000
548.530000
552.580000
536.660000
546.840000
559.610000
567.530000
542.500000
604.300000
567.180000
539.740000
545.370000
541.870000
565.230000
559.030000
576.920000
563.300000
581.060000
556.380000
523.200000
581.520000
576.130000
545.960000
541.230000
554.480000
567.680000
581.510000
598.800000
554.320000
555.700000
505.750000
551.690000
542.110000
575.460000
570.860000
551.210000
557.560000
584.180000
558.450000
583.260000
524.310000
547.900000
560.690000
570.490000
573.780000
565.700000
596.410000
559.820000
538.050000
529.950000
539.490000
549.280000
553.420000
570.960000
560.900000
564.800000
555.120000
568.770000
590.940000
552.830000
549.910000
535.190000
549.500000
534.790000
582.860000
574.120000
545.850000
582.290000
537.570000
569.720000
543.140000
537.520000
575.760000
550.810000
549.400000
576.980000
557.580000
563.270000
564.540000
551.290000
546.960000
559.120000
555.740000
561.580000
552.640000
586.380000
558.490000
569.480000
581.880000
540.810000
541.080000
585.210000
568.330000
550.380000
540.080000
541.760000
529.820000
590.160000
532.400000
561.010000
527.680000
566.000000
523.820000
555.110000
563.450000
558.020000
551.620000
575.980000
559.850000
546.490000
569.540000
553.650000
560.200000
543.530000
533.460000
536.020000
571.010000
598.200000
576.810000
560.050000
567.350000
593.720000
584.990000
583.990000
566.480000
554.740000
593.480000
571.300000
552.710000
558.600000
549.530000
565.460000
586.150000
551.510000
569.240000
565.780000
568.980000
539.040000
552.540000
560.880000
561.530000
542.160000
559.310000
548.130000
556.030000
544.920000
560.870000
555.180000
582.340000
549.530000
553.310000
557.880000
549.640000
549.760000
574.630000
555.700000
580.190000
552.720000
579.600000
572.310000
538.960000
552.550000
587.130000
599.040000
571.590000
547.980000
494.010000
485.020000
574.750000
561.980000
553.730000
550.190000
536.640000
560.600000
565.560000
532.960000
581.640000
550.740000
550.370000
524.290000
550.140000
548.520000
553.850000
563.100000
566.750000
549.510000
550.060000
544.640000
537.370000
547.040000
566.580000
557.440000
531.880000
565.000000
583.200000
562.460000
583.690000
563.340000
543.990000
546.430000
560.290000
550.320000
544.170000
588.600000
589.120000
541.390000
553.200000
543.300000
552.800000
570.470000
573.370000
556.210000
560.780000
505.170000
569.180000
554.980000
536.320000
568.880000
563.970000
530.030000
555.580000
548.540000
524.900000
543.870000
572.460000
554.360000
557.120000
565.410000
556.180000
557.100000
565.410000
595.300000
556.140000
562.230000
543.980000
557.400000
560.430000
545.220000
568.220000
553.540000
545.410000
564.790000
584.860000
561.400000
541.020000
562.390000
542.680000
572.100000
561.960000
522.420000
561.580000
539.960000
557.060000
573.590000
561.120000
515.050000
564.170000
549.540000
577.380000
578.680000
571.660000
562.700000
559.130000
560.320000
560.190000
563.080000
548.090000
563.590000
535.540000
547.650000
562.130000
575.720000
545.360000
577.160000
550.330000
573.320000
530.020000
560.690000
554.310000
573.280000
544.690000
562.830000
528.930000
577.700000
554.730000
570.920000
531.120000
542.390000
541.550000
572.210000
555.320000
578.190000
550.860000
550.180000
539.480000
525.920000
525.660000
561.290000
533.350000
579.730000
567.610000
572.940000
565.980000
582.350000
585.970000
554.950000
570.150000
551.640000
548.650000
565.860000
563.850000
581.550000
566.090000
561.840000
546.150000
566.370000
554.630000
535.400000
561.300000
587.890000
561.950000
571.540000
565.430000
567.020000
592.170000
547.800000
558.060000
538.910000
540.500000
572.790000
560.560000
565.650000
554.160000
575.530000
548.680000
571.230000
578.600000
588.840000
575.480000
578.860000
584.430000
569.370000
556.970000
564.500000
566.610000
540.940000
555.550000
563.330000
528.390000
574.340000
613.680000
554.970000
534.090000
565.750000
565.220000
550.130000
541.450000
563.820000
532.890000
545.290000
574.440000
590.500000
567.570000
560.560000
544.400000
556.820000
544.900000
533.020000
578.990000
565.280000
547.350000
542.650000
551.210000
539.180000
545.460000
568.500000
562.990000
602.000000
553.040000
565.930000
572.470000
539.750000
562.250000
556.050000
539.430000
539.390000
566.910000
542.370000
548.360000
553.760000
574.600000
531.930000
530.890000
539.400000
566.230000
524.320000
559.370000
529.790000
572.580000
560.700000
545.670000
541.880000
577.000000
628.510000
553.040000
538.980000
553.380000
579.400000
547.490000
560.350000
576.620000
539.700000
589.020000
567.280000
582.990000
565.880000
543.120000
570.070000
552.320000
535.210000
558.180000
563.230000
546.890000
563.350000
596.580000
565.000000
573.480000
566.380000
554.330000
587.130000
539.070000
545.760000
558.020000
550.900000
524.790000
559.550000
513.730000
542.920000
582.530000
520.650000
561.820000
573.950000
520.480000
556.840000
543.020000
524.570000
516.100000
499.990000
547.080000
533.530000
584.980000
567.930000
533.010000
553.180000
552.220000
549.640000
537.980000
547.360000
556.800000
527.930000
546.030000
559.700000
565.220000
531.770000
551.940000
540.480000
566.770000
589.400000
554.420000
552.960000
540.420000
570.500000
572.180000
538.120000
561.330000
513.230000
531.470000
560.860000
559.760000
578.300000
594.700000
541.950000
581.540000
570.090000
567.240000
569.110000
572.540000
571.090000
535.120000
522.370000
546.620000
563.970000
572.890000
559.930000
557.560000
566.910000
544.610000
560.380000
551.650000
576.330000
532.970000
555.930000
529.230000
533.790000
564.710000
520.230000
550.570000
536.040000
571.110000
544.600000
542.280000
558.420000
566.640000
556.730000
580.710000
580.470000
553.790000
556.500000
542.670000
593.040000
541.360000
568.310000
543.970000
535.740000
548.440000
575.670000
543.030000
569.120000
560.280000
544.920000
550.480000
561.760000
549.210000
562.540000
551.530000
539.290000
562.690000
533.150000
566.850000
546.390000
568.780000
559.150000
570.850000
523.650000
588.400000
540.120000
563.680000
552.940000
529.490000
588.050000
553.530000
546.630000
548.400000
556.450000
575.430000
530.930000
548.240000
579.180000
553.530000
577.480000
554.000000
565.980000
552.520000
544.020000
552.770000
558.040000
608.490000
564.040000
569.910000
584.070000
591.650000
556.230000
594.630000
602.320000
551.810000
543.030000
547.990000
585.990000
581.660000
551.870000
601.200000
588.060000
556.030000
560.420000
534.020000
569.150000
549.220000
557.120000
542.140000
569.040000
562.640000
566.620000
581.120000
577.380000
558.420000
545.160000
564.730000
528.330000
553.780000
561.040000
537.960000
590.060000
540.400000
550.130000
566.390000
558.580000
553.490000
540.750000
559.640000
542.320000
530.580000
540.960000
572.020000
532.350000
537.110000
552.020000
565.560000
524.130000
551.830000
517.660000
550.560000
562.140000
546.690000
559.390000
561.080000
573.520000
538.430000
541.630000
534.150000
578.220000
534.730000
557.820000
545.010000
550.750000
524.850000
524.200000
543.610000
546.060000
539.340000
541.300000
533.120000
541.280000
538.860000
571.330000
521.040000
568.300000
554.920000
553.930000
527.340000
562.940000
541.980000
564.550000
535.060000
513.650000
555.200000
544.650000
555.830000
523.470000
553.200000
531.520000
540.690000
541.480000
532.680000
552.360000
547.570000
534.790000
575.310000
547.840000
583.470000
547.360000
561.690000
547.310000
559.290000
553.970000
569.640000
550.380000
560.680000
563.020000
551.780000
540.270000
544.360000
554.710000
537.460000
543.060000
544.310000
528.530000
527.720000
589.720000
517.790000
541.110000
559.340000
525.940000
542.520000
545.160000
547.190000
547.950000
526.300000
543.430000
574.630000
576.160000
536.590000
577.260000
531.740000
538.930000
523.950000
558.680000
549.230000
551.650000
541.410000
543.380000
554.660000
529.620000
560.510000
554.760000
556.870000
564.660000
553.870000
556.750000
540.480000
542.380000
562.950000
543.300000
549.160000
548.420000
543.870000
545.350000
574.120000
526.780000
572.010000
549.470000
535.240000
557.880000
527.560000
540.420000
556.900000
568.380000
538.620000
542.560000
552.150000
559.740000
537.300000
541.430000
538.000000
566.170000
558.580000
512.660000
542.550000
578.500000
568.410000
575.350000
533.670000
543.120000
592.720000
536.420000
554.640000
565.560000
517.730000
533.220000
537.980000
565.130000
538.700000
584.340000
563.480000
536.940000
578.420000
532.740000
565.760000
571.000000
535.030000
534.780000
545.550000
536.510000
542.570000
538.520000
573.580000
534.710000
567.520000
548.750000
550.370000
521.800000
560.690000
550.630000
570.220000
586.170000
543.180000
549.010000
549.570000
575.470000
583.690000
533.580000
516.050000
574.690000
548.600000
569.920000
577.580000
586.290000
524.550000
558.180000
547.720000
536.210000
538.840000
550.320000
561.990000
595.070000
530.470000
552.060000
531.080000
545.670000
541.250000
563.910000
547.400000
552.160000
520.690000
547.880000
567.430000
557.860000
556.280000
533.060000
544.000000
537.100000
539.340000
540.060000
537.470000
559.290000
550.150000
531.770000
523.200000
542.000000
567.700000
545.440000
562.480000
577.920000
557.210000
539.830000
565.470000
532.810000
540.380000
549.810000
542.580000
535.410000
540.250000
567.790000
559.920000
563.820000
561.640000
573.040000
560.460000
551.890000
570.620000
577.070000
582.320000
535.720000
519.620000
567.160000
578.440000
528.260000
540.010000
571.720000
576.450000
571.930000
533.580000
544.900000
556.800000
549.680000
541.440000
598.750000
529.640000
534.750000
553.960000
515.000000
554.130000
537.950000
581.460000
592.530000
543.790000
528.930000
535.140000
543.770000
569.190000
558.880000
546.510000
527.180000
591.530000
556.190000
529.030000
526.910000
560.460000
555.530000
560.080000
541.320000
526.350000
550.340000
578.830000
554.880000
526.140000
536.440000
521.740000
564.710000
520.100000
531.350000
577.120000
519.760000
597.170000
540.990000
562.130000
533.730000
550.230000
563.720000
546.170000
550.440000
564.850000
574.280000
522.440000
567.540000
554.090000
511.160000
546.440000
515.740000
544.400000
563.180000
547.930000
550.210000
543.430000
579.450000
534.220000
536.750000
545.080000
543.060000
555.350000
547.600000
558.150000
547.600000
545.310000
559.880000
560.330000
577.320000
519.030000
558.160000
537.140000
482.010000
513.390000
487.820000
554.370000
552.250000
529.920000
548.680000
536.300000
538.680000
569.910000
532.700000
580.030000
596.800000
612.020000
608.870000
610.300000
575.930000
595.310000
605.200000
583.140000
602.600000
589.960000
606.420000
605.530000
620.960000
603.720000
570.400000
623.650000
587.060000
583.000000
595.250000
615.540000
570.530000
569.000000
603.750000
586.020000
595.890000
598.060000
572.770000
580.810000
578.900000
587.760000
591.880000
570.400000
551.320000
573.740000
558.440000
570.750000
592.850000
559.720000
585.960000
584.270000
561.020000
560.890000
587.640000
552.880000
575.480000
582.310000
562.680000
569.720000
578.980000
579.330000
590.220000
592.690000
569.160000
563.090000
585.860000
579.320000
605.610000
551.830000
551.490000
550.970000
565.330000
558.080000
574.760000
549.860000
567.450000
558.720000
564.250000
535.680000
556.920000
588.790000
569.070000
542.020000
574.870000
547.240000
544.170000
554.480000
563.360000
562.130000
561.840000
553.990000
555.320000
554.570000
563.750000
571.020000
547.310000
555.410000
569.000000
569.790000
547.980000
559.310000
547.960000
569.620000
561.660000
558.710000
551.300000
573.800000
567.730000
544.900000
592.090000
580.200000
575.390000
576.860000
565.770000
575.680000
544.220000
571.260000
563.080000
566.550000
576.320000
594.780000
548.150000
576.950000
561.330000
567.560000
579.260000
550.960000
585.160000
546.140000
556.890000
586.790000
557.800000
566.360000
607.080000
579.610000
573.930000
550.810000
565.780000
557.150000
579.630000
552.940000
553.600000
567.720000
550.280000
593.980000
571.090000
577.780000
569.330000
575.130000
565.510000
600.000000
573.100000
578.480000
582.020000
560.530000
591.970000
586.880000
550.090000
573.400000
598.530000
552.560000
585.960000
563.020000
551.020000
564.750000
544.060000
588.500000
575.520000
573.690000
565.700000
554.540000
566.940000
580.460000
551.220000
576.110000
582.640000
561.660000
562.240000
581.230000
580.310000
579.300000
567.640000
579.810000
548.880000
568.850000
584.930000
562.350000
561.800000
579.180000
563.100000
588.820000
580.520000
578.290000
567.520000
565.400000
553.540000
606.930000
579.770000
606.800000
565.780000
606.290000
545.840000
589.090000
576.420000
579.710000
578.980000
547.320000
573.360000
585.970000
578.800000
548.770000
597.710000
581.080000
573.310000
594.370000
594.560000
569.820000
593.800000
563.750000
578.880000
586.480000
562.690000
585.770000
577.680000
585.090000
566.440000
574.000000
564.370000
546.310000
568.440000
604.880000
562.560000
581.860000
570.870000
590.210000
580.390000
576.420000
557.840000
582.540000
566.670000
607.200000
576.030000
592.620000
595.530000
564.720000
584.490000
560.430000
571.060000
587.710000
596.100000
575.060000
577.460000
593.750000
581.660000
582.020000
560.970000
569.560000
577.050000
573.250000
587.230000
581.840000
577.080000
558.600000
553.770000
587.270000
554.980000
592.120000
594.960000
573.640000
573.940000
561.930000
557.520000
583.620000
556.260000
612.710000
602.720000
621.570000
593.040000
586.330000
577.330000
585.700000
577.060000
589.360000
569.370000
550.890000
561.880000
591.560000
576.200000
586.440000
556.780000
553.150000
556.220000
576.700000
572.460000
574.490000
549.670000
551.950000
550.400000
547.440000
537.640000
527.060000
580.360000
532.990000
524.380000
521.070000
530.680000
547.550000
528.310000
526.560000
549.460000
545.900000
548.500000
539.170000
555.160000
560.460000
538.690000
567.040000
545.770000
521.340000
523.340000
521.540000
529.090000
572.580000
532.840000
553.860000
576.750000
584.980000
589.820000
547.160000
543.220000
564.800000
583.200000
541.760000
561.550000
536.330000
561.240000
536.460000
562.970000
528.770000
525.880000
553.340000
569.330000
568.040000
534.840000
542.640000
557.000000
564.210000
534.860000
545.020000
556.480000
576.740000
569.120000
545.100000
552.970000
566.830000
561.660000
574.270000
582.680000
546.130000
598.960000
599.790000
582.580000
604.660000
597.670000
556.880000
565.930000
579.810000
568.260000
582.570000
586.480000
575.020000
585.900000
596.700000
568.060000
583.850000
586.610000
579.660000
608.890000
606.420000
586.670000
578.050000
579.100000
599.420000
584.600000
581.520000
571.930000
613.290000
611.760000
572.120000
590.730000
557.900000
561.510000
557.160000
602.740000
592.600000
557.300000
564.300000
584.360000
577.530000
583.880000
568.460000
589.280000
563.120000
568.560000
609.310000
605.870000
581.390000
603.220000
585.120000
579.730000
605.120000
591.180000
616.040000
589.610000
594.340000
555.890000
544.320000
548.700000
546.690000
530.770000
522.980000
555.110000
521.600000
553.040000
571.680000
538.220000
548.490000
535.600000
535.010000
528.240000
523.560000
526.370000
545.780000
544.510000
533.020000
561.410000
543.820000
554.240000
575.960000
585.030000
552.770000
605.040000
552.630000
589.230000
569.650000
599.800000
561.640000
559.060000
570.590000
603.680000
551.860000
580.930000
605.000000
543.950000
562.970000
591.390000
559.710000
553.420000
558.120000
570.840000
564.300000
574.200000
567.380000
576.000000
551.250000
563.260000
550.040000
548.180000
565.580000
570.020000
568.850000
587.610000
564.310000
552.020000
554.760000
565.350000
580.310000
565.500000
562.420000
558.290000
569.780000
569.430000
571.200000
570.710000
559.770000
565.380000
589.880000
554.500000
597.340000
563.500000
593.960000
576.290000
559.750000
596.230000
558.600000
567.000000
569.100000
562.900000
564.010000
567.800000
566.530000
573.880000
561.240000
542.130000
570.940000
587.790000
554.310000
551.820000
549.430000
568.780000
571.590000
579.680000
551.470000
560.110000
559.890000
569.160000
574.500000
582.440000
586.030000
588.740000
569.440000
567.590000
593.340000
592.320000
563.750000
595.100000
583.790000
564.160000
575.320000
555.320000
577.090000
557.220000
567.140000
580.500000
552.800000
543.440000
561.290000
556.020000
575.980000
559.890000
564.300000
567.150000
542.780000
560.780000
564.060000
564.650000
557.470000
579.600000
563.760000
555.450000
566.720000
564.030000
545.290000
604.380000
582.360000
568.450000
556.530000
565.590000
557.230000
589.130000
582.830000
546.820000
583.660000
560.670000
601.430000
579.700000
569.330000
545.270000
568.270000
544.710000
552.080000
563.340000
558.890000
576.620000
562.510000
580.320000
546.230000
553.910000
577.450000
559.590000
571.490000
565.390000
590.030000
587.950000
562.650000
560.430000
566.490000
567.420000
543.170000
541.840000
558.760000
574.100000
579.400000
542.200000
563.880000
580.350000
569.360000
572.630000
576.450000
549.300000
561.790000
562.800000
570.810000
590.520000
585.940000
577.210000
568.710000
577.840000
553.550000
567.300000
558.920000
543.490000
570.770000
588.990000
556.380000
553.670000
553.660000
597.410000
569.410000
573.100000
573.060000
597.650000
578.270000
572.440000
552.760000
567.070000
560.300000
592.960000
569.500000
563.900000
571.360000
546.400000
575.400000
549.050000
566.500000
576.760000
554.780000
584.490000
565.230000
542.450000
538.120000
558.450000
562.920000
550.530000
556.890000
560.260000
529.200000
554.420000
566.690000
553.120000
570.540000
553.620000
539.010000
537.790000
570.200000
572.130000
547.010000
556.480000
552.770000
563.360000
560.440000
557.620000
569.260000
553.550000
568.290000
546.290000
547.600000
610.550000
566.060000
530.630000
554.730000
563.610000
554.060000
580.530000
557.070000
565.630000
600.930000
557.680000
588.930000
575.800000
601.190000
577.420000
530.200000
570.000000
592.300000
534.320000
554.860000
572.580000
561.650000
562.370000
535.240000
602.090000
571.280000
546.000000
567.400000
574.500000
578.590000
594.620000
590.520000
606.160000
593.460000
579.970000
591.180000
556.220000
553.320000
544.340000
577.430000
587.050000
576.430000
548.940000
563.100000
580.030000
558.540000
574.390000
543.190000
579.860000
538.600000
575.720000
557.820000
546.970000
559.940000
531.580000
585.560000
556.570000
582.430000
550.290000
588.780000
575.660000
569.200000
550.260000
577.910000
545.090000
566.030000
588.460000
555.080000
573.870000
559.660000
544.840000
550.110000
567.170000
566.780000
565.000000
553.410000
569.480000
549.540000
572.130000
568.080000
555.790000
556.840000
571.130000
578.280000
587.770000
550.110000
572.510000
563.670000
559.500000
580.940000
560.320000
583.560000
557.480000
568.290000
553.240000
527.150000
564.840000
567.240000
545.860000
570.250000
564.850000
565.600000
562.890000
613.810000
565.840000
560.280000
579.880000
552.950000
594.210000
589.890000
563.640000
545.370000
562.390000
559.740000
545.540000
588.310000
547.180000
550.380000
548.100000
592.360000
572.840000
550.760000
560.130000
590.670000
534.650000
553.070000
548.120000
578.630000
568.310000
562.020000
574.750000
562.260000
589.470000
546.440000
567.640000
552.990000
555.290000
578.690000
552.820000
563.430000
565.280000
581.340000
552.070000
571.710000
574.960000
551.470000
581.190000
553.100000
559.610000
552.040000
554.100000
552.110000
553.920000
572.980000
552.110000
577.630000
583.590000
546.730000
573.580000
553.750000
583.740000
565.600000
554.910000
577.980000
557.500000
559.790000
570.380000
543.370000
550.940000
595.480000
560.530000
560.550000
566.560000
549.310000
565.770000
581.750000
544.200000
574.520000
551.750000
556.860000
584.140000
545.330000
580.940000
572.330000
579.540000
568.220000
549.820000
553.580000
567.660000
591.770000
555.620000
563.980000
558.400000
578.400000
556.140000
547.140000
558.450000
561.630000
544.850000
562.660000
598.980000
561.240000
555.840000
559.500000
564.360000
563.750000
537.030000
582.460000
566.360000
600.780000
554.300000
573.540000
578.880000
547.580000
540.570000
545.710000
560.140000
572.860000
589.050000
581.370000
555.420000
566.700000
583.720000
562.730000
564.360000
568.990000
587.840000
562.560000
572.140000
565.590000
551.620000
556.570000
550.850000
548.780000
587.330000
573.830000
585.730000
548.350000
555.050000
590.080000
567.440000
568.580000
570.060000
561.550000
592.640000
559.150000
584.320000
584.660000
574.760000
558.450000
556.470000
555.750000
559.420000
564.700000
579.810000
583.300000
562.190000
568.960000
559.700000
573.600000
538.650000
575.680000
560.130000
567.960000
563.230000
553.720000
556.450000
562.600000
570.410000
573.570000
573.550000
568.670000
574.140000
559.730000
550.530000
536.270000
560.130000
566.840000
579.950000
604.710000
572.890000
552.570000
552.780000
573.890000
565.180000
566.130000
563.920000
561.280000
560.250000
562.220000
591.840000
597.640000
578.610000
598.030000
543.480000
568.550000
585.680000
552.500000
588.470000
575.950000
585.260000
567.700000
575.670000
608.380000
577.740000
603.180000
565.920000
557.350000
563.300000
543.260000
561.300000
554.160000
557.000000
572.380000
613.290000
546.860000
549.560000
558.340000
592.060000
546.880000
558.280000
566.110000
564.570000
576.620000
596.480000
588.630000
573.180000
566.740000
553.440000
552.300000
560.670000
554.530000
574.930000
579.760000
568.670000
578.350000
578.940000
536.180000
559.640000
568.620000
590.760000
608.420000
546.970000
573.630000
605.570000
560.240000
570.520000
569.560000
565.250000
545.210000
550.120000
543.300000
548.790000
564.140000
559.360000
576.590000
563.810000
630.830000
559.300000
544.340000
579.780000
565.030000
550.820000
537.110000
580.330000
546.740000
561.110000
574.710000
572.990000
551.560000
560.440000
547.940000
545.020000
558.620000
552.400000
549.970000
575.420000
553.710000
566.910000
566.760000
567.210000
577.800000
582.010000
592.480000
576.820000
604.380000
560.740000
622.480000
599.640000
584.180000
566.720000
582.600000
592.000000
548.060000
562.380000
565.950000
556.250000
571.200000
567.060000
558.180000
550.960000
563.300000
571.610000
585.040000
564.010000
555.120000
551.160000
556.620000
561.260000
563.870000
586.670000
568.380000
555.720000
549.340000
535.980000
573.390000
576.900000
548.580000
552.420000
555.800000
560.000000
559.620000
550.010000
558.850000
567.230000
585.300000
550.050000
559.900000
565.240000
578.040000
559.800000
580.690000
578.140000
550.780000
557.120000
539.060000
547.840000
569.930000
571.120000
558.030000
573.480000
587.700000
606.160000
567.240000
543.410000
583.390000
584.880000
583.470000
578.820000
583.690000
569.010000
579.240000
571.770000
605.240000
565.140000
574.690000
583.360000
566.990000
578.040000
561.980000
589.070000
583.330000
572.880000
582.240000
591.810000
597.680000
609.600000
557.380000
577.030000
584.580000
576.330000
572.070000
580.370000
567.250000
544.720000
566.930000
589.380000
563.220000
564.860000
571.310000
565.920000
582.300000
572.900000
565.790000
549.960000
567.360000
585.140000
561.380000
549.130000
569.330000
565.160000
590.470000
574.600000
561.130000
554.330000
576.400000
569.850000
543.700000
559.220000
584.740000
563.940000
597.640000
559.160000
563.350000
557.180000
567.550000
569.830000
557.890000
554.840000
583.140000
558.790000
563.140000
578.480000
564.410000
567.410000
566.470000
563.940000
545.130000
536.950000
573.760000
559.220000
599.490000
616.520000
565.980000
565.770000
581.080000
587.030000
552.220000
536.350000
561.840000
549.690000
544.440000
561.060000
564.920000
581.560000
555.740000
564.530000
570.650000
554.080000
587.140000
562.960000
572.860000
542.650000
559.750000
554.070000
544.790000
568.540000
566.910000
566.640000
558.300000
534.720000
547.860000
566.450000
555.740000
543.620000
540.650000
562.680000
551.040000
550.310000
552.200000
568.560000
570.610000
589.540000
580.000000
580.860000
599.030000
553.710000
569.920000
584.540000
576.430000
549.730000
549.090000
591.430000
559.060000
579.600000
550.100000
554.870000
556.880000
556.700000
585.440000
583.060000
588.270000
549.250000
540.560000
573.670000
553.060000
561.920000
544.720000
562.960000
544.010000
575.240000
594.430000
550.660000
576.230000
573.760000
594.990000
561.960000
583.670000
573.320000
575.870000
567.980000
573.920000
558.180000
564.080000
551.320000
550.110000
581.310000
577.800000
586.160000
579.370000
564.710000
554.560000
547.670000
549.190000
556.240000
583.960000
559.980000
565.110000
562.700000
553.200000
556.980000
610.040000
562.160000
578.470000
563.010000
544.360000
592.170000
547.630000
564.980000
566.110000
585.140000
544.400000
573.040000
545.610000
568.390000
571.100000
599.330000
593.510000
562.280000
576.660000
567.430000
571.370000
578.860000
594.090000
558.880000
571.290000
580.730000
596.050000
563.870000
585.760000
591.830000
556.570000
594.760000
621.200000
581.260000
550.880000
590.860000
565.530000
580.180000
570.170000
582.330000
557.670000
568.160000
571.700000
561.370000
572.770000
544.420000
559.890000
557.610000
552.720000
551.940000
551.410000
578.590000
571.970000
557.770000
555.000000
566.430000
559.830000
569.180000
556.150000
548.830000
567.800000
535.900000
579.420000
524.660000
569.220000
554.640000
555.540000
553.140000
547.410000
551.470000
581.240000
557.140000
544.260000
580.470000
535.790000
537.610000
522.540000
556.010000
570.160000
596.880000
576.380000
574.430000
563.190000
570.500000
566.230000
581.820000
567.940000
562.440000
575.650000
574.370000
585.280000
563.140000
577.870000
581.140000
576.130000
589.360000
571.590000
551.300000
576.580000
562.570000
568.480000
573.850000
583.370000
565.620000
554.240000
564.230000
546.630000
566.100000
590.940000
574.040000
580.360000
594.180000
589.180000
567.020000
601.540000
595.750000
575.320000
571.720000
548.610000
576.590000
570.350000
562.120000
561.590000
556.560000
557.780000
545.650000
567.580000
554.670000
605.750000
544.190000
560.770000
551.930000
571.880000
560.170000
565.300000
582.300000
562.020000
575.600000
592.940000
566.010000
533.520000
555.000000
533.650000
570.800000
552.210000
551.240000
557.740000
546.940000
554.590000
550.200000
562.980000
575.820000
569.460000
571.900000
582.190000
580.860000
547.000000
575.980000
558.250000
543.110000
563.310000
572.960000
551.160000
550.030000
568.090000
572.140000
553.430000
560.400000
532.690000
574.440000
563.920000
574.020000
541.050000
568.930000
578.620000
549.400000
525.450000
548.280000
567.600000
536.870000
559.450000
558.920000
541.680000
581.210000
556.200000
552.400000
539.770000
561.220000
553.540000
557.620000
559.660000
556.460000
555.320000
554.520000
541.850000
548.640000
550.210000
579.740000
560.910000
560.610000
551.220000
550.840000
564.440000
572.120000
556.280000
560.430000
577.440000
557.190000
559.460000
547.700000
567.420000
570.680000
550.580000
549.890000
558.840000
548.790000
558.520000
579.870000
589.980000
582.970000
561.720000
578.510000
589.800000
578.900000
582.420000
581.840000
570.670000
589.410000
614.320000
585.660000
563.400000
595.300000
596.670000
577.460000
576.680000
595.360000
589.260000
574.930000
581.680000
574.780000
571.220000
572.040000
573.740000
552.250000
562.420000
587.040000
572.710000
591.440000
599.120000
587.660000
569.430000
589.140000
577.860000
588.840000
566.320000
585.060000
567.490000
599.090000
558.910000
548.080000
580.350000
550.400000
583.410000
556.190000
588.670000
565.480000
585.390000
555.820000
564.360000
577.160000
572.660000
560.950000
563.270000
551.390000
563.760000
573.970000
571.330000
584.320000
557.370000
578.150000
586.240000
554.610000
577.570000
571.930000
566.260000
553.680000
586.320000
578.330000
577.700000
552.410000
581.120000
584.570000
560.250000
564.040000
575.230000
562.220000
565.350000
591.540000
552.270000
549.900000
560.910000
555.030000
563.410000
580.750000
575.570000
546.300000
585.740000
595.900000
545.330000
544.800000
573.890000
568.180000
563.620000
584.340000
584.630000
573.260000
575.570000
548.280000
567.990000
559.520000
572.470000
594.270000
582.440000
595.910000
566.720000
567.250000
589.450000
572.720000
543.420000
559.580000
552.510000
551.170000
582.970000
576.400000
585.700000
580.230000
571.690000
576.470000
569.640000
562.900000
565.720000
596.640000
582.230000
595.080000
609.080000
563.150000
575.190000
606.920000
588.540000
566.410000
588.060000
613.350000
598.140000
612.370000
634.790000
581.260000
600.160000
576.540000
603.310000
592.230000
615.060000
605.520000
618.500000
583.490000
609.570000
606.570000
560.710000
564.980000
542.670000
575.350000
605.900000
544.770000
552.090000
549.730000
572.190000
558.620000
553.570000
549.170000
557.280000
566.040000
578.200000
588.920000
551.600000
554.240000
572.990000
577.260000
559.820000
572.820000
565.800000
579.600000
563.020000
521.210000
572.260000
551.590000
554.830000
544.660000
568.620000
548.400000
537.410000
567.590000
545.910000
568.010000
584.320000
543.590000
552.040000
533.320000
546.160000
537.570000
584.070000
568.370000
532.860000
545.520000
557.020000
569.620000
544.870000
537.890000
532.520000
585.180000
546.820000
546.820000
542.610000
567.830000
522.510000
554.070000
552.480000
573.130000
567.740000
548.720000
566.270000
561.600000
537.140000
597.700000
527.790000
544.670000
566.410000
595.660000
562.020000
544.470000
569.250000
593.680000
531.150000
537.220000
583.360000
561.180000
553.060000
599.300000
545.350000
547.520000
555.180000
556.960000
561.260000
566.600000
565.380000
536.780000
553.000000
570.660000
543.160000
561.020000
565.510000
563.180000
592.680000
570.140000
560.230000
561.350000
573.210000
598.120000
613.720000
566.350000
585.300000
582.820000
567.690000
584.560000
592.900000
547.300000
555.160000
535.160000
552.320000
551.160000
575.690000
558.560000
563.090000
582.600000
528.850000
579.080000
548.970000
599.620000
574.120000
563.800000
553.700000
556.590000
567.540000
552.870000
541.500000
540.400000
547.220000
577.830000
584.660000
556.650000
564.750000
556.600000
570.340000
558.870000
535.120000
569.000000
539.820000
566.360000
574.650000
548.940000
551.560000
536.400000
569.560000
556.270000
577.940000
585.440000
576.050000
570.190000
552.870000
573.720000
571.450000
554.760000
574.810000
577.180000
592.700000
579.380000
564.310000
564.770000
586.920000
591.010000
575.600000
567.350000
587.640000
583.580000
558.480000
556.720000
611.320000
561.190000
539.150000
588.540000
564.550000
577.910000
554.720000
542.200000
554.560000
571.960000
564.980000
537.500000
544.720000
553.920000
561.560000
595.290000
546.660000
578.560000
561.160000
533.880000
586.570000
543.620000
578.310000
562.660000
557.240000
578.900000
552.190000
591.110000
568.670000
571.740000
547.580000
576.000000
561.240000
578.230000
574.630000
546.160000
587.050000
547.030000
571.220000
551.810000
543.380000
556.410000
565.420000
574.490000
554.450000
565.490000
560.150000
555.710000
546.350000
573.500000
564.140000
602.910000
579.640000
571.710000
590.540000
552.840000
576.440000
571.690000
569.540000
579.150000
556.060000
595.620000
555.530000
564.450000
604.560000
561.400000
601.550000
594.490000
597.900000
578.020000
599.900000
608.900000
584.800000
585.830000
585.040000
569.250000
591.470000
614.930000
591.340000
583.840000
589.050000
579.150000
586.740000
561.030000
605.350000
580.230000
568.630000
561.120000
557.430000
573.840000
588.400000
581.110000
580.290000
564.900000
558.550000
565.550000
585.100000
544.140000
546.400000
592.820000
575.790000
567.460000
566.630000
548.230000
576.670000
598.530000
558.940000
554.800000
552.070000
551.750000
535.190000
522.470000
527.310000
555.540000
542.220000
549.460000
533.080000
530.880000
521.260000
563.640000
535.150000
527.120000
531.730000
529.420000
531.620000
539.710000
528.600000
533.030000
555.660000
537.090000
569.570000
543.660000
545.180000
546.830000
539.530000
566.260000
568.720000
542.710000
546.030000
558.330000
557.080000
575.800000
555.570000
584.530000
569.860000
596.430000
575.220000
551.650000
578.140000
547.160000
545.780000
564.680000
551.000000
544.700000
585.040000
549.920000
533.440000
565.460000
544.800000
538.600000
537.690000
539.650000
563.300000
543.260000
596.750000
572.650000
551.940000
562.920000
562.660000
553.850000
566.800000
593.450000
581.960000
566.720000
569.760000
540.020000
574.840000
577.280000
560.650000
582.890000
571.430000
530.650000
588.680000
558.340000
534.590000
544.620000
548.240000
537.370000
581.860000
543.570000
561.020000
584.640000
558.450000
559.350000
577.840000
564.200000
582.230000
565.790000
600.190000
551.370000
572.920000
532.550000
577.610000
591.980000
584.910000
574.580000
583.630000
570.950000
545.080000
596.290000
594.030000
575.200000
547.390000
577.210000
578.160000
585.460000
609.340000
605.900000
610.460000
617.510000
591.940000
572.930000
557.380000
548.320000
529.400000
545.270000
542.960000
552.780000
567.680000
562.620000
521.900000
538.820000
565.570000
548.120000
552.340000
532.660000
533.100000
523.890000
529.800000
531.960000
563.220000
548.580000
524.900000
540.070000
537.990000
560.660000
537.150000
524.160000
523.930000
573.680000
530.370000
559.400000
543.970000
525.890000
554.960000
523.350000
557.120000
533.890000
521.830000
533.150000
548.570000
547.800000
526.670000
528.000000
526.890000
535.590000
531.980000
553.990000
521.500000
547.810000
557.760000
549.170000
548.540000
569.440000
552.780000
562.080000
553.820000
567.040000
572.840000
586.240000
566.740000
551.200000
565.620000
547.400000
563.150000
562.490000
562.620000
576.010000
581.750000
564.740000
565.540000
601.120000
560.290000
555.440000
592.800000
586.410000
574.650000
565.870000
555.960000
571.160000
593.730000
583.670000
578.980000
576.820000
586.400000
576.280000
574.590000
595.250000
570.380000
580.420000
567.920000
566.140000
582.660000
573.470000
558.470000
583.820000
605.930000
571.830000
587.990000
585.890000
586.190000
